,carat,cut,color,clarity,depth,table,price,x,y,z
0,-0.20662095444956474,-1.5681864291091574,-1.4320155892949833,-1.2448467036897353,-1.639949539833262,2.4805956061543566,0.13180683206715188,0.05245622465022072,-0.003962752222904903,-0.1682514849079909
1,-0.2699111789847672,-0.751550405261657,-0.9065714146983955,-0.8310638202256104,2.0595969206783815,-1.0996719906799632,0.08840248631992775,-0.20606832172799786,-0.170319457386819,0.044305742727351584
2,-1.0293938734071988,0.06508561858584352,-0.38112724010180754,-1.2448467036897353,0.38433059893725724,-1.0996719906799632,0.030441481166657812,-1.2223372281803049,-1.2209933847378536,-1.1743556957152792
3,-0.20662095444956474,-1.5681864291091574,0.14431693449478036,-0.4172809367614856,-0.17409150830978082,0.2429283581329067,0.20650268288795623,-0.07234872877374655,-0.03022960040668098,-0.0690581120114973
4,0.4473780324141958,0.8817216424333439,0.6697611090913683,-0.0034980532973608127,-0.17409150830978082,-0.2046050914713833,0.15385432715295116,0.6497370731792083,0.6264416041877154,0.6111250164215991
5,0.257507358808588,-0.751550405261657,-1.4320155892949833,0.410284830166764,-1.988963356862662,-0.2046050914713833,0.234075333368751,0.5516760383460907,0.5651522917589049,0.29937441588976293
6,-0.8184264582898567,0.8817216424333439,0.6697611090913683,0.410284830166764,-0.38349979852741883,-0.6521385410756733,0.05610157785687722,-0.8568370074386863,-0.8094794298586986,-0.8626050951834432
7,-1.0082971318954645,0.8817216424333439,1.1952052836879563,-0.4172809367614856,0.24472507212550018,-1.0996719906799632,0.04877012165967168,-1.1866786700591714,-1.11592599200275,-1.1176737683458546
8,0.4262812909024616,-0.751550405261657,-0.9065714146983955,-0.8310638202256104,1.7803858670548574,1.1379952573414867,0.21064654943420283,0.4357857244524066,0.39879558659499154,0.6394659801063115
9,-0.6707492677077173,0.06508561858584352,-1.4320155892949833,-1.2448467036897353,-0.9419219057744619,2.033062156550067,0.06120172129841152,-0.5893978215301837,-0.6168558765110084,-0.6925593130751695
10,-0.3964916280551725,-0.751550405261657,-1.4320155892949833,-0.8310638202256104,0.9427527061843003,-0.6521385410756733,0.07480210380916963,-0.2952147170308315,-0.2578756179994049,-0.1682514849079909
11,-0.05894376386742515,0.06508561858584352,0.6697611090913683,0.410284830166764,-1.0117246691803428,0.2429283581329067,0.12617542368379112,0.2040050966650384,0.17990518506352607,0.07264670641206396
12,-0.6074590431725145,0.8817216424333439,-0.9065714146983955,0.410284830166764,-0.5929080887450618,-0.6521385410756733,0.09493704510439356,-0.5091660657576332,-0.4767660195308704,-0.5508544946516076
13,-1.0082971318954645,0.8817216424333439,-1.4320155892949833,0.8240677136308887,-0.03448598149801883,-0.6521385410756733,0.04026988259044786,-1.1955933095894553,-1.1509484562477845,-1.1601852138729227
14,-1.1770710639893383,-1.5681864291091574,-1.4320155892949833,1.2378505970950135,1.1521609964019384,-0.2046050914713833,0.02539446421930617,-1.623496007043058,-1.5624624111269394,-1.4861062962471148
15,0.5739584814846012,0.8817216424333439,-1.4320155892949833,0.410284830166764,-1.221132959397981,-0.6521385410756733,0.3819794931732455,0.8102005847243092,0.7752870772291119,0.6252954982639549
16,-0.1855242129378305,0.06508561858584352,1.1952052836879563,-0.8310638202256104,0.1749223087196192,-1.0996719906799632,0.12548477925941667,0.03462694558965351,-0.021473984345422546,0.03013526088499571
17,-0.08004050537915937,0.8817216424333439,0.6697611090913683,1.2378505970950135,0.3145278355313812,-1.0996719906799632,0.14625723848483238,0.14160261995305437,0.11861587263471549,0.17184007930855758
18,1.5022151080009063,0.06508561858584352,1.1952052836879563,-0.8310638202256104,-1.221132959397981,1.1379952573414867,0.3328906125484779,1.532286386677265,1.4582251300072844,1.3338195903817645
19,-0.20662095444956474,0.06508561858584352,1.7206494582845442,0.8240677136308887,-1.5003440130215,2.033062156550067,0.10375604313871328,0.03462694558965351,-0.03022960040668098,-0.1682514849079909
20,-1.0082971318954645,-1.5681864291091574,-0.38112724010180754,1.6516334805591384,1.1521609964019384,-0.6521385410756733,0.043988737183233276,-1.2134225886500216,-1.2209933847378536,-1.1035032865034986
21,1.5022151080009063,0.8817216424333439,-0.38112724010180754,-0.8310638202256104,-0.03448598149801883,-0.2046050914713833,0.3391595388620305,1.478798549495564,1.4232026657622499,1.4330129632782567
22,-1.0082971318954645,0.8817216424333439,-0.9065714146983955,0.410284830166764,-0.10428874490389983,-0.6521385410756733,0.05163895234553472,-1.1866786700591714,-1.1947265365540773,-1.1885261775576352
23,-1.050490614918933,0.8817216424333439,-1.4320155892949833,1.6516334805591384,-0.17409150830978082,-1.0996719906799632,0.03883546724751634,-1.2490811467711553,-1.212237768676595,-1.231037623084704
24,1.6076988155595773,-1.5681864291091574,-0.38112724010180754,0.410284830166764,0.9427527061843003,1.1379952573414867,0.5864633692822611,1.5144571076166977,1.4056914336397324,1.588888263544175
25,1.059183536254488,0.06508561858584352,-0.9065714146983955,-0.8310638202256104,-1.081527432586219,0.6904618077371967,0.3719917122669075,1.1311276078145118,1.1517785678632324,0.97955754432286
26,0.4262812909024616,-0.751550405261657,0.14431693449478036,-1.2448467036897353,1.6407803402430954,1.1379952573414867,0.2436381023216278,0.462529643043257,0.39879558659499154,0.6394659801063115
27,-0.9661036488719961,0.8817216424333439,-0.9065714146983955,-0.0034980532973608127,-0.24389427171566183,-1.0996719906799632,0.02194124209743399,-1.0975322747563376,-1.0633922956351987,-1.0893328046611421
28,0.3418943248555247,0.06508561858584352,-1.4320155892949833,-0.8310638202256104,-2.477582700703819,0.2429283581329067,0.23705041704297933,0.7032249103609084,0.6439528363102324,0.3418858614168312
29,0.9536998286958168,0.8817216424333439,-1.4320155892949833,0.410284830166764,-0.7325136155568189,-0.6521385410756733,0.6068108165542155,1.1043836892236614,1.0992448714956808,0.9937280261652158
30,0.4473780324141958,-1.5681864291091574,0.6697611090913683,-0.8310638202256104,0.24472507212550018,-0.6521385410756733,0.2002868830685863,0.6051638755277915,0.6264416041877154,0.6394659801063115
31,2.5359554420758825,0.06508561858584352,-0.38112724010180754,-0.8310638202256104,-1.988963356862662,-0.2046050914713833,0.6486744939701429,2.1028233166154022,46.54964784548917,6.406852089945274
32,3.1477609459161746,0.06508561858584352,1.7206494582845442,-0.4172809367614856,-0.24389427171566183,1.1379952573414867,0.9878340328321734,2.459408897826738,2.3775648164394387,2.3540942830314084
33,1.396731400442235,0.8817216424333439,-1.4320155892949833,-0.8310638202256104,0.38433059893725724,-1.0996719906799632,0.4473782075120863,1.3896521541927305,1.3268908890884048,1.404671999593545
34,-0.6074590431725145,0.06508561858584352,0.14431693449478036,-0.8310638202256104,0.8031471793725382,0.6904618077371967,0.05078892843861234,-0.5537392634090501,-0.5818334122659738,-0.4800020854398264
35,-1.0082971318954645,0.8817216424333439,0.14431693449478036,1.2378505970950135,-0.03448598149801883,-0.6521385410756733,0.0525952292408224,-1.1688493909986049,-1.1684596883703013,-1.1601852138729227
36,0.046539943691245755,0.8817216424333439,0.6697611090913683,-1.2448467036897353,0.035316781907857205,-1.0996719906799632,0.15720129628645807,0.23966365478617205,0.2587057296148535,0.25686297036269473
37,0.7638291550902088,0.8817216424333439,-0.9065714146983955,1.6516334805591384,0.1051195453137382,-1.0996719906799632,0.6541996493651384,0.8815177009665764,0.8978657020867323,0.8945346532687222
38,-0.1011372468908936,0.06508561858584352,1.1952052836879563,-0.8310638202256104,0.8729499427784192,0.2429283581329067,0.11953461191096,0.07028550371078714,0.031059712022128826,0.11515815193913284
39,1.5444085910243748,0.06508561858584352,0.6697611090913683,0.8240677136308887,-0.38349979852741883,0.6904618077371967,0.5462466131859959,1.4966278285561312,1.4494695139460252,1.404671999593545
40,-0.8395231998015908,0.06508561858584352,-1.4320155892949833,-1.2448467036897353,-1.1513301959920998,0.6904618077371967,0.050204537002603196,-0.8122638097872686,-0.8532575101649915,-0.9334575043952245
41,-0.5863623016607803,0.8817216424333439,-1.4320155892949833,0.410284830166764,0.1051195453137382,-0.6521385410756733,0.09642458694150773,-0.5091660657576332,-0.5380553319596809,-0.5083430491245388
42,-0.1855242129378305,0.8817216424333439,-0.9065714146983955,-0.8310638202256104,0.4541333623431382,-1.0996719906799632,0.13175370557296923,-0.018860891592046524,0.0047928638383535295,0.044305742727351584
43,-0.1644274714260963,0.06508561858584352,1.7206494582845442,-1.2448467036897353,-0.5929080887450618,-0.2046050914713833,0.08388673431440259,0.09702942230163755,0.03981532808338804,0.0017942972002833347
44,-0.5019753356138434,-0.751550405261657,-1.4320155892949833,0.8240677136308887,-1.360738486209743,1.5855287069457766,0.10364979015034798,-0.3397879146822491,-0.3279205464894739,-0.4800020854398264
45,2.5359554420758825,0.06508561858584352,1.1952052836879563,-0.8310638202256104,-0.7325136155568189,1.1379952573414867,0.5755193114806354,2.1384818747365366,2.044851406111612,1.9573207914454354
46,-1.0082971318954645,0.8817216424333439,1.1952052836879563,1.6516334805591384,0.5937388891549003,-0.2046050914713833,0.038782340753333686,-1.240166507240872,-1.185970920492819,-1.146014732030567
47,-0.755136233754654,0.8817216424333439,-0.9065714146983955,0.8240677136308887,-0.10428874490389983,-0.6521385410756733,0.06561122031557137,-0.785519891196419,-0.7131676531848535,-0.7492412404445943
48,-0.12223398840262782,-1.5681864291091574,-1.4320155892949833,0.410284830166764,0.035316781907857205,0.2429283581329067,0.16894225150082345,0.05245622465022072,0.07483779232842254,0.07264670641206396
49,-1.0082971318954645,-1.5681864291091574,0.14431693449478036,-1.2448467036897353,-0.7325136155568189,2.033062156550067,0.026403867608776495,-1.1866786700591714,-1.142192840186526,-1.2168671412423475
50,-1.0082971318954645,0.06508561858584352,1.1952052836879563,1.6516334805591384,-0.38349979852741883,0.6904618077371967,0.038782340753333686,-1.1955933095894553,-1.1334372241252668,-1.1885261775576352
51,-0.6285557846842488,-0.751550405261657,-0.9065714146983955,0.410284830166764,1.6407803402430954,1.5855287069457766,0.07448334484407373,-0.6696295773027342,-0.6343671086335261,-0.4800020854398264
52,-0.8395231998015908,-1.5681864291091574,-0.38112724010180754,1.6516334805591384,-1.430541249615619,-0.2046050914713833,0.04685756786909632,-0.8033491702569854,-0.7744569656136641,-0.9192870225528679
53,0.5317649984611327,0.06508561858584352,0.14431693449478036,-1.2448467036897353,0.035316781907857205,-0.6521385410756733,0.2952239281729799,0.7299688289517587,0.6264416041877154,0.681977425633379
54,-1.0082971318954645,0.8817216424333439,-0.38112724010180754,1.2378505970950135,-0.10428874490389983,-1.0996719906799632,0.038782340753333686,-1.1866786700591714,-1.142192840186526,-1.1601852138729227
55,2.831309823240162,1.6983576662808442,0.14431693449478036,-0.8310638202256104,2.1293996840842575,1.1379952573414867,0.7344737820751208,2.1206525956759683,1.9835620936828013,2.3824352467161205
56,0.784925896601943,0.8817216424333439,1.7206494582845442,-1.2448467036897353,0.24472507212550018,-0.2046050914713833,0.2452850236412899,0.8993469800271436,0.9416437823930253,0.951216580638147
57,0.23641061729685378,0.06508561858584352,-1.4320155892949833,-0.8310638202256104,-0.4533025619332999,0.6904618077371967,0.1933273123306593,0.4536150035129738,0.40755120265625,0.3702268251015436
58,0.6794421890432724,0.06508561858584352,-0.38112724010180754,-1.2448467036897353,-0.10428874490389983,0.6904618077371967,0.284917388301546,0.8369445033151597,0.7840426932903704,0.7953412803722286
59,-1.050490614918933,-1.5681864291091574,-0.38112724010180754,1.6516334805591384,1.2219637598078192,-1.0996719906799632,0.04122615948573553,-1.293654344422572,-1.299793929289181,-1.1743556957152792
60,0.23641061729685378,-1.5681864291091574,-0.38112724010180754,-0.8310638202256104,-2.337977173892062,2.4805956061543566,0.1810550921744674,0.4981882011643906,0.44257366690128447,0.17184007930855758
61,1.481118366489172,0.06508561858584352,1.1952052836879563,-0.8310638202256104,0.24472507212550018,1.1379952573414867,0.3770918557084418,1.4342253518441472,1.353157737272181,1.4188424814359009
62,0.46847477392593007,-1.5681864291091574,0.14431693449478036,-1.2448467036897353,1.2219637598078192,-0.2046050914713833,0.2485257397864315,0.5962492359975082,0.5388854435751288,0.7244888711604479
63,-1.050490614918933,-1.5681864291091574,1.1952052836879563,1.6516334805591384,-1.430541249615619,2.4805956061543566,0.04351059873558944,-1.2134225886500216,-1.2209933847378536,-1.330230995981197
64,0.5528617399728669,0.8817216424333439,0.6697611090913683,-1.2448467036897353,0.035316781907857205,-1.0996719906799632,0.30266163735855073,0.7210541894214756,0.731508996922819,0.7103183893180921
65,-1.050490614918933,0.8817216424333439,-0.9065714146983955,0.410284830166764,0.035316781907857205,-1.0996719906799632,0.04839823620039314,-1.240166507240872,-1.256015848982888,-1.231037623084704
66,1.5655053325361088,0.06508561858584352,-0.38112724010180754,-0.0034980532973608127,0.1749223087196192,1.1379952573414867,0.2694044520002125,1.4877131890258481,1.3881802015172156,1.4471834451206125
67,2.5570521835876163,0.06508561858584352,-0.38112724010180754,0.410284830166764,0.5937388891549003,0.2429283581329067,0.8178823779418796,2.0493354794337013,1.93102839731525,2.0706846461842847
68,0.9958933117192852,0.06508561858584352,0.6697611090913683,-1.2448467036897353,-0.5929080887450618,0.6904618077371967,0.30228975189927215,1.1222129682842286,1.055466791189388,0.9937280261652158
69,-0.6074590431725145,1.6983576662808442,0.14431693449478036,-1.2448467036897353,2.687821791331295,-1.5472054402842532,0.05588907188014663,-0.5893978215301837,-0.6256114925722677,-0.3241267851739087
70,1.6498922985830458,0.8817216424333439,0.14431693449478036,-1.2448467036897353,-0.10428874490389983,-1.0996719906799632,0.673165807788344,1.5946888633892482,1.607070603048681,1.5747177817018192
71,-0.12223398840262782,0.8817216424333439,0.6697611090913683,1.6516334805591384,-0.31369703512154284,-0.2046050914713833,0.16628592679169102,0.07920014324107114,0.10110464051219785,0.044305742727351584
72,-1.0082971318954645,0.06508561858584352,1.7206494582845442,0.410284830166764,0.1051195453137382,0.2429283581329067,0.02087871221378101,-1.2312518677105888,-1.185970920492819,-1.1885261775576352
73,-1.0082971318954645,-0.751550405261657,0.6697611090913683,0.410284830166764,1.1521609964019384,-1.0996719906799632,0.02385379588800935,-1.2490811467711553,-1.1947265365540773,-1.1035032865034986
74,0.46847477392593007,0.06508561858584352,0.14431693449478036,-0.8310638202256104,0.6635416525607812,0.6904618077371967,0.22456569091005685,0.6408224336489251,0.5651522917589049,0.681977425633379
75,-0.8395231998015908,0.8817216424333439,0.14431693449478036,-1.2448467036897353,0.1749223087196192,-0.2046050914713833,0.036869786962758326,-0.9014102050901031,-0.8532575101649915,-0.8484346133410873
76,-0.8606199413133251,-1.5681864291091574,-0.9065714146983955,1.6516334805591384,0.8031471793725382,0.2429283581329067,0.06545184083302343,-0.9905566003929368,-0.9408136707775774,-0.8767755770257997
77,-1.050490614918933,0.8817216424333439,-0.9065714146983955,-1.2448467036897353,0.1749223087196192,-1.9947388898885432,0.027838282951708017,-1.2490811467711553,-1.212237768676595,-1.2026966593999917
78,-0.5019753356138434,-1.5681864291091574,1.7206494582845442,0.410284830166764,-0.8023163789626999,-0.2046050914713833,0.06545184083302343,-0.3397879146822491,-0.31040931436695707,-0.40914967622804577
79,-0.5652655601490462,0.8817216424333439,-0.9065714146983955,0.410284830166764,0.3145278355313812,-0.6521385410756733,0.09610582797641183,-0.5002514262273501,-0.4855216355921296,-0.451661121755114
80,0.46847477392593007,0.06508561858584352,0.6697611090913683,0.410284830166764,0.1749223087196192,0.2429283581329067,0.2368910375604314,0.6319077941186418,0.6439528363102324,0.6536364619486673
81,-0.8395231998015908,0.06508561858584352,-0.9065714146983955,1.6516334805591384,-0.6627108521509428,0.6904618077371967,0.07028635180364448,-0.8211784493175527,-0.8532575101649915,-0.8909460588681556
82,0.8060226381136772,0.8817216424333439,-0.9065714146983955,-1.2448467036897353,0.1051195453137382,-1.0996719906799632,0.38336078202199436,0.9528348172088437,0.8978657020867323,0.937046098795791
83,0.4473780324141958,-0.751550405261657,-0.38112724010180754,-0.8310638202256104,1.5011748134313383,0.2429283581329067,0.21032779046910693,0.5516760383460907,0.5126185953913535,0.7244888711604479
84,-0.8184264582898567,0.8817216424333439,-1.4320155892949833,0.410284830166764,0.035316781907857205,-0.6521385410756733,0.04967327206077671,-0.8835809260295359,-0.8357462780424739,-0.8484346133410873
85,-0.14333072991436205,0.06508561858584352,-0.38112724010180754,-0.8310638202256104,0.5239361257490193,0.2429283581329067,0.11868458800403761,-0.0010316125314793153,-0.03898521646793941,0.044305742727351584
86,0.6794421890432724,0.06508561858584352,0.6697611090913683,0.410284830166764,0.4541333623431382,0.2429283581329067,0.22955958136322585,0.801285945194026,0.7490202290453358,0.8378527258992975
87,-1.0082971318954645,-1.5681864291091574,-1.4320155892949833,0.8240677136308887,1.5709775768372194,-0.6521385410756733,0.0334696913350688,-1.2490811467711553,-1.2034821526153359,-1.0751623228187863
88,1.0169900532310194,0.06508561858584352,1.1952052836879563,0.410284830166764,-0.10428874490389983,0.2429283581329067,0.47144450937682625,1.1489568868750781,1.0904892554344225,1.0929213990617082
89,-0.5863623016607803,0.8817216424333439,1.1952052836879563,1.6516334805591384,0.6635416525607812,-1.0996719906799632,0.10125909791212878,-0.5448246238787668,-0.5117884837759049,-0.451661121755114
90,0.8693128626488799,0.06508561858584352,0.6697611090913683,0.8240677136308887,0.1051195453137382,0.2429283581329067,0.30489295011422196,0.91717625908771,0.9416437823930253,0.937046098795791
91,-0.8184264582898567,0.8817216424333439,0.14431693449478036,-1.2448467036897353,0.035316781907857205,-1.0996719906799632,0.037772937363863356,-0.8746662864992527,-0.818235045919957,-0.8342641314987308
92,-1.0293938734071988,-0.751550405261657,-0.38112724010180754,-1.2448467036897353,1.2917665232137003,-0.2046050914713833,0.023110024969452265,-1.293654344422572,-1.2472602329216296,-1.146014732030567
93,-0.9872003903837303,0.8817216424333439,-1.4320155892949833,1.6516334805591384,-0.38349979852741883,-0.6521385410756733,0.04324496626467619,-1.1510201119380377,-1.0984147598802323,-1.146014732030567
94,-0.1855242129378305,0.8817216424333439,1.1952052836879563,0.8240677136308887,0.4541333623431382,-0.2046050914713833,0.15672315783881421,-0.045604810182896936,-0.003962752222904903,0.03013526088499571
95,-1.1348775809658698,0.8817216424333439,-1.4320155892949833,1.6516334805591384,0.38433059893725724,-0.2046050914713833,0.04085427402645699,-1.463032495497957,-1.466150634453095,-1.4152538870353342
96,-0.5019753356138434,-1.5681864291091574,-0.9065714146983955,-1.2448467036897353,1.5011748134313383,-0.6521385410756733,0.08383360782021994,-0.4735075076364996,-0.4154767071020606,-0.28161533964684043
97,0.48957151543766425,0.06508561858584352,0.6697611090913683,-1.2448467036897353,0.1749223087196192,0.2429283581329067,0.22568134728789246,0.6229931545883579,0.6439528363102324,0.6536364619486673
98,0.4473780324141958,0.06508561858584352,-0.38112724010180754,0.410284830166764,0.4541333623431382,0.2429283581329067,0.25336025075705254,0.6140785150580746,0.547641059636388,0.6394659801063115
99,0.8482161211371456,0.06508561858584352,1.1952052836879563,0.410284830166764,-0.24389427171566183,1.1379952573414867,0.4039207352706795,0.9260908986179933,0.9416437823930253,0.8945346532687222
100,0.3418943248555247,0.06508561858584352,0.6697611090913683,0.410284830166764,-0.8023163789626999,1.1379952573414867,0.2059182914519471,0.5962492359975082,0.6439528363102324,0.5119316435251055
101,-0.5652655601490462,0.8817216424333439,1.1952052836879563,-1.2448467036897353,0.6635416525607812,-1.0996719906799632,0.06948945439090475,-0.5180807052879165,-0.4767660195308704,-0.4233201580704017
102,-0.5019753356138434,-1.5681864291091574,-0.9065714146983955,-1.2448467036897353,0.9427527061843003,-0.2046050914713833,0.09440578016256707,-0.4556782285759332,-0.4767660195308704,-0.35246774885862103
103,-0.5230720771255777,0.8817216424333439,-1.4320155892949833,0.410284830166764,-1.0117246691803428,-0.2046050914713833,0.08478988471550762,-0.40219039139423235,-0.38045424285702606,-0.4941725672821829
104,-1.050490614918933,0.06508561858584352,1.7206494582845442,0.410284830166764,-0.8023163789626999,0.6904618077371967,0.025128831748392925,-1.2045079491197386,-1.2209933847378536,-1.2735490686117723
105,-0.5652655601490462,0.8817216424333439,-0.9065714146983955,-1.2448467036897353,-0.9419219057744619,-0.2046050914713833,0.1073686447431334,-0.40219039139423235,-0.37169862679576765,-0.4800020854398264
106,-0.6074590431725145,0.06508561858584352,1.1952052836879563,1.6516334805591384,-0.5929080887450618,1.5855287069457766,0.10811241566169048,-0.5002514262273501,-0.5468109480209394,-0.57919545833632
107,-0.1855242129378305,0.8817216424333439,-1.4320155892949833,-1.2448467036897353,-0.6627108521509428,-0.2046050914713833,0.17850502045370026,0.06137086418050393,0.09234902445093941,0.0017942972002833347
108,-1.0293938734071988,0.8817216424333439,1.7206494582845442,0.8240677136308887,-0.38349979852741883,-1.0996719906799632,0.02252563353344313,-1.2134225886500216,-1.1772153044315605,-1.2168671412423475
109,-0.6285557846842488,0.06508561858584352,-0.9065714146983955,-1.2448467036897353,0.38433059893725724,0.2429283581329067,0.08787122137810126,-0.5893978215301837,-0.60810026044975,-0.5508544946516076
110,1.291247692883564,-1.5681864291091574,-0.38112724010180754,-1.2448467036897353,0.5937388891549003,0.6904618077371967,0.44004675131488075,1.202444724056779,1.2305791124145598,1.2913081448546955
111,-0.1855242129378305,0.06508561858584352,-0.38112724010180754,0.410284830166764,0.24472507212550018,0.4666950829350517,0.13541943367157203,-0.045604810182896936,-0.003962752222904903,0.015964779042639207
112,1.1435705023014249,0.8817216424333439,-0.38112724010180754,-0.8310638202256104,-0.10428874490389983,-0.6521385410756733,0.3667853158370079,1.2202740031173456,1.1517785678632324,1.16377380827349
113,-1.0293938734071988,0.8817216424333439,0.14431693449478036,1.6516334805591384,-0.31369703512154284,-0.6521385410756733,0.03692291345694098,-1.2045079491197386,-1.1772153044315605,-1.2026966593999917
114,-0.12223398840262782,-1.5681864291091574,-0.9065714146983955,-0.8310638202256104,0.3145278355313812,0.6904618077371967,0.14413217871752643,0.0167976665290871,0.04857094414464647,0.07264670641206396
115,1.0380867947427537,0.06508561858584352,0.6697611090913683,0.8240677136308887,0.8729499427784192,-0.2046050914713833,0.36535090049407637,1.1222129682842286,1.0116887108830943,1.177944290115846
116,2.5570521835876163,0.8817216424333439,-0.9065714146983955,-0.8310638202256104,0.24472507212550018,-0.6521385410756733,0.9920841523667853,2.040420839903418,2.0798738703566455,2.0848551280266405
117,-1.050490614918933,0.06508561858584352,-0.9065714146983955,1.6516334805591384,-1.5003440130215,1.5855287069457766,0.05838601710673113,-1.1955933095894553,-1.2209933847378536,-1.330230995981197
118,-1.050490614918933,0.06508561858584352,-1.4320155892949833,0.410284830166764,-1.779555066645019,0.6904618077371967,0.03495723317218297,-1.2134225886500216,-1.1597040723090428,-1.330230995981197
119,-0.1644274714260963,0.06508561858584352,1.7206494582845442,-1.2448467036897353,-0.9419219057744619,1.5855287069457766,0.08388673431440259,0.12377334089248797,0.07483779232842254,-0.012376184642073167
120,0.4473780324141958,-0.751550405261657,-0.38112724010180754,0.410284830166764,1.7105831036489814,-1.0996719906799632,0.25707910534983797,0.578419956936941,0.5301298275138704,0.7670003166875169
121,1.1435705023014249,-1.5681864291091574,-0.38112724010180754,1.6516334805591384,-1.430541249615619,1.1379952573414867,0.5171864208680869,1.3005057588898967,1.3006240409046288,1.0787509172193523
122,-0.8395231998015908,0.8817216424333439,1.1952052836879563,-1.2448467036897353,-1.1513301959920998,-0.6521385410756733,0.05758911969399139,-0.8300930888478358,-0.7744569656136641,-0.9051165407105121
123,0.8482161211371456,0.8817216424333439,0.6697611090913683,1.6516334805591384,0.8031471793725382,-1.0996719906799632,0.37608245231897147,0.9082616195574269,0.9241325502705084,1.0220689898499276
124,-1.0293938734071988,-1.5681864291091574,-0.9065714146983955,0.8240677136308887,1.3615692866195812,0.2429283581329067,0.03766668437549806,-1.3025689839528563,-1.256015848982888,-1.146014732030567
125,-0.9661036488719961,0.8817216424333439,1.1952052836879563,0.410284830166764,0.1749223087196192,-0.6521385410756733,0.031663390532858736,-1.124276193347188,-1.0809035277577155,-1.0751623228187863
126,0.4262812909024616,-1.5681864291091574,-1.4320155892949833,-1.2448467036897353,-0.03448598149801883,-0.2046050914713833,0.2783297030228975,0.5427613988158074,0.6439528363102324,0.5827840527368867
127,-0.9872003903837303,0.06508561858584352,0.6697611090913683,1.6516334805591384,-0.24389427171566183,0.2429283581329067,0.03947298517770812,-1.115361553816904,-1.1246816080640083,-1.1318442501882104
128,0.9115063456723483,0.06508561858584352,1.1952052836879563,-1.2448467036897353,0.4541333623431382,-1.0996719906799632,0.35860383573287996,1.0330665729813941,0.9591550145155429,1.0504099535346405
129,-1.1348775809658698,-1.5681864291091574,-1.4320155892949833,1.6516334805591384,-0.8721191423685809,-1.0996719906799632,0.030228975189927218,-1.454117855967674,-1.3785944738405085,-1.471935814404759
130,-0.6285557846842488,-1.5681864291091574,-1.4320155892949833,-1.2448467036897353,0.8729499427784192,1.5855287069457766,0.06794878605960793,-0.6250563796513173,-0.5818334122659738,-0.5083430491245388
131,-0.438685111078641,0.8817216424333439,-1.4320155892949833,0.410284830166764,-0.24389427171566183,0.2429283581329067,0.0880306008606492,-0.3130439960913987,-0.2928980822444394,-0.3241267851739087
132,-0.1855242129378305,0.8817216424333439,0.14431693449478036,0.8240677136308887,-0.17409150830978082,-0.2046050914713833,0.1808425861977368,-0.02777553112232973,0.0047928638383535295,-0.026546666484429042
133,-0.438685111078641,-1.5681864291091574,1.1952052836879563,0.410284830166764,0.7333444159666572,0.6904618077371967,0.08622430005843915,-0.40219039139423235,-0.35418739467325,-0.2957858214891963
134,-0.6285557846842488,0.06508561858584352,-1.4320155892949833,-1.2448467036897353,-1.2909357228038618,0.2429283581329067,0.08463050523295967,-0.4913367866970668,-0.49427725165338804,-0.6217069038633883
135,-0.8395231998015908,0.8817216424333439,1.1952052836879563,1.6516334805591384,-0.17409150830978082,-0.2046050914713833,0.062264251182064495,-0.8835809260295359,-0.8532575101649915,-0.8767755770257997
136,-0.6074590431725145,-0.751550405261657,1.7206494582845442,0.410284830166764,0.9427527061843003,-0.6521385410756733,0.0522764702757265,-0.562653902939334,-0.5292997158984225,-0.43749063991275816
137,0.48957151543766425,0.8817216424333439,1.1952052836879563,0.410284830166764,-0.7325136155568189,-0.2046050914713833,0.3608882749827339,0.7121395498911923,0.7227533808615598,0.6111250164215991
138,-0.37539488654343833,0.06508561858584352,-0.9065714146983955,-0.8310638202256104,0.1749223087196192,0.6904618077371967,0.09440578016256707,-0.22389760078856427,-0.24912000193814646,-0.21076293043505917
139,-1.0082971318954645,0.8817216424333439,-0.38112724010180754,0.8240677136308887,0.7333444159666572,-1.0996719906799632,0.0382510758115072,-1.1777640305288881,-1.212237768676595,-1.1176737683458546
140,0.8271193796254115,0.06508561858584352,-0.38112724010180754,-1.2448467036897353,0.6635416525607812,1.5855287069457766,0.3027147638527334,0.8904323404968605,0.8103095414741465,0.937046098795791
141,0.5317649984611327,0.8817216424333439,1.7206494582845442,0.410284830166764,0.38433059893725724,-0.6521385410756733,0.22318440206130796,0.7299688289517587,0.6789753005552669,0.752829834845161
142,-0.5652655601490462,-1.5681864291091574,-0.9065714146983955,-0.8310638202256104,-1.081527432586219,-0.6521385410756733,0.06943632789672209,-0.4467635890456492,-0.4154767071020606,-0.5366840128092512
143,-0.8606199413133251,-1.5681864291091574,1.1952052836879563,1.2378505970950135,1.0125554695901813,-0.2046050914713833,0.0500982840142379,-0.9905566003929368,-0.9495692868388359,-0.8626050951834432
144,0.700538930555006,-1.5681864291091574,-1.4320155892949833,-1.2448467036897353,-0.6627108521509428,0.2429283581329067,0.27020134941295226,0.8726030614362933,0.9066213181479907,0.7953412803722286
145,0.8060226381136772,0.8817216424333439,-1.4320155892949833,-0.0034980532973608127,-0.10428874490389983,-0.6521385410756733,0.22063433034054084,0.9439201776785605,0.9503993984542844,0.9228756169534352
146,-0.8395231998015908,-1.5681864291091574,-0.38112724010180754,1.2378505970950135,-0.8721191423685809,0.6904618077371967,0.047813844764384,-0.8924955655598191,-0.8532575101649915,-0.9476279862375803
147,-0.2699111789847672,0.8817216424333439,1.1952052836879563,1.2378505970950135,0.4541333623431382,-1.0996719906799632,0.1369069755086862,-0.11692192642516418,-0.10027452889675,-0.054887630169141416
148,-0.7973297167781225,0.06508561858584352,-1.4320155892949833,0.8240677136308887,-1.5701467764273809,0.6904618077371967,0.05870477607182702,-0.776605251666135,-0.7481901174298881,-0.9051165407105121
149,0.46847477392593007,0.8817216424333439,-0.38112724010180754,1.6516334805591384,0.24472507212550018,-0.6521385410756733,0.36110078095946446,0.685395631300342,0.6264416041877154,0.681977425633379
150,-0.6285557846842488,0.8817216424333439,0.6697611090913683,0.410284830166764,0.1051195453137382,-0.6521385410756733,0.07490835679753494,-0.5804831819999005,-0.5292997158984225,-0.5366840128092512
151,-0.9661036488719961,0.06508561858584352,0.6697611090913683,1.2378505970950135,-0.8721191423685809,0.6904618077371967,0.0332571853583382,-1.115361553816904,-1.045881063512681,-1.146014732030567
152,0.46847477392593007,0.8817216424333439,-0.38112724010180754,-0.0034980532973608127,0.24472507212550018,-0.6521385410756733,0.2079902247250704,0.5962492359975082,0.6264416041877154,0.6394659801063115
153,3.1477609459161746,0.8817216424333439,1.7206494582845442,-0.8310638202256104,0.035316781907857205,-0.4731251612339579,0.7292142591510387,2.379177142054188,2.4213428967457324,2.3966057285584776
154,0.5528617399728669,-1.5681864291091574,1.1952052836879563,0.410284830166764,-1.639949539833262,0.6904618077371967,0.33028741433352815,0.8458591428454428,0.7840426932903704,0.5827840527368867
155,1.2068607268366276,0.8817216424333439,1.1952052836879563,-0.8310638202256104,0.7333444159666572,-0.2046050914713833,0.357541305849227,1.2381032821779128,1.1605341839244907,1.2913081448546955
156,0.9326030871840826,0.06508561858584352,0.6697611090913683,0.410284830166764,-1.1513301959920998,0.6904618077371967,0.3128619242416193,1.1489568868750781,1.0642224072506465,0.937046098795791
157,-0.6707492677077173,-1.5681864291091574,-0.9065714146983955,1.6516334805591384,-1.5701467764273809,-0.2046050914713833,0.12373160495138925,-0.5091660657576332,-0.5380553319596809,-0.678388831232813
158,1.9241499382355902,0.06508561858584352,0.14431693449478036,0.410284830166764,0.38433059893725724,0.6904618077371967,0.9982999521861552,1.6392620610406659,1.5720481388036465,1.6455701909135998
159,0.46847477392593007,-1.5681864291091574,-1.4320155892949833,-0.8310638202256104,0.9427527061843003,0.6904618077371967,0.2339690803803857,0.5338467592855243,0.5739079078201633,0.6678069437910232
160,0.5317649984611327,0.06508561858584352,-0.38112724010180754,-1.2448467036897353,0.1051195453137382,0.2429283581329067,0.24926951070498857,0.685395631300342,0.6264416041877154,0.6678069437910232
161,-0.8395231998015908,0.8817216424333439,1.1952052836879563,-1.2448467036897353,-0.17409150830978082,-0.2046050914713833,0.05004515752005525,-0.8835809260295359,-0.8532575101649915,-0.8767755770257997
162,-1.0082971318954645,0.8817216424333439,-0.38112724010180754,0.410284830166764,-0.31369703512154284,-1.0996719906799632,0.026828879562237687,-1.1866786700591714,-1.1334372241252668,-1.1743556957152792
163,-0.8817166828250593,0.8817216424333439,-1.4320155892949833,0.410284830166764,0.1749223087196192,-1.457698750363394,0.04276682781703235,-0.9548980422718031,-0.9233024386550606,-0.9192870225528679
164,-1.0293938734071988,0.06508561858584352,0.14431693449478036,-0.4172809367614856,-0.17409150830978082,0.2429283581329067,0.05201083780481326,-1.2490811467711553,-1.212237768676595,-1.231037623084704
165,2.5570521835876163,-1.5681864291091574,1.1952052836879563,-1.2448467036897353,1.0125554695901813,-0.6521385410756733,0.8894437656059077,2.0582501189639846,1.9485396294377668,2.1557075372384213
166,-0.1855242129378305,-0.751550405261657,0.14431693449478036,0.410284830166764,-2.756793754327343,1.1379952573414867,0.14880731020559954,0.15051725948333838,0.11861587263471549,-0.1965924485927033
167,1.9663434212590587,0.8817216424333439,-0.38112724010180754,-1.2448467036897353,0.6635416525607812,-0.6521385410756733,0.6209424640068002,1.6838352586920826,1.6946267636612669,1.7731045274948052
168,-0.4808785941021094,0.8817216424333439,-1.4320155892949833,0.410284830166764,-0.9419219057744619,-0.2046050914713833,0.10354353716198268,-0.2952147170308315,-0.3366761625507331,-0.40914967622804577
169,-1.050490614918933,0.8817216424333439,1.1952052836879563,1.2378505970950135,-0.03448598149801883,-0.2046050914713833,0.046645061892365725,-1.240166507240872,-1.2472602329216296,-1.231037623084704
170,-0.20662095444956474,0.8817216424333439,-1.4320155892949833,-1.2448467036897353,0.4541333623431382,-1.0996719906799632,0.14360091377569995,-0.06343408924346336,-0.03898521646793941,0.0017942972002833347
171,-1.155974322477604,-1.5681864291091574,-0.9065714146983955,0.8240677136308887,0.5937388891549003,0.2429283581329067,0.020613079742867767,-1.4986910536190907,-1.4573950183918358,-1.4152538870353342
172,-0.8395231998015908,0.8817216424333439,-0.9065714146983955,0.8240677136308887,0.38433059893725724,-1.5472054402842532,0.056526589810338417,-0.9192394841506695,-0.8707687422875084,-0.8484346133410873
173,-0.755136233754654,0.8817216424333439,-1.4320155892949833,0.410284830166764,0.4541333623431382,-0.2046050914713833,0.05700472825798226,-0.7409466935450014,-0.7481901174298881,-0.6925593130751695
174,-0.14333072991436205,0.06508561858584352,1.1952052836879563,0.8240677136308887,-0.17409150830978082,0.2429283581329067,0.1471603888859374,0.05245622465022072,0.013548479899611962,0.015964779042639207
175,0.48957151543766425,0.06508561858584352,-0.38112724010180754,-0.0034980532973608127,0.8031471793725382,0.6904618077371967,0.1241034904106678,0.6051638755277915,0.49510736326883587,0.6536364619486673
176,-1.0082971318954645,0.06508561858584352,-1.4320155892949833,-0.8310638202256104,-0.03448598149801883,1.1379952573414867,0.02385379588800935,-1.2045079491197386,-1.1597040723090428,-1.1743556957152792
177,-0.1644274714260963,-0.751550405261657,0.14431693449478036,-0.0034980532973608127,1.2917665232137003,0.2429283581329067,0.0619454922169686,-0.009946252061763314,-0.10027452889675,0.08681718825442046
178,-0.9028134243367935,0.06508561858584352,-1.4320155892949833,0.410284830166764,0.38433059893725724,0.6904618077371967,0.05530468044413749,-1.0173005189837871,-1.0283698313901641,-0.9759689499222927
179,0.46847477392593007,0.8817216424333439,-0.9065714146983955,-0.8310638202256104,0.5239361257490193,-0.2046050914713833,0.2148435424746321,0.6229931545883579,0.5651522917589049,0.6536364619486673
180,1.5022151080009063,0.8817216424333439,1.7206494582845442,0.410284830166764,-0.4533025619332999,-0.2046050914713833,0.4267651277692185,1.4520546309047144,1.3706689693946978,1.3338195903817645
181,0.5317649984611327,0.8817216424333439,-0.38112724010180754,-0.8310638202256104,0.035316781907857205,0.2429283581329067,0.2445943792169155,0.7032249103609084,0.7139977648003013,0.7103183893180921
182,-0.6285557846842488,0.06508561858584352,-1.4320155892949833,0.8240677136308887,0.3145278355313812,0.2429283581329067,0.08898687775593689,-0.6250563796513173,-0.5905890283272331,-0.5650249764939635
183,0.23641061729685378,0.06508561858584352,1.1952052836879563,-1.2448467036897353,0.5937388891549003,0.2429283581329067,0.21489666896881474,0.3644686082101393,0.3812843544724739,0.44107923431332485
184,0.4473780324141958,0.06508561858584352,-0.9065714146983955,-1.2448467036897353,-0.10428874490389983,2.033062156550067,0.3028741433352813,0.6319077941186418,0.5651522917589049,0.5827840527368867
185,0.6794421890432724,0.8817216424333439,-1.4320155892949833,1.2378505970950135,-0.17409150830978082,-0.6521385410756733,0.7653934016894225,0.86368842190601,0.8978657020867323,0.8378527258992975
186,-0.5441688186373119,-1.5681864291091574,1.1952052836879563,1.2378505970950135,-0.8023163789626999,-1.0996719906799632,0.10534983796419274,-0.40219039139423235,-0.37169862679576765,-0.46583160359747056
187,2.7891163402166934,0.06508561858584352,-0.38112724010180754,-0.8310638202256104,0.38433059893725724,0.2429283581329067,0.6743345906603623,2.2454575490999367,2.123651950662939,2.2407304282925593
188,-0.8184264582898567,-0.751550405261657,-1.4320155892949833,0.8240677136308887,1.5011748134313383,-1.9947388898885432,0.0619454922169686,-0.8746662864992527,-0.9057912065325429,-0.7350707586022378
189,-0.20662095444956474,0.8817216424333439,0.6697611090913683,-1.2448467036897353,0.1051195453137382,0.2429283581329067,0.11209690272538915,-0.06343408924346336,-0.04774083252919862,-0.040717148326785545
190,3.6329860006860613,0.06508561858584352,0.6697611090913683,-1.2448467036897353,-2.268174410486181,0.6904618077371967,0.9696647718217075,2.8249091185683577,2.7453006910123006,2.3540942830314084
191,-0.20662095444956474,0.8817216424333439,0.14431693449478036,-1.2448467036897353,0.38433059893725724,-0.6521385410756733,0.13361313286936194,-0.045604810182896936,-0.012718368284164113,0.015964779042639207
192,-0.3542981450317041,-0.751550405261657,0.14431693449478036,-0.8310638202256104,1.7105831036489814,-0.6521385410756733,0.06587685278648461,-0.2952147170308315,-0.34543177861199154,-0.12574003938092204
193,-0.9450069073602619,0.8817216424333439,1.1952052836879563,0.8240677136308887,0.1051195453137382,-1.0996719906799632,0.04813260372947989,-1.0707883561654872,-1.0633922956351987,-1.0468213591340738
194,0.46847477392593007,0.06508561858584352,-1.4320155892949833,-0.8310638202256104,-2.128568883674419,0.6904618077371967,0.2379004409499017,0.7834566661334595,0.731508996922819,0.4694201979980372
195,-1.050490614918933,-1.5681864291091574,1.1952052836879563,0.8240677136308887,0.1749223087196192,1.1379952573414867,0.03214152898050258,-1.338227542073989,-1.273527081105405,-1.2735490686117723
196,-0.1644274714260963,0.8817216424333439,-0.9065714146983955,-1.2448467036897353,-0.38349979852741883,-0.6521385410756733,0.19773681134781915,0.03462694558965351,0.04857094414464647,0.0017942972002833347
197,0.4262812909024616,0.8817216424333439,1.7206494582845442,-1.2448467036897353,-1.779555066645019,2.033062156550067,0.2087339956436275,0.6586517127094915,0.6702196844940084,0.4269087524709683
198,0.9326030871840826,0.06508561858584352,1.1952052836879563,1.2378505970950135,-0.9419219057744619,0.6904618077371967,0.5570312915050736,1.1489568868750781,1.1167561036181979,0.9937280261652158
199,-0.20662095444956474,0.8817216424333439,-0.9065714146983955,0.8240677136308887,0.8031471793725382,-0.2046050914713833,0.17154544971577326,-0.054519449713180144,-0.10903014495800843,0.015964779042639207
200,-0.6285557846842488,0.8817216424333439,-0.9065714146983955,-1.2448467036897353,-0.24389427171566183,0.2429283581329067,0.07517398926844818,-0.5893978215301837,-0.5555665640821986,-0.5933659401786759
201,-0.12223398840262782,0.06508561858584352,0.14431693449478036,-1.2448467036897353,-2.128568883674419,0.2429283581329067,0.13026616373585506,0.177261178074188,0.10986025657345705,-0.11156955753856616
202,-0.6285557846842488,0.8817216424333439,0.6697611090913683,1.6516334805591384,-0.38349979852741883,-0.6521385410756733,0.07262391754768102,-0.5359099843484837,-0.5030328677146465,-0.5508544946516076
203,-0.45978185259037524,0.8817216424333439,-1.4320155892949833,-0.8310638202256104,0.7333444159666572,-0.6521385410756733,0.0715082611698454,-0.38436111233366593,-0.3191649304282155,-0.2674448578044839
204,-0.7762329752663882,0.8817216424333439,1.1952052836879563,1.6516334805591384,-0.24389427171566183,-1.0996719906799632,0.059979811932210594,-0.7587759726055686,-0.791968197736181,-0.7917526859716626
205,-0.14333072991436205,1.6983576662808442,-0.38112724010180754,0.410284830166764,2.897230081548943,-1.0996719906799632,0.12102215374807417,-0.045604810182896936,-0.08276329677423314,0.28520393404740707
206,-0.9661036488719961,0.8817216424333439,-1.4320155892949833,0.410284830166764,-0.17409150830978082,-0.6521385410756733,0.03729479891621952,-1.115361553816904,-1.0809035277577155,-1.1035032865034986
207,-0.5863623016607803,0.8817216424333439,1.7206494582845442,-1.2448467036897353,0.38433059893725724,-0.6521385410756733,0.0741114593847952,-0.5448246238787668,-0.5030328677146465,-0.4800020854398264
208,0.4473780324141958,-0.751550405261657,-0.38112724010180754,-1.2448467036897353,-1.0117246691803428,2.928129055758647,0.2295064548690432,0.7032249103609084,0.66146406843275,0.5402726072098178
209,-1.0293938734071988,0.8817216424333439,-1.4320155892949833,1.6516334805591384,-0.03448598149801883,-0.6521385410756733,0.043351219253041494,-1.2490811467711553,-1.2034821526153359,-1.2168671412423475
210,-0.20662095444956474,0.8817216424333439,0.14431693449478036,-1.2448467036897353,0.6635416525607812,-0.2046050914713833,0.13361313286936194,-0.06343408924346336,-0.03022960040668098,0.03013526088499571
211,-0.5652655601490462,-0.751550405261657,-1.4320155892949833,-0.8310638202256104,0.8729499427784192,1.1379952573414867,0.059873558943845294,-0.5537392634090501,-0.5205440998371641,-0.43749063991275816
212,0.257507358808588,0.06508561858584352,-0.9065714146983955,-0.8310638202256104,-1.639949539833262,0.6904618077371967,0.20597141794612975,0.5873345964672243,0.477596131146319,0.31354489773211885
213,-0.14333072991436205,0.06508561858584352,0.14431693449478036,0.410284830166764,-1.2909357228038618,0.2429283581329067,0.1531105562343941,0.12377334089248797,0.09234902445093941,-0.040717148326785545
214,0.5950552229963354,0.8817216424333439,1.1952052836879563,-0.8310638202256104,0.035316781907857205,-0.6521385410756733,0.25575094299527174,0.7210541894214756,0.7577758451065942,0.7386593530028038
215,-1.0293938734071988,0.8817216424333439,-0.9065714146983955,1.6516334805591384,-0.5929080887450618,-0.2046050914713833,0.05296711470010094,-1.1688493909986049,-1.185970920492819,-1.2168671412423475
216,0.4473780324141958,0.06508561858584352,0.14431693449478036,-0.8310638202256104,0.7333444159666572,-0.2046050914713833,0.21978430643361846,0.5160174802249571,0.44257366690128447,0.5686135708945302
217,2.5570521835876163,-1.5681864291091574,1.7206494582845442,-0.8310638202256104,-1.7097523032391428,2.4805956061543566,0.4754289964405249,2.272201467690786,2.1761856470304917,1.9148093459183664
218,0.21531387578511957,-0.751550405261657,-0.9065714146983955,-0.8310638202256104,1.4313720500254572,0.2429283581329067,0.19869308824310683,0.3555539686798561,0.3112394259824049,0.5119316435251055
219,-1.1981678055010725,0.8817216424333439,1.1952052836879563,1.2378505970950135,0.1051195453137382,0.2429283581329067,0.028475800881899802,-1.6056667279824912,-1.5537067950656809,-1.556958705458896
220,0.4473780324141958,-1.5681864291091574,0.14431693449478036,0.8240677136308887,0.8031471793725382,0.2429283581329067,0.39605801413164743,0.4981882011643906,0.5038629793300943,0.5969545345792426
221,-0.6074590431725145,0.8817216424333439,-0.38112724010180754,1.6516334805591384,-0.38349979852741883,-0.2046050914713833,0.088668118790841,-0.5269953448182004,-0.4767660195308704,-0.5366840128092512
222,0.6583454475315381,0.06508561858584352,0.6697611090913683,0.410284830166764,-0.9419219057744619,0.2429283581329067,0.2625511342506508,0.9439201776785605,0.871598853902957,0.7670003166875169
223,-1.050490614918933,0.8817216424333439,-1.4320155892949833,0.410284830166764,0.38433059893725724,-0.2046050914713833,0.03495723317218297,-1.2847397048922888,-1.2385046168603704,-1.2168671412423475
224,-0.8184264582898567,0.8817216424333439,-1.4320155892949833,-1.2448467036897353,0.6635416525607812,-0.2046050914713833,0.04011050310789991,-0.8835809260295359,-0.8445018941037331,-0.7917526859716626
225,0.46847477392593007,0.8817216424333439,-1.4320155892949833,-0.8310638202256104,0.8031471793725382,-0.2046050914713833,0.2549009190883494,0.6319077941186418,0.5651522917589049,0.6961479074757362
226,-1.0082971318954645,-1.5681864291091574,0.14431693449478036,0.410284830166764,-0.17409150830978082,1.003735222460201,0.03315093236997291,-1.2579957863014386,-1.1772153044315605,-1.2168671412423475
227,-1.050490614918933,-0.751550405261657,0.6697611090913683,1.2378505970950135,1.4313720500254572,-0.6521385410756733,0.029325824788822185,-1.338227542073989,-1.2910383132279224,-1.1743556957152792
228,0.8693128626488799,0.8817216424333439,1.7206494582845442,-1.2448467036897353,0.1051195453137382,-0.2046050914713833,0.2639324230993997,0.9884933753299773,1.0116887108830943,1.0078985080075717
229,-1.1981678055010725,-1.5681864291091574,-1.4320155892949833,1.6516334805591384,-0.4533025619332999,2.033062156550067,0.02576634967858471,-1.6145813675127747,-1.5712180271881981,-1.6136406328283208
230,0.7638291550902088,0.06508561858584352,1.1952052836879563,1.6516334805591384,-1.221132959397981,0.6904618077371967,0.4858949157945067,1.0330665729813941,0.9503993984542844,0.8095117622145858
231,-0.4808785941021094,0.8817216424333439,0.14431693449478036,-1.2448467036897353,0.3145278355313812,-0.6521385410756733,0.0930244913138182,-0.35761719374281553,-0.37169862679576765,-0.3241267851739087
232,-0.438685111078641,-1.5681864291091574,0.6697611090913683,0.410284830166764,0.4541333623431382,0.42194173797462203,0.07395207990224725,-0.38436111233366593,-0.3279205464894739,-0.3099563033315528
233,-0.1855242129378305,0.8817216424333439,0.6697611090913683,0.8240677136308887,-0.17409150830978082,1.1379952573414867,0.1292036338522021,-0.02777553112232973,0.0047928638383535295,-0.026546666484429042
234,-0.8395231998015908,-0.751550405261657,1.1952052836879563,0.410284830166764,1.4313720500254572,0.6904618077371967,0.05349837964192743,-0.9727273213323704,-1.019614215328905,-0.8484346133410873
235,1.481118366489172,-0.751550405261657,0.6697611090913683,1.6516334805591384,1.0823582329960573,0.2429283581329067,0.5264304308558678,1.3450789565413135,1.3444021212109216,1.4896948906476815
236,-0.9661036488719961,0.8817216424333439,-0.9065714146983955,-0.4172809367614856,0.24472507212550018,-0.2046050914713833,0.12150029219571801,-1.1331908328774714,-1.0633922956351987,-1.0609918409764298
237,0.257507358808588,0.06508561858584352,1.1952052836879563,-0.8310638202256104,-1.639949539833262,1.1379952573414867,0.20804335121925305,0.5427613988158074,0.5038629793300943,0.31354489773211885
238,-0.7973297167781225,0.8817216424333439,-1.4320155892949833,0.8240677136308887,-0.5929080887450618,-0.2046050914713833,0.07288955001859428,-0.8033491702569854,-0.7657013495524049,-0.8342641314987308
239,-1.0082971318954645,-1.5681864291091574,0.6697611090913683,0.410284830166764,0.8729499427784192,-1.0996719906799632,0.02385379588800935,-1.240166507240872,-1.1772153044315605,-1.1176737683458546
240,0.257507358808588,0.8817216424333439,-0.38112724010180754,-1.2448467036897353,-0.10428874490389983,-0.6521385410756733,0.24369122881581046,0.4268710849221234,0.45132928296254293,0.4269087524709683
241,0.4262812909024616,0.06508561858584352,-0.38112724010180754,0.410284830166764,-1.988963356862662,-0.6521385410756733,0.23981299474047707,0.7121395498911923,0.6789753005552669,0.4269087524709683
242,1.5444085910243748,-0.751550405261657,1.7206494582845442,-0.8310638202256104,1.6407803402430954,0.2429283581329067,0.33830951495510814,1.3985667937230135,1.2656015766595943,1.560547299859462
243,-0.1855242129378305,0.06508561858584352,-0.9065714146983955,-1.2448467036897353,0.6635416525607812,1.1379952573414867,0.14859480422886895,-0.054519449713180144,-0.021473984345422546,0.044305742727351584
244,0.4262812909024616,-0.751550405261657,-1.4320155892949833,0.8240677136308887,-1.221132959397981,3.3756625053629365,0.3819794931732455,0.6675663522397756,0.6089303720651978,0.4694201979980372
245,0.9115063456723483,0.06508561858584352,0.6697611090913683,-1.2448467036897353,-1.0117246691803428,0.2429283581329067,0.3037241672422037,1.086554410163095,1.0379555590668703,0.9087051351110781
246,2.5359554420758825,0.06508561858584352,1.7206494582845442,1.6516334805591384,0.8729499427784192,0.6904618077371967,0.8082664824948201,2.0225915608428515,1.9572952454990253,2.113196091711354
247,0.4473780324141958,0.06508561858584352,0.14431693449478036,-1.2448467036897353,0.1051195453137382,-0.6521385410756733,0.2974552409286511,0.7121395498911923,0.6264416041877154,0.681977425633379
248,0.8693128626488799,0.06508561858584352,-0.38112724010180754,0.410284830166764,-0.6627108521509428,2.033062156550067,0.29012378473144557,0.970664096269411,0.9153769342092499,0.8378527258992975
249,1.5022151080009063,-0.751550405261657,0.6697611090913683,-1.2448467036897353,1.3615692866195812,0.2429283581329067,0.4496626467619402,1.36290823560188,1.3006240409046288,1.5180358543323944
250,-0.6285557846842488,0.8817216424333439,-1.4320155892949833,-0.8310638202256104,0.4541333623431382,-0.2046050914713833,0.06587685278648461,-0.5893978215301837,-0.6168558765110084,-0.5508544946516076
251,-1.050490614918933,0.8817216424333439,1.1952052836879563,1.2378505970950135,0.24472507212550018,-0.6521385410756733,0.04637942942145248,-1.2312518677105888,-1.273527081105405,-1.2168671412423475
252,-0.8395231998015908,0.8817216424333439,-1.4320155892949833,1.6516334805591384,-0.10428874490389983,-0.6521385410756733,0.06082983583913298,-0.8835809260295359,-0.8445018941037331,-0.8626050951834432
253,0.46847477392593007,0.06508561858584352,-0.9065714146983955,-0.4172809367614856,-0.17409150830978082,1.1379952573414867,0.8165542155873134,0.7032249103609084,0.6264416041877154,0.6394659801063115
254,-0.8184264582898567,0.06508561858584352,-1.4320155892949833,1.6516334805591384,-0.17409150830978082,0.2429283581329067,0.04877012165967168,-0.8746662864992527,-0.8357462780424739,-0.8626050951834432
255,-0.5863623016607803,0.8817216424333439,-1.4320155892949833,0.410284830166764,-0.5929080887450618,-0.2046050914713833,0.08973064867449397,-0.4645928681062164,-0.44174355528583586,-0.5083430491245388
256,-0.8184264582898567,-1.5681864291091574,1.1952052836879563,0.8240677136308887,-0.17409150830978082,0.2429283581329067,0.04776071827020135,-0.8657516469689694,-0.818235045919957,-0.8484346133410873
257,-0.14333072991436205,0.06508561858584352,-0.9065714146983955,-1.2448467036897353,-0.6627108521509428,-1.0996719906799632,0.15220740583328907,0.12377334089248797,0.06608217626716334,0.015964779042639207
258,-0.9239101658485277,0.06508561858584352,-0.38112724010180754,1.6516334805591384,-0.8023163789626999,0.2429283581329067,0.03856983477660309,-1.0262151585140704,-0.9933473671451296,-1.0751623228187863
259,-0.7762329752663882,0.06508561858584352,-0.38112724010180754,-1.2448467036897353,-1.081527432586219,-0.2046050914713833,0.048823248153854325,-0.7142027749541517,-0.7219232692461119,-0.8200936496563749
260,-0.8184264582898567,-1.5681864291091574,0.14431693449478036,1.2378505970950135,1.3615692866195812,-1.5472054402842532,0.06210487169951655,-0.9103248446203863,-0.8707687422875084,-0.7492412404445943
261,-0.7973297167781225,0.8817216424333439,-1.4320155892949833,0.410284830166764,0.035316781907857205,-0.2046050914713833,0.05089518142697763,-0.8568370074386863,-0.8094794298586986,-0.8200936496563749
262,-0.7762329752663882,0.8817216424333439,-1.4320155892949833,-1.2448467036897353,0.5937388891549003,-0.6521385410756733,0.04037613557881315,-0.8390077283781191,-0.8007238137974394,-0.7492412404445943
263,1.481118366489172,0.8817216424333439,1.1952052836879563,1.6516334805591384,0.3145278355313812,-1.0996719906799632,0.9003878234075333,1.425310712313864,1.4144470497009907,1.4613539269629696
264,-1.0293938734071988,0.06508561858584352,1.1952052836879563,-1.2448467036897353,0.035316781907857205,1.1379952573414867,0.024544440312383786,-1.2579957863014386,-1.212237768676595,-1.2168671412423475
265,-0.2699111789847672,-0.751550405261657,0.14431693449478036,0.410284830166764,-2.5473854641097,2.033062156550067,0.12266907506773628,0.025712306059370308,0.08359340838968098,-0.25327437596212804
266,-1.050490614918933,-0.751550405261657,1.1952052836879563,-0.4172809367614856,1.4313720500254572,-1.0996719906799632,0.05078892843861234,-1.293654344422572,-1.3085495453504394,-1.1601852138729227
267,0.4473780324141958,-0.751550405261657,0.14431693449478036,1.6516334805591384,-0.4533025619332999,3.3756625053629365,0.4758008818998034,0.578419956936941,0.6001747560039394,0.5261021253674619
268,0.48957151543766425,-1.5681864291091574,-1.4320155892949833,0.410284830166764,-0.31369703512154284,1.5855287069457766,0.30813366625936356,0.6497370731792083,0.6964865326777845,0.6252954982639549
269,-0.1644274714260963,-0.751550405261657,0.14431693449478036,-0.8310638202256104,1.4313720500254572,0.6904618077371967,0.08548052913988206,-0.08126336830403057,-0.1352969931417845,0.058476224569708087
270,-1.050490614918933,-1.5681864291091574,-1.4320155892949833,0.410284830166764,0.5937388891549003,2.033062156550067,0.03261966742814642,-1.3560568211345563,-1.299793929289181,-1.2593785867694165
271,1.9241499382355902,0.8817216424333439,-1.4320155892949833,-0.8310638202256104,0.6635416525607812,-1.0996719906799632,0.6894756415024172,1.6838352586920826,1.7121379957837843,1.787275009337161
272,0.7427324135784745,0.06508561858584352,1.1952052836879563,0.410284830166764,0.8031471793725382,0.2429283581329067,0.369494767040323,0.86368842190601,0.7752870772291119,0.9228756169534352
273,-0.9239101658485277,0.8817216424333439,-1.4320155892949833,0.410284830166764,0.5937388891549003,-0.6521385410756733,0.04191680391010997,-1.079702995695771,-1.0283698313901641,-0.9901394317646491
274,-0.8817166828250593,0.8817216424333439,-1.4320155892949833,0.410284830166764,-0.17409150830978082,-0.6521385410756733,0.03809169632895925,-0.9638126818020863,-0.9145468225938014,-0.9476279862375803
275,1.8397629721886535,0.8817216424333439,-0.38112724010180754,-1.2448467036897353,-0.10428874490389983,-1.0996719906799632,0.6204111990649737,1.7373230958737826,1.6508486833549738,1.6597406727559558
276,-0.20662095444956474,0.8817216424333439,-1.4320155892949833,-1.2448467036897353,-0.4533025619332999,-0.6521385410756733,0.14492907613026618,0.025712306059370308,0.04857094414464647,-0.012376184642073167
277,0.4473780324141958,-0.751550405261657,-1.4320155892949833,0.410284830166764,0.5239361257490193,0.2429283581329067,0.3304999203102587,0.524932119755241,0.547641059636388,0.5969545345792426
278,0.4473780324141958,0.06508561858584352,-0.38112724010180754,-1.2448467036897353,-1.221132959397981,0.2429283581329067,0.2637730436168517,0.7745420266031756,0.7052421487390429,0.5686135708945302
279,-0.9872003903837303,0.06508561858584352,-1.4320155892949833,-1.2448467036897353,-0.8023163789626999,1.1379952573414867,0.03947298517770812,-1.1510201119380377,-1.1597040723090428,-1.2168671412423475
280,-0.20662095444956474,0.8817216424333439,0.14431693449478036,0.410284830166764,0.38433059893725724,-1.0996719906799632,0.13929766774690538,-0.018860891592046524,-0.07400768071297392,0.0017942972002833347
281,-0.9872003903837303,0.06508561858584352,-0.9065714146983955,0.410284830166764,-0.6627108521509428,1.1379952573414867,0.04048238856717845,-1.079702995695771,-1.11592599200275,-1.146014732030567
282,0.5950552229963354,0.06508561858584352,1.1952052836879563,0.8240677136308887,0.8031471793725382,-1.0996719906799632,0.3709291823832545,0.7745420266031756,0.6964865326777845,0.8378527258992975
283,0.9115063456723483,-1.5681864291091574,1.1952052836879563,1.2378505970950135,-0.38349979852741883,-0.7416452309965326,0.5886946820379323,1.041981212511678,1.055466791189388,0.97955754432286
284,-1.0082971318954645,0.8817216424333439,0.14431693449478036,0.410284830166764,0.1051195453137382,-0.2046050914713833,0.03655102799766243,-1.2223372281803049,-1.1947265365540773,-1.1743556957152792
285,-0.6074590431725145,0.06508561858584352,-1.4320155892949833,-0.0034980532973608127,-2.617188227515581,1.1379952573414867,0.04388248419486798,-0.39327575186394914,-0.44174355528583586,-0.6925593130751695
286,0.21531387578511957,-0.751550405261657,-0.38112724010180754,0.410284830166764,1.2917665232137003,0.2429283581329067,0.20618392392286033,0.3377246896192897,0.3112394259824049,0.4835906798403931
287,8.886074637107878,1.6983576662808442,1.7206494582845442,-0.0034980532973608127,2.618019027925419,0.6904618077371967,0.9572331721829677,4.465202792140503,4.20748857324249,4.876440050970808
288,0.27860410032032223,0.06508561858584352,1.1952052836879563,0.410284830166764,0.3145278355313812,0.6904618077371967,0.25235084736758223,0.4714442825735402,0.4163068187175084,0.4835906798403931
289,-0.9450069073602619,-1.5681864291091574,-0.9065714146983955,-0.8310638202256104,0.4541333623431382,-0.2046050914713833,0.025872602666950007,-1.124276193347188,-1.0809035277577155,-1.0468213591340738
290,-0.1855242129378305,0.8817216424333439,-0.9065714146983955,-1.2448467036897353,-0.17409150830978082,-0.6521385410756733,0.14445093768262232,-0.02777553112232973,0.013548479899611962,-0.026546666484429042
291,-0.14333072991436205,0.8817216424333439,0.6697611090913683,0.410284830166764,0.1051195453137382,-0.6521385410756733,0.14269776337459492,0.03462694558965351,0.0573265602059049,0.07264670641206396
292,-0.9872003903837303,0.06508561858584352,1.1952052836879563,0.8240677136308887,-1.779555066645019,0.6904618077371967,0.03538224512564416,-1.0886176352260544,-1.045881063512681,-1.2168671412423475
293,4.097114313944214,1.6983576662808442,1.7206494582845442,-0.0034980532973608127,2.1992024474901433,1.5855287069457766,0.46788503426658873,2.70010416514439,2.56143275372587,2.9917659659374367
294,-1.0293938734071988,0.8817216424333439,0.14431693449478036,1.2378505970950135,-0.7325136155568189,-0.6521385410756733,0.046645061892365725,-1.1866786700591714,-1.1947265365540773,-1.24520810492706
295,1.0802802777662222,0.8817216424333439,1.1952052836879563,1.2378505970950135,-0.4533025619332999,-0.2046050914713833,0.597513680072252,1.1846154449962119,1.1167561036181979,1.0787509172193523
296,0.700538930555006,0.8817216424333439,-0.9065714146983955,-1.2448467036897353,-0.24389427171566183,-0.6521385410756733,0.37539180789459703,0.8547737823757269,0.8803544699642155,0.8236822440569416
297,-0.8184264582898567,0.8817216424333439,-0.38112724010180754,0.8240677136308887,0.035316781907857205,-0.6521385410756733,0.03984487063698666,-0.8924955655598191,-0.8357462780424739,-0.8484346133410873
298,0.5739584814846012,-0.751550405261657,-0.9065714146983955,-0.8310638202256104,-0.5231053253391809,2.033062156550067,0.25022578760027625,0.7745420266031756,0.8278207735966633,0.7244888711604479
299,2.346084768470274,0.8817216424333439,1.7206494582845442,-1.2448467036897353,-0.7325136155568189,-0.6521385410756733,0.6081389789087818,2.031506200373135,2.062362638234129,1.9148093459183664
300,0.21531387578511957,0.8817216424333439,0.14431693449478036,0.410284830166764,0.38433059893725724,-0.2046050914713833,0.27413270998246825,0.40012716633127293,0.4163068187175084,0.4552497161556807
301,-0.9661036488719961,0.8817216424333439,-1.4320155892949833,-1.2448467036897353,0.3145278355313812,-1.5472054402842532,0.029538330765552782,-1.124276193347188,-1.0809035277577155,-1.0609918409764298
302,1.481118366489172,0.06508561858584352,-1.4320155892949833,-1.2448467036897353,-0.24389427171566183,0.6904618077371967,0.6182861392976677,1.4966278285561312,1.3181352730271465,1.362160554066476
303,-0.7762329752663882,0.8817216424333439,0.14431693449478036,1.2378505970950135,0.38433059893725724,-1.0996719906799632,0.0721457791000372,-0.785519891196419,-0.7481901174298881,-0.7209002767598819
304,-0.4808785941021094,1.6983576662808442,0.14431693449478036,-1.2448467036897353,2.8274273181430574,0.2429283581329067,0.06019231790894119,-0.4735075076364996,-0.5555665640821986,-0.21076293043505917
305,-1.0926840979424013,0.8817216424333439,-0.9065714146983955,1.2378505970950135,-0.03448598149801883,-0.2046050914713833,0.041438665462466134,-1.338227542073989,-1.343572009595474,-1.330230995981197
306,0.8904096041606141,-1.5681864291091574,-0.38112724010180754,0.8240677136308887,0.4541333623431382,0.6904618077371967,0.40763958986346494,1.0508958520419613,0.9766662466380598,1.0645804353769965
307,2.430471734517211,-1.5681864291091574,-0.38112724010180754,0.410284830166764,-0.03448598149801883,-1.0996719906799632,0.9230197099293418,2.0225915608428515,2.027340173989095,1.9998322369725041
308,1.7553760061417165,0.8817216424333439,-0.9065714146983955,-0.8310638202256104,-1.639949539833262,0.6904618077371967,0.5461934866918132,1.7818962935252003,1.6946267636612669,1.4613539269629696
309,0.5317649984611327,0.8817216424333439,-0.38112724010180754,-1.2448467036897353,0.5239361257490193,-0.6521385410756733,0.267066886256176,0.7032249103609084,0.6089303720651978,0.7244888711604479
310,0.17312039276165112,0.8817216424333439,-0.9065714146983955,-0.8310638202256104,0.3145278355313812,-0.6521385410756733,0.2104871699516549,0.3466393291495729,0.3725287384112155,0.398567788786256
311,-1.0082971318954645,0.8817216424333439,1.1952052836879563,-0.4172809367614856,0.035316781907857205,-1.0996719906799632,0.04877012165967168,-1.1777640305288881,-1.142192840186526,-1.146014732030567
312,-0.1855242129378305,-1.5681864291091574,-0.38112724010180754,0.410284830166764,0.035316781907857205,0.2429283581329067,0.12580353822451257,-0.06343408924346336,-0.03022960040668098,-0.040717148326785545
313,0.8482161211371456,0.06508561858584352,1.1952052836879563,1.6516334805591384,-1.430541249615619,1.1379952573414867,0.5033735323805982,1.1311276078145118,1.029199943005612,0.8661936895840104
314,1.1435705023014249,0.8817216424333439,1.1952052836879563,1.2378505970950135,0.3145278355313812,-0.6521385410756733,0.618392392286033,1.2291886426476295,1.1430229518019739,1.2204557356429149
315,0.46847477392593007,0.06508561858584352,0.14431693449478036,0.8240677136308887,-0.24389427171566183,0.6904618077371967,0.33140307071136377,0.6675663522397756,0.6001747560039394,0.5969545345792426
316,-0.8395231998015908,-0.751550405261657,-1.4320155892949833,-1.2448467036897353,1.5011748134313383,0.2429283581329067,0.036497901503479785,-0.9816419608626535,-0.932058054716319,-0.8059231678140184
317,0.48957151543766425,0.06508561858584352,0.6697611090913683,-1.2448467036897353,-0.10428874490389983,0.6904618077371967,0.23173776762471446,0.6497370731792083,0.66146406843275,0.6394659801063115
318,-0.5019753356138434,0.06508561858584352,-0.9065714146983955,-1.2448467036897353,-0.24389427171566183,0.2429283581329067,0.09153694947670403,-0.39327575186394914,-0.35418739467325,-0.3949791943856899
319,0.4262812909024616,0.06508561858584352,1.7206494582845442,-0.8310638202256104,0.38433059893725724,0.2429283581329067,0.14880731020559954,0.6408224336489251,0.5301298275138704,0.6252954982639549
320,-0.9872003903837303,-1.5681864291091574,1.1952052836879563,1.6516334805591384,0.1051195453137382,0.2429283581329067,0.03995112362535196,-1.1955933095894553,-1.142192840186526,-1.146014732030567
321,-1.050490614918933,0.8817216424333439,1.1952052836879563,-0.4172809367614856,-0.5929080887450618,-0.6521385410756733,0.04584816447962599,-1.240166507240872,-1.2034821526153359,-1.2593785867694165
322,-0.7762329752663882,0.8817216424333439,0.14431693449478036,-0.4172809367614856,-0.5929080887450618,-0.2046050914713833,0.08393986080858525,-0.7498613330752854,-0.7657013495524049,-0.8059231678140184
323,1.987440162770793,0.8817216424333439,-1.4320155892949833,-0.8310638202256104,0.38433059893725724,-0.2046050914713833,0.535780693832014,1.8442987702371836,1.7208936118450429,1.82978645486423
324,-1.0293938734071988,0.06508561858584352,0.14431693449478036,0.410284830166764,-2.407779937297943,1.5855287069457766,0.039791744142804016,-1.115361553816904,-1.1334372241252668,-1.330230995981197
325,-0.05894376386742515,-1.5681864291091574,1.1952052836879563,0.410284830166764,0.7333444159666572,0.6904618077371967,0.16596716782659512,0.07028550371078714,0.09234902445093941,0.17184007930855758
326,-1.0293938734071988,0.8817216424333439,-1.4320155892949833,-1.2448467036897353,0.24472507212550018,-0.6521385410756733,0.030919619614301654,-1.2312518677105888,-1.185970920492819,-1.1743556957152792
327,0.21531387578511957,-1.5681864291091574,0.6697611090913683,0.410284830166764,0.5239361257490193,-0.2046050914713833,0.17048291983212027,0.3466393291495729,0.40755120265625,0.44107923431332485
328,1.1857639853248934,-1.5681864291091574,-0.38112724010180754,-0.8310638202256104,-0.17409150830978082,0.2429283581329067,0.33358125697285235,1.2113593635870623,1.2480903445370775,1.192114771958202
329,-1.050490614918933,-1.5681864291091574,-0.9065714146983955,0.8240677136308887,-2.617188227515581,2.033062156550067,0.03538224512564416,-1.1510201119380377,-1.1246816080640083,-1.3585719596659094
330,1.5022151080009063,0.8817216424333439,-1.4320155892949833,0.410284830166764,0.6635416525607812,-0.2046050914713833,0.7693778887531212,1.4074814332532968,1.3356465051496633,1.4613539269629696
331,-0.8395231998015908,0.8817216424333439,-0.38112724010180754,1.2378505970950135,0.1749223087196192,-1.5472054402842532,0.05780162567072199,-0.8657516469689694,-0.888279974410026,-0.8484346133410873
332,-1.0082971318954645,-1.5681864291091574,1.1952052836879563,1.6516334805591384,-0.31369703512154284,-0.2046050914713833,0.03570100409074005,-1.1955933095894553,-1.142192840186526,-1.1885261775576352
333,-0.9661036488719961,0.06508561858584352,0.6697611090913683,-1.2448467036897353,-1.081527432586219,0.6904618077371967,0.030494607660840462,-1.0529590771049209,-1.0633922956351987,-1.146014732030567
334,-0.5019753356138434,0.06508561858584352,-1.4320155892949833,-0.8310638202256104,0.5937388891549003,0.6904618077371967,0.06890506295489561,-0.437848949515366,-0.4680104034696119,-0.3808087125433334
335,-1.0293938734071988,0.8817216424333439,1.1952052836879563,-0.4172809367614856,-0.31369703512154284,-0.6521385410756733,0.04733570631674016,-1.2045079491197386,-1.1684596883703013,-1.2026966593999917
336,1.6287955570713115,-1.5681864291091574,0.6697611090913683,0.410284830166764,-1.0117246691803428,0.2429283581329067,0.555012484726133,1.648176700570949,1.5895593709261633,1.4471834451206125
337,2.7047293741697565,-1.5681864291091574,0.6697611090913683,0.410284830166764,-1.988963356862662,1.5855287069457766,0.9712054401530043,2.33460394440277,2.298764271888111,1.9573207914454354
338,0.46847477392593007,-1.5681864291091574,-1.4320155892949833,-1.2448467036897353,1.3615692866195812,-1.0996719906799632,0.38660149816713596,0.4981882011643906,0.5826635238814225,0.7103183893180921
339,-0.6074590431725145,0.8817216424333439,-0.9065714146983955,0.410284830166764,0.035316781907857205,-1.0996719906799632,0.09493704510439356,-0.5180807052879165,-0.4855216355921296,-0.4941725672821829
340,-0.1644274714260963,0.8817216424333439,1.1952052836879563,0.410284830166764,-0.03448598149801883,-0.6521385410756733,0.16001700047813844,0.007883026998803893,0.03981532808338804,0.015964779042639207
341,0.9115063456723483,0.06508561858584352,0.6697611090913683,0.410284830166764,-0.03448598149801883,0.2429283581329067,0.2933113743824045,0.9974080148602605,0.9941774787605774,0.97955754432286
342,1.987440162770793,0.8817216424333439,1.7206494582845442,0.8240677136308887,-0.4533025619332999,-0.6521385410756733,0.5946979758805716,1.8888719678886003,1.7996941563963704,1.7589340456524494
343,-0.20662095444956474,0.8817216424333439,0.14431693449478036,1.6516334805591384,0.1051195453137382,-1.1891786806008227,0.19874621473728948,-0.045604810182896936,-0.012718368284164113,-0.012376184642073167
344,-0.6285557846842488,-0.751550405261657,-1.4320155892949833,-1.2448467036897353,1.3615692866195812,-0.6521385410756733,0.07517398926844818,-0.5983124610604676,-0.6256114925722677,-0.46583160359747056
345,1.5655053325361088,-0.751550405261657,-1.4320155892949833,-0.0034980532973608127,1.0823582329960573,1.1379952573414867,0.3326249800775647,1.36290823560188,1.3706689693946978,1.5180358543323944
346,0.08873342671471421,0.06508561858584352,-1.4320155892949833,-0.8310638202256104,0.4541333623431382,0.2429283581329067,0.13674759602613823,0.23074901525588884,0.20617203324730138,0.28520393404740707
347,1.5022151080009063,-1.5681864291091574,-1.4320155892949833,-0.8310638202256104,-2.058766120268543,0.2429283581329067,0.5167614089146257,1.6036035029195321,1.6420930672937155,1.2913081448546955
348,-0.20662095444956474,-0.751550405261657,-0.9065714146983955,-0.8310638202256104,-2.268174410486181,3.3756625053629365,0.12272220156191893,0.05245622465022072,0.022304095960870397,-0.22493341227741567
349,0.4473780324141958,0.06508561858584352,1.1952052836879563,-0.4172809367614856,-0.31369703512154284,0.2429283581329067,0.3905859852308346,0.6675663522397756,0.5826635238814225,0.5827840527368867
350,-0.7973297167781225,-1.5681864291091574,0.14431693449478036,-1.2448467036897353,0.9427527061843003,-0.6521385410756733,0.03809169632895925,-0.8568370074386863,-0.818235045919957,-0.7350707586022378
351,-1.0082971318954645,0.8817216424333439,-1.4320155892949833,-1.2448467036897353,1.0125554695901813,-1.0996719906799632,0.02805078892843861,-1.2134225886500216,-1.2297490007991119,-1.1176737683458546
352,0.21531387578511957,-0.751550405261657,-1.4320155892949833,0.410284830166764,1.5709775768372194,0.2429283581329067,0.22727514211337194,0.25749293384673844,0.293728193859888,0.4694201979980372
353,0.6372487060198039,0.06508561858584352,0.14431693449478036,0.410284830166764,-0.8721191423685809,-0.2046050914713833,0.5039579238166073,0.86368842190601,0.8365763896579225,0.7244888711604479
354,-1.0082971318954645,0.8817216424333439,1.7206494582845442,0.410284830166764,0.3145278355313812,-0.2046050914713833,0.02087871221378101,-1.2223372281803049,-1.185970920492819,-1.1601852138729227
355,-0.5652655601490462,0.8817216424333439,-0.9065714146983955,-1.2448467036897353,-0.17409150830978082,-1.0996719906799632,0.1073686447431334,-0.48242214716678283,-0.45049917134709505,-0.4800020854398264
356,-0.6918460092194515,0.06508561858584352,1.1952052836879563,-1.2448467036897353,0.6635416525607812,0.2429283581329067,0.049460766084046114,-0.6785442168330181,-0.6518783407560429,-0.5933659401786759
357,-0.8184264582898567,-0.751550405261657,-0.38112724010180754,-1.2448467036897353,1.4313720500254572,-0.6521385410756733,0.03628539552674919,-0.9281541236809527,-0.8707687422875084,-0.7492412404445943
358,0.6583454475315381,0.8817216424333439,1.1952052836879563,-0.8310638202256104,0.1051195453137382,-1.0996719906799632,0.2223343781543856,0.8191152242545933,0.7577758451065942,0.7953412803722286
359,-0.7973297167781225,-1.5681864291091574,-0.9065714146983955,-1.2448467036897353,1.0823582329960573,0.2429283581329067,0.05004515752005525,-0.8746662864992527,-0.8795243583487669,-0.7634117222869502
360,-0.9661036488719961,0.06508561858584352,-0.38112724010180754,0.410284830166764,-1.919160593456781,0.6904618077371967,0.036604154491845085,-0.99947123992322,-1.0371254474514224,-1.1885261775576352
361,-0.8184264582898567,-0.751550405261657,0.14431693449478036,-1.2448467036897353,1.3615692866195812,0.2429283581329067,0.048026350741114596,-0.8835809260295359,-0.8970355904712844,-0.7492412404445943
362,0.10983016822644844,0.8817216424333439,0.6697611090913683,-1.2448467036897353,-0.24389427171566183,-0.6521385410756733,0.18020506826754504,0.2931514919678721,0.33750627416618095,0.28520393404740707
363,-0.41758836956690676,-0.751550405261657,0.14431693449478036,-1.2448467036897353,1.3615692866195812,1.5855287069457766,0.07262391754768102,-0.437848949515366,-0.4592547874083535,-0.2957858214891963
364,-0.7762329752663882,-1.5681864291091574,0.14431693449478036,0.410284830166764,0.5239361257490193,1.1379952573414867,0.042713701322849705,-0.8211784493175527,-0.7657013495524049,-0.7350707586022378
365,-0.03784702235569092,0.06508561858584352,-0.38112724010180754,-0.8310638202256104,-1.430541249615619,0.6904618077371967,0.1101843489348138,0.2664075733770225,0.20617203324730138,0.058476224569708087
366,-0.8395231998015908,0.06508561858584352,-1.4320155892949833,0.410284830166764,0.5239361257490193,0.2429283581329067,0.05179833182808267,-0.8924955655598191,-0.9495692868388359,-0.8626050951834432
367,-0.8395231998015908,0.8817216424333439,-1.4320155892949833,0.8240677136308887,0.4541333623431382,0.2429283581329067,0.06640811772831111,-0.9192394841506695,-0.888279974410026,-0.8484346133410873
368,0.48957151543766425,0.8817216424333439,0.14431693449478036,0.410284830166764,-1.8493578300509,-1.0996719906799632,0.34760665143707165,0.7745420266031756,0.8365763896579225,0.5544430890521743
369,0.046539943691245755,0.06508561858584352,0.14431693449478036,-0.8310638202256104,0.5239361257490193,0.6904618077371967,0.13515380120065876,0.23966365478617205,0.17990518506352607,0.2710334522050506
370,2.599245666611085,0.8817216424333439,0.14431693449478036,-0.8310638202256104,-0.24389427171566183,0.2429283581329067,0.9846995696753971,2.1295672352062516,2.123651950662939,2.0706846461842847
371,-0.20662095444956474,0.8817216424333439,0.14431693449478036,-1.2448467036897353,0.5937388891549003,-1.0996719906799632,0.12803485098018383,-0.054519449713180144,-0.03022960040668098,0.03013526088499571
372,0.6583454475315381,0.8817216424333439,-0.38112724010180754,-1.2448467036897353,-1.081527432586219,-1.5472054402842532,0.28236731658077885,0.970664096269411,0.845332005719181,0.752829834845161
373,0.48957151543766425,0.8817216424333439,-0.9065714146983955,-0.8310638202256104,-0.7325136155568189,-1.0996719906799632,0.25707910534983797,0.7834566661334595,0.6964865326777845,0.6394659801063115
374,-0.8184264582898567,-1.5681864291091574,1.1952052836879563,0.8240677136308887,0.38433059893725724,-0.6521385410756733,0.04776071827020135,-0.8568370074386863,-0.818235045919957,-0.7917526859716626
375,1.903053196723856,0.06508561858584352,1.1952052836879563,-0.8310638202256104,0.3145278355313812,0.6904618077371967,0.39387982787015885,1.7373230958737826,1.6333374512324563,1.7164226001253804
376,-0.9028134243367935,-1.5681864291091574,1.1952052836879563,-1.2448467036897353,-1.221132959397981,-0.2046050914713833,0.029272698294639538,-0.9459834027415199,-0.9057912065325429,-1.0326508772917173
377,0.8693128626488799,0.8817216424333439,0.6697611090913683,-0.8310638202256104,-0.8023163789626999,-0.6521385410756733,0.2754077458428518,1.0776397706328118,1.0379555590668703,0.937046098795791
378,-0.9661036488719961,-1.5681864291091574,-1.4320155892949833,-1.2448467036897353,1.0823582329960573,-0.2046050914713833,0.0379323168464113,-1.124276193347188,-1.1334372241252668,-1.0184803954493615
379,-0.4808785941021094,0.8817216424333439,-0.38112724010180754,1.2378505970950135,-0.5929080887450618,-0.6521385410756733,0.10354353716198268,-0.33087327515196513,-0.31040931436695707,-0.3808087125433334
380,3.9283403818503406,-0.751550405261657,-0.38112724010180754,-0.8310638202256104,1.4313720500254572,-0.2046050914713833,0.8627211390320353,2.6555309674929735,2.552677137664612,2.8358906656715184
381,-0.8395231998015908,-0.751550405261657,1.1952052836879563,1.2378505970950135,-1.8493578300509,1.5855287069457766,0.05381713860702332,-0.776605251666135,-0.7481901174298881,-0.9334575043952245
382,-0.5863623016607803,0.8817216424333439,1.1952052836879563,0.8240677136308887,0.4541333623431382,-1.0549186457195336,0.09339637677309674,-0.5537392634090501,-0.5117884837759049,-0.4800020854398264
383,-0.7973297167781225,0.8817216424333439,0.6697611090913683,-0.4172809367614856,0.24472507212550018,-1.5472054402842532,0.05105456090952558,-0.8122638097872686,-0.7832125816749225,-0.7634117222869502
384,-1.1137808394541355,0.8817216424333439,-1.4320155892949833,1.6516334805591384,0.1051195453137382,-0.6521385410756733,0.04037613557881315,-1.400630018785973,-1.3523276256567323,-1.3585719596659094
385,0.8482161211371456,0.8817216424333439,0.6697611090913683,-1.2448467036897353,1.2219637598078192,1.5855287069457766,0.2856080327259204,0.9082616195574269,0.8540876217804394,1.0362394716922834
386,-0.5652655601490462,0.8817216424333439,1.1952052836879563,0.8240677136308887,0.24472507212550018,-0.2046050914713833,0.09631833395314243,-0.4913367866970668,-0.5030328677146465,-0.46583160359747056
387,0.046539943691245755,-0.751550405261657,1.7206494582845442,-1.2448467036897353,-3.036004807950862,0.6904618077371967,0.11369069755086862,0.462529643043257,0.39879558659499154,0.044305742727351584
388,1.0169900532310194,-1.5681864291091574,-0.38112724010180754,-0.8310638202256104,-0.9419219057744619,1.5855287069457766,0.35945385963980236,1.202444724056779,1.1342673357407154,1.0220689898499276
389,2.578148925099351,0.06508561858584352,0.6697611090913683,-0.8310638202256104,-1.639949539833262,0.6904618077371967,0.7618870530733677,2.2454575490999367,2.167430030969233,1.9148093459183664
390,-1.050490614918933,0.8817216424333439,-1.4320155892949833,-1.2448467036897353,0.38433059893725724,-0.2046050914713833,0.029963342719013974,-1.293654344422572,-1.2385046168603704,-1.2168671412423475
391,-0.5652655601490462,0.06508561858584352,0.14431693449478036,-0.8310638202256104,-0.8721191423685809,1.1379952573414867,0.06598310577484992,-0.4467635890456492,-0.4767660195308704,-0.5508544946516076
392,-0.14333072991436205,0.8817216424333439,-0.9065714146983955,0.410284830166764,-0.17409150830978082,-0.2046050914713833,0.17776124953514316,0.07028550371078714,0.08359340838968098,0.058476224569708087
393,-0.20662095444956474,0.06508561858584352,-0.9065714146983955,-0.8310638202256104,-0.8023163789626999,0.2429283581329067,0.1379163788981565,0.0167976665290871,-0.03022960040668098,-0.09739907569620966
394,-0.8817166828250593,0.8817216424333439,-0.38112724010180754,1.6516334805591384,0.24472507212550018,-0.6521385410756733,0.054773415502311004,-0.9727273213323704,-0.932058054716319,-0.9192870225528679
395,-1.0293938734071988,0.8817216424333439,-0.9065714146983955,1.6516334805591384,0.1051195453137382,-0.6521385410756733,0.040694894543909045,-1.2134225886500216,-1.1772153044315605,-1.1743556957152792
396,-0.6074590431725145,-0.751550405261657,-1.4320155892949833,0.410284830166764,-3.5944269151979,0.6904618077371967,0.09461828613929767,-0.3219586356216819,-0.4154767071020606,-0.7492412404445943
397,0.46847477392593007,0.8817216424333439,-0.38112724010180754,0.410284830166764,-0.38349979852741883,-0.6521385410756733,0.2822079370982309,0.7121395498911923,0.6527084523714916,0.6252954982639549
398,1.5444085910243748,0.06508561858584352,1.1952052836879563,-0.0034980532973608127,0.7333444159666572,0.2429283581329067,0.3284811135313181,1.478798549495564,1.353157737272181,1.5180358543323944
399,-0.6074590431725145,0.8817216424333439,-1.4320155892949833,-1.2448467036897353,0.6635416525607812,-1.0996719906799632,0.0763958986346491,-0.5893978215301837,-0.5555665640821986,-0.4941725672821829
400,0.21531387578511957,-0.751550405261657,0.14431693449478036,-1.2448467036897353,0.9427527061843003,0.2429283581329067,0.2098496520214631,0.3466393291495729,0.39003997053373235,0.4835906798403931
401,0.4473780324141958,-1.5681864291091574,1.7206494582845442,-1.2448467036897353,0.8729499427784192,-1.5472054402842532,0.22281251660202944,0.5516760383460907,0.5914191399426809,0.681977425633379
402,-0.5230720771255777,0.8817216424333439,1.1952052836879563,-0.8310638202256104,0.24472507212550018,-0.2046050914713833,0.06587685278648461,-0.38436111233366593,-0.44174355528583586,-0.3808087125433334
403,-0.20662095444956474,-0.751550405261657,0.14431693449478036,0.8240677136308887,1.3615692866195812,-0.2046050914713833,0.12968177229984593,-0.161495124076581,-0.10027452889675,0.03013526088499571
404,0.257507358808588,0.06508561858584352,0.6697611090913683,0.8240677136308887,-0.24389427171566183,0.2429283581329067,0.1978961908303671,0.4447003639826906,0.4688405150850598,0.4269087524709683
405,-0.9239101658485277,0.06508561858584352,1.1952052836879563,-0.8310638202256104,-0.6627108521509428,0.2429283581329067,0.032300908463050525,-0.99947123992322,-1.019614215328905,-1.0609918409764298
406,-1.0082971318954645,0.8817216424333439,-0.38112724010180754,-1.2448467036897353,-0.38349979852741883,-0.6521385410756733,0.02284439249853902,-1.1599347514683216,-1.11592599200275,-1.1601852138729227
407,-0.6074590431725145,0.8817216424333439,-1.4320155892949833,-1.2448467036897353,-0.17409150830978082,-1.0996719906799632,0.08213356000637517,-0.4913367866970668,-0.5030328677146465,-0.5083430491245388
408,-0.41758836956690676,0.8817216424333439,0.14431693449478036,1.6516334805591384,0.8729499427784192,-1.0996719906799632,0.11385007703341657,-0.3041293565611155,-0.3191649304282155,-0.21076293043505917
409,-0.6074590431725145,-0.751550405261657,-1.4320155892949833,0.410284830166764,-1.779555066645019,2.033062156550067,0.08255857195983637,-0.4556782285759332,-0.38920985891828447,-0.6075364220210324
410,-0.14333072991436205,0.8817216424333439,-0.38112724010180754,-1.2448467036897353,0.7333444159666572,-0.2046050914713833,0.12378473144557191,0.03462694558965351,-0.012718368284164113,0.10098767009677634
411,-0.05894376386742515,0.8817216424333439,0.6697611090913683,0.8240677136308887,-0.24389427171566183,-0.6521385410756733,0.13998831217127983,0.11485870136220476,0.14488272081849157,0.10098767009677634
412,0.46847477392593007,0.8817216424333439,0.14431693449478036,0.410284830166764,0.7333444159666572,-0.2046050914713833,0.37385113956330024,0.6051638755277915,0.547641059636388,0.6678069437910232
413,0.4262812909024616,-0.751550405261657,-0.9065714146983955,-1.2448467036897353,1.7105831036489814,-0.6521385410756733,0.299739680178505,0.4447003639826906,0.48635174720757746,0.681977425633379
414,0.5106682569493985,0.06508561858584352,-0.9065714146983955,-0.8310638202256104,-0.5231053253391809,0.6904618077371967,0.2555915635127238,0.7210541894214756,0.6789753005552669,0.6252954982639549
415,-0.9239101658485277,0.06508561858584352,0.14431693449478036,-1.2448467036897353,0.38433059893725724,0.6904618077371967,0.040907400520639646,-1.0440444375746376,-1.0809035277577155,-1.0184803954493615
416,-0.08004050537915937,-0.751550405261657,0.6697611090913683,-1.2448467036897353,1.6407803402430954,0.6904618077371967,0.10168410986558997,-0.0010316125314793153,0.013548479899611962,0.20018104299326997
417,-0.14333072991436205,-1.5681864291091574,0.6697611090913683,0.410284830166764,0.7333444159666572,0.6904618077371967,0.1288848748871062,-0.009946252061763314,0.013548479899611962,0.08681718825442046
418,0.5950552229963354,0.8817216424333439,-0.38112724010180754,1.6516334805591384,0.4541333623431382,-1.0996719906799632,0.36423524411624075,0.7121395498911923,0.731508996922819,0.7811707985298727
419,-0.20662095444956474,0.8817216424333439,0.14431693449478036,1.6516334805591384,-0.03448598149801883,0.2429283581329067,0.19359294480157255,-0.06343408924346336,-0.021473984345422546,-0.040717148326785545
420,0.4473780324141958,0.06508561858584352,1.1952052836879563,0.8240677136308887,0.4541333623431382,0.6904618077371967,0.3274185836476651,0.578419956936941,0.5388854435751288,0.6111250164215991
421,0.6161519645080696,-0.751550405261657,-0.38112724010180754,-1.2448467036897353,1.2917665232137003,-0.6521385410756733,0.2661637358550709,0.738883468482042,0.6964865326777845,0.8803641714263664
422,-0.7973297167781225,0.8817216424333439,1.1952052836879563,1.2378505970950135,-0.38349979852741883,-0.6521385410756733,0.06561122031557137,-0.776605251666135,-0.7744569656136641,-0.8059231678140184
423,-0.1644274714260963,0.8817216424333439,-1.4320155892949833,0.8240677136308887,0.1051195453137382,-1.0996719906799632,0.17441428040163628,0.007883026998803893,0.031059712022128826,0.03013526088499571
424,-0.9872003903837303,0.8817216424333439,0.14431693449478036,1.2378505970950135,0.1051195453137382,-0.6521385410756733,0.054242150560484516,-1.124276193347188,-1.1509484562477845,-1.1176737683458546
425,-0.438685111078641,0.8817216424333439,0.14431693449478036,-0.8310638202256104,-1.1513301959920998,-0.2046050914713833,0.07283642352441162,-0.2506415193794147,-0.21409753769311196,-0.35246774885862103
426,0.4262812909024616,0.8817216424333439,0.14431693449478036,-1.2448467036897353,0.1749223087196192,-0.2046050914713833,0.27609839026722627,0.5695053174066579,0.6089303720651978,0.6111250164215991
427,0.10983016822644844,-1.5681864291091574,-1.4320155892949833,0.410284830166764,-1.081527432586219,1.1379952573414867,0.20565265898103385,0.3198954105587225,0.3550175062886978,0.20018104299326997
428,-1.1981678055010725,-1.5681864291091574,-0.9065714146983955,1.2378505970950135,-0.8721191423685809,-1.0996719906799632,0.025075705254210275,-1.5343496117402242,-1.5011730986981295,-1.5711291873012518
429,-1.050490614918933,0.8817216424333439,-0.9065714146983955,-0.8310638202256104,-0.4533025619332999,0.2429283581329067,0.02194124209743399,-1.2669104258317225,-1.2297490007991119,-1.2735490686117723
430,-0.45978185259037524,0.06508561858584352,-1.4320155892949833,0.410284830166764,-1.5003440130215,0.6904618077371967,0.11645327524836636,-0.2684707984399819,-0.31040931436695707,-0.451661121755114
431,-0.7973297167781225,0.8817216424333439,0.6697611090913683,1.6516334805591384,-0.38349979852741883,-0.2046050914713833,0.0690113159432609,-0.8033491702569854,-0.7569457334911465,-0.8059231678140184
432,-0.1855242129378305,0.8817216424333439,1.1952052836879563,-1.2448467036897353,-0.31369703512154284,-1.0996719906799632,0.1597513680072252,-0.0010316125314793153,0.04857094414464647,-0.012376184642073167
433,-0.3964916280551725,0.8817216424333439,1.7206494582845442,0.410284830166764,-1.430541249615619,0.6904618077371967,0.06550496732720608,-0.17040976360686422,-0.23160876981562958,-0.35246774885862103
434,-0.14333072991436205,0.8817216424333439,-0.38112724010180754,-1.2448467036897353,0.1749223087196192,-1.0996719906799632,0.14110396854911544,0.025712306059370308,0.10110464051219785,0.08681718825442046
435,-1.0293938734071988,0.8817216424333439,1.1952052836879563,-0.4172809367614856,-0.7325136155568189,0.2429283581329067,0.04627317643308718,-1.2134225886500216,-1.1597040723090428,-1.231037623084704
436,0.4262812909024616,0.06508561858584352,0.14431693449478036,0.410284830166764,0.5937388891549003,1.1379952573414867,0.343622164373373,0.5695053174066579,0.48635174720757746,0.5969545345792426
437,0.3629910663672589,-1.5681864291091574,0.6697611090913683,-0.8310638202256104,1.1521609964019384,0.2429283581329067,0.13637571056685968,0.5427613988158074,0.40755120265625,0.6252954982639549
438,-1.050490614918933,0.8817216424333439,1.1952052836879563,1.2378505970950135,0.1749223087196192,-1.0996719906799632,0.05381713860702332,-1.240166507240872,-1.2472602329216296,-1.2168671412423475
439,-0.1855242129378305,-1.5681864291091574,0.14431693449478036,-1.2448467036897353,0.4541333623431382,0.2429283581329067,0.1356319396483026,-0.08126336830403057,-0.04774083252919862,-0.012376184642073167
440,-0.9872003903837303,0.8817216424333439,-0.38112724010180754,1.2378505970950135,0.5239361257490193,-0.6521385410756733,0.04786697125856665,-1.1510201119380377,-1.1509484562477845,-1.0893328046611421
441,-0.1644274714260963,-1.5681864291091574,-1.4320155892949833,0.410284830166764,0.8729499427784192,-0.6521385410756733,0.15667003134463156,-0.06343408924346336,-0.003962752222904903,0.07264670641206396
442,-1.1137808394541355,0.8817216424333439,0.6697611090913683,0.8240677136308887,0.1051195453137382,-1.0996719906799632,0.022950645486904318,-1.400630018785973,-1.3610832417179914,-1.3585719596659094
443,-0.5863623016607803,0.8817216424333439,-0.9065714146983955,0.410284830166764,0.5937388891549003,-1.0996719906799632,0.09679647240078627,-0.5448246238787668,-0.5205440998371641,-0.46583160359747056
444,-0.1644274714260963,0.06508561858584352,-1.4320155892949833,-1.2448467036897353,0.24472507212550018,0.2429283581329067,0.15178239387982786,0.025712306059370308,-0.003962752222904903,0.044305742727351584
445,-1.0293938734071988,0.8817216424333439,0.14431693449478036,0.410284830166764,-0.10428874490389983,-0.6521385410756733,0.039791744142804016,-1.1955933095894553,-1.212237768676595,-1.2026966593999917
446,0.21531387578511957,0.8817216424333439,0.6697611090913683,0.8240677136308887,-0.10428874490389983,-0.6521385410756733,0.19534611910959995,0.4357857244524066,0.3725287384112155,0.38439730694390006
447,-0.9028134243367935,0.8817216424333439,-1.4320155892949833,0.8240677136308887,-0.38349979852741883,-0.6521385410756733,0.05971417946129735,-0.9459834027415199,-0.9583249029000951,-0.9759689499222927
448,-1.050490614918933,0.8817216424333439,-0.9065714146983955,1.6516334805591384,0.4541333623431382,-1.5472054402842532,0.04324496626467619,-1.2758250653620058,-1.2385046168603704,-1.2026966593999917
449,-0.5652655601490462,0.8817216424333439,1.1952052836879563,0.8240677136308887,0.5937388891549003,-1.5472054402842532,0.09143069648833874,-0.5091660657576332,-0.4767660195308704,-0.4233201580704017
450,-0.5230720771255777,0.06508561858584352,-1.4320155892949833,0.410284830166764,-1.430541249615619,-0.2046050914713833,0.11220315571375444,-0.3041293565611155,-0.3279205464894739,-0.46583160359747056
451,-0.1644274714260963,0.8817216424333439,-0.38112724010180754,0.8240677136308887,0.38433059893725724,-1.0996719906799632,0.15667003134463156,-0.009946252061763314,0.0047928638383535295,0.044305742727351584
452,-0.8817166828250593,-1.5681864291091574,-0.38112724010180754,1.2378505970950135,1.0823582329960573,0.2429283581329067,0.0548796684906763,-0.9905566003929368,-1.019614215328905,-0.8909460588681556
453,1.7131825231182485,0.8817216424333439,0.6697611090913683,-1.2448467036897353,0.4541333623431382,-1.0996719906799632,0.543802794453594,1.5679449447983984,1.5632925227423873,1.6172292272288868
454,-1.0293938734071988,0.06508561858584352,-1.4320155892949833,0.410284830166764,-0.8023163789626999,0.6904618077371967,0.04632630292726983,-1.1955933095894553,-1.2034821526153359,-1.2593785867694165
455,-0.5652655601490462,-1.5681864291091574,1.1952052836879563,-1.2448467036897353,0.5239361257490193,-1.0996719906799632,0.06731126812941614,-0.5448246238787668,-0.43298793922457746,-0.4233201580704017
456,2.5570521835876163,-0.751550405261657,1.1952052836879563,-1.2448467036897353,0.9427527061843003,0.6904618077371967,0.9866652499601551,2.004762281782285,2.0098289418665765,2.1415370553960655
457,-0.4808785941021094,0.8817216424333439,-1.4320155892949833,-1.2448467036897353,-0.17409150830978082,-0.6521385410756733,0.07628964564628381,-0.36653183327309874,-0.3366761625507331,-0.36663823070097756
458,0.4473780324141958,0.06508561858584352,-1.4320155892949833,-1.2448467036897353,-1.919160593456781,0.6904618077371967,0.27763905859852306,0.7745420266031756,0.7227533808615598,0.4835906798403931
459,-0.20662095444956474,0.8817216424333439,0.14431693449478036,0.410284830166764,-0.6627108521509428,-0.2046050914713833,0.1570419168039101,0.0167976665290871,0.031059712022128826,-0.054887630169141416
460,-0.7973297167781225,0.06508561858584352,-0.9065714146983955,0.8240677136308887,-0.6627108521509428,1.1379952573414867,0.06263613664134304,-0.7944345307267022,-0.7569457334911465,-0.8342641314987308
461,-1.050490614918933,0.8817216424333439,1.1952052836879563,-0.4172809367614856,0.24472507212550018,-1.9947388898885432,0.04584816447962599,-1.2758250653620058,-1.2297490007991119,-1.2168671412423475
462,-1.1137808394541355,0.8817216424333439,-0.38112724010180754,0.8240677136308887,0.38433059893725724,-0.6521385410756733,0.024650693300749083,-1.4095446583162563,-1.36983885777925,-1.3444014778235536
463,-0.20662095444956474,0.8817216424333439,-0.9065714146983955,-1.2448467036897353,-0.24389427171566183,-1.5472054402842532,0.15257929129256761,-0.018860891592046524,0.013548479899611962,-0.026546666484429042
464,-0.5652655601490462,0.8817216424333439,1.1952052836879563,1.6516334805591384,-0.24389427171566183,-0.2046050914713833,0.10896243956861287,-0.4200196704547996,-0.4767660195308704,-0.46583160359747056
465,-0.20662095444956474,1.6983576662808442,0.6697611090913683,0.8240677136308887,-1.081527432586219,3.8231959549672268,0.11868458800403761,0.03462694558965351,-0.10027452889675,-0.13991052122327854
466,0.46847477392593007,0.06508561858584352,1.1952052836879563,-1.2448467036897353,-0.7325136155568189,1.1379952573414867,0.25792912925676037,0.6943102708306251,0.6527084523714916,0.5686135708945302
467,-1.050490614918933,-1.5681864291091574,1.7206494582845442,0.8240677136308887,0.6635416525607812,0.6904618077371967,0.02093183870796366,-1.3293129025437058,-1.273527081105405,-1.231037623084704
468,0.7638291550902088,0.8817216424333439,1.1952052836879563,1.6516334805591384,0.3145278355313812,-0.6521385410756733,0.5003984487063698,0.8993469800271436,0.845332005719181,0.9087051351110781
469,0.46847477392593007,1.6983576662808442,-0.38112724010180754,-0.0034980532973608127,-0.17409150830978082,1.1379952573414867,0.15932635605376402,0.5962492359975082,0.5301298275138704,0.5402726072098178
470,-0.8184264582898567,0.06508561858584352,0.14431693449478036,-1.2448467036897353,0.035316781907857205,0.2429283581329067,0.04011050310789991,-0.8746662864992527,-0.8532575101649915,-0.8484346133410873
471,1.0169900532310194,0.06508561858584352,1.7206494582845442,-0.8310638202256104,0.38433059893725724,0.2429283581329067,0.24629442703076024,1.0776397706328118,1.0116887108830943,1.0929213990617082
472,4.097114313944214,-1.5681864291091574,1.7206494582845442,-0.8310638202256104,-0.17409150830978082,2.033062156550067,0.9118631461509855,2.7981651999775066,2.7715675391960772,2.722526810932669
473,-0.20662095444956474,-0.751550405261657,0.6697611090913683,-0.8310638202256104,1.1521609964019384,0.6904618077371967,0.09026191361632045,-0.06343408924346336,-0.14405260920304294,0.03013526088499571
474,-0.1644274714260963,0.06508561858584352,-0.38112724010180754,0.410284830166764,-0.10428874490389983,-0.2046050914713833,0.128459862933645,0.09702942230163755,0.03981532808338804,0.058476224569708087
475,-0.1644274714260963,0.8817216424333439,-1.4320155892949833,-1.2448467036897353,0.1749223087196192,-0.2046050914713833,0.13951017372363597,-0.02777553112232973,0.013548479899611962,0.015964779042639207
476,1.5022151080009063,-0.751550405261657,1.7206494582845442,0.410284830166764,-1.5701467764273809,1.5855287069457766,0.3971736705094831,1.532286386677265,1.6508486833549738,1.3338195903817645
477,-1.0082971318954645,0.06508561858584352,-0.38112724010180754,0.410284830166764,-0.7325136155568189,1.1379952573414867,0.03442596823035648,-1.1777640305288881,-1.1772153044315605,-1.231037623084704
478,-1.0082971318954645,0.8817216424333439,-0.38112724010180754,1.2378505970950135,-0.10428874490389983,-0.6521385410756733,0.038782340753333686,-1.1955933095894553,-1.1597040723090428,-1.1743556957152792
479,1.481118366489172,0.06508561858584352,1.1952052836879563,-0.0034980532973608127,-1.0117246691803428,1.5855287069457766,0.3141900865961855,1.478798549495564,1.4056914336397324,1.2771376630123397
480,-0.9239101658485277,-1.5681864291091574,0.14431693449478036,0.8240677136308887,-1.2909357228038618,0.5114484278954813,0.04382935770068533,-0.9905566003929368,-0.9408136707775774,-1.0893328046611421
481,-0.1644274714260963,-1.5681864291091574,-0.38112724010180754,0.8240677136308887,0.7333444159666572,-0.6521385410756733,0.11719704616692345,-0.009946252061763314,0.031059712022128826,0.10098767009677634
482,0.46847477392593007,-1.5681864291091574,-1.4320155892949833,-0.4172809367614856,1.2219637598078192,0.2429283581329067,0.5689847526961695,0.6229931545883579,0.521374211452612,0.7244888711604479
483,2.5359554420758825,-1.5681864291091574,-0.38112724010180754,-1.2448467036897353,-0.5929080887450618,0.2429283581329067,0.8648993252935239,2.0849940375548357,2.114896334601681,1.9856617551301483
484,0.02544320217951176,0.8817216424333439,-1.4320155892949833,-1.2448467036897353,-0.17409150830978082,-0.6521385410756733,0.1791956648780747,0.24857829431645526,0.2587057296148535,0.22852200667798234
485,-0.9872003903837303,0.06508561858584352,0.14431693449478036,-1.2448467036897353,0.7333444159666572,0.2429283581329067,0.03745417839876747,-1.1688493909986049,-1.1684596883703013,-1.0893328046611421
486,0.46847477392593007,-1.5681864291091574,0.14431693449478036,0.8240677136308887,1.2917665232137003,1.1379952573414867,0.40811772831110876,0.462529643043257,0.521374211452612,0.6536364619486673
487,0.23641061729685378,-1.5681864291091574,-0.38112724010180754,0.410284830166764,-0.10428874490389983,1.1379952573414867,0.20650268288795623,0.409041805861557,0.4163068187175084,0.398567788786256
488,2.5570521835876163,-1.5681864291091574,0.6697611090913683,-1.2448467036897353,0.7333444159666572,1.1379952573414867,0.7868565053392127,2.0136769213125683,2.018584557927835,2.113196091711354
489,-0.14333072991436205,0.06508561858584352,1.1952052836879563,-1.2448467036897353,0.7333444159666572,0.6904618077371967,0.12490038782340754,0.025712306059370308,-0.04774083252919862,0.07264670641206396
490,0.4473780324141958,0.8817216424333439,1.1952052836879563,-1.2448467036897353,0.5937388891549003,-0.6521385410756733,0.2962333315624502,0.6051638755277915,0.617685988126457,0.681977425633379
491,-0.7762329752663882,0.06508561858584352,-1.4320155892949833,-0.8310638202256104,0.035316781907857205,1.1379952573414867,0.04685756786909632,-0.785519891196419,-0.791968197736181,-0.777582204129306
492,-0.8395231998015908,-1.5681864291091574,-1.4320155892949833,0.410284830166764,-0.38349979852741883,1.1379952573414867,0.048451362694575784,-0.8390077283781191,-0.9233024386550606,-0.9051165407105121
493,-0.12223398840262782,-1.5681864291091574,-0.9065714146983955,-0.8310638202256104,-0.24389427171566183,-0.2046050914713833,0.13589757211921585,0.07920014324107114,0.09234902445093941,0.058476224569708087
494,-0.9028134243367935,-1.5681864291091574,-1.4320155892949833,0.8240677136308887,0.1749223087196192,-0.6521385410756733,0.04914200711895022,-1.0173005189837871,-0.9670805189613535,-0.9617984680799367
495,0.4262812909024616,0.06508561858584352,0.14431693449478036,-0.0034980532973608127,0.4541333623431382,0.6904618077371967,0.18089571269191945,0.578419956936941,0.5301298275138704,0.6111250164215991
496,-1.1770710639893383,0.8817216424333439,0.14431693449478036,1.2378505970950135,0.035316781907857205,-1.0996719906799632,0.03601976305583594,-1.5432642512705075,-1.4924174826368704,-1.5002767780894712
497,-0.7973297167781225,0.8817216424333439,1.1952052836879563,-0.4172809367614856,-0.10428874490389983,-0.6521385410756733,0.07437709185570844,-0.785519891196419,-0.7657013495524049,-0.777582204129306
498,0.4473780324141958,0.06508561858584352,1.1952052836879563,0.410284830166764,0.4541333623431382,0.2429283581329067,0.3187058386017107,0.578419956936941,0.5914191399426809,0.6394659801063115
499,-0.5863623016607803,0.8817216424333439,1.1952052836879563,0.8240677136308887,0.24472507212550018,-1.5472054402842532,0.08611804707007385,-0.5269953448182004,-0.49427725165338804,-0.4800020854398264
500,0.8482161211371456,-1.5681864291091574,1.1952052836879563,1.6516334805591384,0.24472507212550018,0.2429283581329067,0.49604207618339263,0.8993469800271436,0.9153769342092499,0.937046098795791
501,0.4262812909024616,0.06508561858584352,-0.38112724010180754,0.8240677136308887,0.035316781907857205,1.5855287069457766,0.2746108484301121,0.5962492359975082,0.5038629793300943,0.5544430890521743
502,-0.4808785941021094,0.8817216424333439,-1.4320155892949833,0.410284830166764,-0.31369703512154284,-0.2046050914713833,0.12320034000956277,-0.3130439960913987,-0.38920985891828447,-0.3808087125433334
503,-0.8184264582898567,0.8817216424333439,-0.9065714146983955,0.410284830166764,-0.17409150830978082,-0.2046050914713833,0.057164107740530205,-0.8390077283781191,-0.8445018941037331,-0.8484346133410873
504,0.48957151543766425,0.8817216424333439,1.7206494582845442,-1.2448467036897353,0.38433059893725724,-0.6521385410756733,0.20682144185305212,0.6943102708306251,0.6264416041877154,0.7103183893180921
505,0.6794421890432724,-1.5681864291091574,1.1952052836879563,-1.2448467036897353,-1.5701467764273809,2.033062156550067,0.2703076024013175,0.91717625908771,0.9416437823930253,0.7103183893180921
506,-0.9239101658485277,0.8817216424333439,-0.9065714146983955,-1.2448467036897353,-0.38349979852741883,-0.2046050914713833,0.0452106465494342,-0.9816419608626535,-1.002102983206388,-1.0184803954493615
507,-1.050490614918933,0.06508561858584352,-0.9065714146983955,-1.2448467036897353,-1.430541249615619,0.6904618077371967,0.03766668437549806,-1.2134225886500216,-1.2209933847378536,-1.330230995981197
508,-1.0082971318954645,0.8817216424333439,-0.9065714146983955,1.2378505970950135,0.035316781907857205,-0.6521385410756733,0.056685969292886364,-1.1955933095894553,-1.1597040723090428,-1.1601852138729227
509,-1.050490614918933,-1.5681864291091574,1.1952052836879563,0.8240677136308887,0.5239361257490193,0.6904618077371967,0.03341656484088615,-1.2579957863014386,-1.299793929289181,-1.2168671412423475
510,-0.8395231998015908,-1.5681864291091574,-0.38112724010180754,1.2378505970950135,1.5011748134313383,-0.2046050914713833,0.05142644636880412,-0.9905566003929368,-0.9233024386550606,-0.8059231678140184
511,-0.7762329752663882,0.8817216424333439,-0.9065714146983955,0.8240677136308887,-0.10428874490389983,-0.6521385410756733,0.06412367847845721,-0.785519891196419,-0.7657013495524049,-0.777582204129306
512,-1.0082971318954645,0.8817216424333439,1.1952052836879563,1.6516334805591384,-0.03448598149801883,-0.2046050914713833,0.038782340753333686,-1.1777640305288881,-1.1334372241252668,-1.146014732030567
513,-1.0293938734071988,0.06508561858584352,-0.38112724010180754,0.8240677136308887,-1.2909357228038618,0.6904618077371967,0.028900812835360994,-1.2045079491197386,-1.1684596883703013,-1.2877195504541288
514,-0.016750280843956692,-1.5681864291091574,-0.38112724010180754,0.410284830166764,-0.17409150830978082,-1.0996719906799632,0.15645752536790097,0.14160261995305437,0.17990518506352607,0.1434991156238452
515,-0.20662095444956474,-1.5681864291091574,-1.4320155892949833,1.2378505970950135,0.5239361257490193,-0.6521385410756733,0.19784306433618445,-0.09017800783431376,-0.03022960040668098,0.0017942972002833347
516,2.5570521835876163,-1.5681864291091574,0.6697611090913683,-1.2448467036897353,-1.988963356862662,2.4805956061543566,0.8043351219253041,2.218713630509087,2.123651950662939,1.8156159730218742
517,-0.8395231998015908,-0.751550405261657,-0.9065714146983955,-1.2448467036897353,1.2917665232137003,-0.2046050914713833,0.04908888062476757,-0.9192394841506695,-0.932058054716319,-0.7917526859716626
518,-0.6074590431725145,0.8817216424333439,-0.9065714146983955,0.8240677136308887,0.5239361257490193,-0.2046050914713833,0.09451203315093237,-0.5804831819999005,-0.5292997158984225,-0.4941725672821829
519,-0.5441688186373119,0.8817216424333439,-0.38112724010180754,-1.2448467036897353,0.5239361257490193,-1.9947388898885432,0.06518620836211018,-0.4556782285759332,-0.424232323163319,-0.3808087125433334
520,-1.0082971318954645,0.8817216424333439,0.14431693449478036,0.410284830166764,0.1051195453137382,-1.0996719906799632,0.03198214949795463,-1.1777640305288881,-1.1246816080640083,-1.1318442501882104
521,0.48957151543766425,0.06508561858584352,-0.38112724010180754,-1.2448467036897353,-2.1983716470803,1.5855287069457766,0.234075333368751,0.8102005847243092,0.7577758451065942,0.4835906798403931
522,-0.8817166828250593,0.8817216424333439,0.14431693449478036,1.2378505970950135,-0.5231053253391809,-0.2046050914713833,0.05684534877543431,-0.9548980422718031,-0.9145468225938014,-0.9759689499222927
523,-0.1855242129378305,-1.5681864291091574,0.14431693449478036,1.2378505970950135,1.0823582329960573,0.2429283581329067,0.16490463794294213,-0.054519449713180144,-0.08276329677423314,0.058476224569708087
524,-0.20662095444956474,0.8817216424333439,1.1952052836879563,1.2378505970950135,-0.10428874490389983,-0.2046050914713833,0.19991499760930775,-0.03669017065261294,-0.003962752222904903,-0.026546666484429042
525,0.5106682569493985,-0.751550405261657,0.14431693449478036,-0.8310638202256104,0.9427527061843003,1.1379952573414867,0.23519098974658662,0.5516760383460907,0.6001747560039394,0.6961479074757362
526,1.5022151080009063,0.06508561858584352,-1.4320155892949833,-0.8310638202256104,-1.7097523032391428,1.5855287069457766,0.4321840301758487,1.6392620610406659,1.5545369066811288,1.3196491085394073
527,0.4473780324141958,-0.751550405261657,1.1952052836879563,0.410284830166764,1.2917665232137003,1.1379952573414867,0.3028741433352813,0.5516760383460907,0.49510736326883587,0.681977425633379
528,0.4473780324141958,-0.751550405261657,0.14431693449478036,-1.2448467036897353,1.4313720500254572,0.6904618077371967,0.2602666950007969,0.4981882011643906,0.5126185953913535,0.681977425633379
529,3.0633739798692377,0.8817216424333439,0.6697611090913683,-0.8310638202256104,-0.8721191423685809,-0.6521385410756733,0.8805716410774053,2.459408897826738,2.456365360990766,2.283241873819628
530,-1.0293938734071988,-1.5681864291091574,1.1952052836879563,1.2378505970950135,1.1521609964019384,-0.2046050914713833,0.05557031291505073,-1.2223372281803049,-1.2385046168603704,-1.1176737683458546
531,0.8482161211371456,-1.5681864291091574,-0.38112724010180754,0.410284830166764,0.5239361257490193,0.6904618077371967,0.36497901503479785,0.91717625908771,0.8628432378416978,0.951216580638147
532,-0.1855242129378305,1.6983576662808442,-0.9065714146983955,0.410284830166764,1.8501886304607433,-0.6521385410756733,0.1379163788981565,-0.09017800783431376,-0.1352969931417845,0.10098767009677634
533,0.6583454475315381,0.8817216424333439,0.14431693449478036,1.2378505970950135,0.24472507212550018,-0.2046050914713833,0.688306858630399,0.7923713056637428,0.8365763896579225,0.8378527258992975
534,-0.1644274714260963,0.06508561858584352,-0.38112724010180754,-1.2448467036897353,-1.2909357228038618,0.2429283581329067,0.12399723742230251,0.10594406183192076,0.06608217626716334,-0.0690581120114973
535,-0.20662095444956474,0.06508561858584352,-1.4320155892949833,-1.2448467036897353,-1.221132959397981,0.6904618077371967,0.14625723848483238,0.0167976665290871,0.04857094414464647,-0.11156955753856616
536,-0.7762329752663882,-1.5681864291091574,1.1952052836879563,-1.2448467036897353,0.6635416525607812,-0.6521385410756733,0.04005737661371726,-0.8300930888478358,-0.791968197736181,-0.7350707586022378
537,-1.0082971318954645,0.8817216424333439,0.14431693449478036,0.410284830166764,0.1051195453137382,-0.6521385410756733,0.03426658874780853,-1.1777640305288881,-1.1334372241252668,-1.1318442501882104
538,1.0380867947427537,0.06508561858584352,0.14431693449478036,0.8240677136308887,-0.5929080887450618,0.2429283581329067,0.5493810763427721,1.1043836892236614,1.1167561036181979,1.0220689898499276
539,0.9326030871840826,0.8817216424333439,-0.38112724010180754,0.8240677136308887,0.8729499427784192,-1.0996719906799632,0.2685544280932901,0.9884933753299773,0.9416437823930253,1.0787509172193523
540,0.48957151543766425,-1.5681864291091574,1.1952052836879563,-1.2448467036897353,0.9427527061843003,0.2429283581329067,0.26047920097752747,0.6051638755277915,0.5563966756976465,0.6961479074757362
541,0.21531387578511957,-0.751550405261657,0.6697611090913683,1.6516334805591384,0.8031471793725382,1.5855287069457766,0.20963714604473252,0.3288100500890057,0.3550175062886978,0.44107923431332485
542,0.46847477392593007,-1.5681864291091574,-1.4320155892949833,-0.8310638202256104,0.7333444159666572,-1.0996719906799632,0.2336503214152898,0.5962492359975082,0.6089303720651978,0.6961479074757362
543,-1.0293938734071988,0.8817216424333439,-1.4320155892949833,0.410284830166764,-0.24389427171566183,-1.5472054402842532,0.036126016044201244,-1.2490811467711553,-1.1684596883703013,-1.2168671412423475
544,1.481118366489172,0.06508561858584352,0.6697611090913683,-1.2448467036897353,0.38433059893725724,0.2429283581329067,0.36593529193008556,1.425310712313864,1.3006240409046288,1.404671999593545
545,-0.7129427507311856,-1.5681864291091574,0.14431693449478036,0.410284830166764,-1.2909357228038618,-1.0996719906799632,0.0668331296817723,-0.5983124610604676,-0.5730777962047154,-0.7067297949175254
546,0.21531387578511957,-0.751550405261657,-0.38112724010180754,-0.8310638202256104,1.1521609964019384,1.1379952573414867,0.1678797216171705,0.2664075733770225,0.3024838099211465,0.4269087524709683
547,-0.1855242129378305,0.8817216424333439,0.6697611090913683,0.410284830166764,0.035316781907857205,-1.0996719906799632,0.13887265579344418,-0.02777553112232973,-0.003962752222904903,-0.012376184642073167
548,1.5444085910243748,0.06508561858584352,-0.38112724010180754,-1.2448467036897353,0.1749223087196192,1.1379952573414867,0.4041863677415927,1.4074814332532968,1.3444021212109216,1.4330129632782567
549,0.4473780324141958,-1.5681864291091574,-1.4320155892949833,-1.2448467036897353,0.4541333623431382,0.2429283581329067,0.277798438081071,0.5605906778763746,0.5826635238814225,0.6394659801063115
550,-0.9872003903837303,0.8817216424333439,-1.4320155892949833,0.410284830166764,0.1051195453137382,-1.5472054402842532,0.049301386601498166,-1.124276193347188,-1.1509484562477845,-1.1176737683458546
551,0.8482161211371456,0.06508561858584352,1.1952052836879563,0.8240677136308887,0.1749223087196192,0.2429283581329067,0.4734101896615842,0.91717625908771,0.871598853902957,0.9087051351110781
552,0.5106682569493985,0.06508561858584352,1.1952052836879563,-0.8310638202256104,-0.5929080887450618,0.2429283581329067,0.22722201561918928,0.7567127475426092,0.6877309166165253,0.6394659801063115
553,0.7216356720667403,0.06508561858584352,-0.38112724010180754,-1.2448467036897353,0.5239361257490193,0.2429283581329067,0.2628698932157467,0.8726030614362933,0.8190651575354049,0.9087051351110781
554,-0.1855242129378305,-1.5681864291091574,1.7206494582845442,0.410284830166764,-1.1513301959920998,1.5855287069457766,0.09929341762737078,0.03462694558965351,0.07483779232842254,-0.0832285938538538
555,0.7638291550902088,0.8817216424333439,1.7206494582845442,-0.4172809367614856,-0.8023163789626999,-0.6521385410756733,0.2932051213940392,0.9439201776785605,0.985421862699319,0.8520232077416533
556,0.4262812909024616,-0.751550405261657,0.14431693449478036,-1.2448467036897353,1.3615692866195812,0.2429283581329067,0.22089996281145408,0.4981882011643906,0.5301298275138704,0.681977425633379
557,-0.5863623016607803,0.06508561858584352,1.1952052836879563,1.2378505970950135,0.1051195453137382,1.5855287069457766,0.11438134197524305,-0.5359099843484837,-0.5468109480209394,-0.5225135309668953
558,-0.9661036488719961,0.8817216424333439,-1.4320155892949833,0.8240677136308887,0.24472507212550018,-0.6521385410756733,0.0548796684906763,-1.0975322747563376,-1.0984147598802323,-1.0609918409764298
559,-0.03784702235569092,0.06508561858584352,-1.4320155892949833,0.8240677136308887,-0.5929080887450618,-0.2046050914713833,0.17850502045370026,0.186175817604472,0.12737148869597392,0.07264670641206396
560,-0.6285557846842488,0.8817216424333439,-1.4320155892949833,0.8240677136308887,0.5239361257490193,-0.2046050914713833,0.08760558890718802,-0.6607149377724509,-0.5993446443884916,-0.5650249764939635
561,-1.050490614918933,-0.751550405261657,-0.38112724010180754,0.410284830166764,1.2219637598078192,-1.5472054402842532,0.025128831748392925,-1.3025689839528563,-1.256015848982888,-1.1601852138729227
562,1.1224737607896906,0.06508561858584352,0.6697611090913683,-0.8310638202256104,-1.430541249615619,0.6904618077371967,0.27062636136641344,1.3183350379504633,1.239334728475819,1.0645804353769965
563,-0.14333072991436205,0.8817216424333439,1.1952052836879563,0.8240677136308887,0.1749223087196192,-1.0996719906799632,0.17754874355841258,0.007883026998803893,0.04857094414464647,0.058476224569708087
564,2.5570521835876163,0.06508561858584352,-0.38112724010180754,-0.8310638202256104,0.38433059893725724,0.2429283581329067,0.8456144079052224,2.1206525956759683,2.0360957900503536,2.1273665735537097
565,-0.9239101658485277,0.06508561858584352,0.14431693449478036,0.8240677136308887,-0.7325136155568189,0.2429283581329067,0.04191680391010997,-1.0351297980443537,-0.9758361350226119,-1.0609918409764298
566,-0.41758836956690676,0.8817216424333439,1.1952052836879563,1.2378505970950135,-0.17409150830978082,-0.6521385410756733,0.13329437390426604,-0.2595561589096979,-0.23160876981562958,-0.2674448578044839
567,-0.5863623016607803,0.8817216424333439,0.14431693449478036,1.2378505970950135,-0.31369703512154284,-1.0996719906799632,0.1475854008393986,-0.48242214716678283,-0.45049917134709505,-0.4941725672821829
568,-1.0293938734071988,0.8817216424333439,1.1952052836879563,-0.4172809367614856,0.035316781907857205,-1.5472054402842532,0.04733570631674016,-1.2223372281803049,-1.185970920492819,-1.1885261775576352
569,-1.0082971318954645,0.8817216424333439,-0.38112724010180754,1.6516334805591384,-0.10428874490389983,-1.0996719906799632,0.0333634383467035,-1.1599347514683216,-1.11592599200275,-1.1318442501882104
570,0.4473780324141958,0.06508561858584352,0.14431693449478036,-0.8310638202256104,0.1749223087196192,0.6904618077371967,0.21633108431174627,0.6764809917700587,0.6089303720651978,0.6678069437910232
571,-0.6285557846842488,-0.751550405261657,-1.4320155892949833,0.8240677136308887,-0.4533025619332999,0.33243504805376595,0.10264038676087765,-0.5804831819999005,-0.5380553319596809,-0.6075364220210324
572,-1.0293938734071988,-1.5681864291091574,1.1952052836879563,-1.2448467036897353,-2.058766120268543,2.033062156550067,0.024544440312383786,-1.1955933095894553,-1.1509484562477845,-1.3444014778235536
573,-1.0293938734071988,0.8817216424333439,-0.38112724010180754,0.410284830166764,0.1051195453137382,-1.0996719906799632,0.025978855655315304,-1.2312518677105888,-1.185970920492819,-1.1885261775576352
574,-1.0293938734071988,0.8817216424333439,0.14431693449478036,0.410284830166764,0.38433059893725724,-1.0996719906799632,0.033204058864155554,-1.2312518677105888,-1.185970920492819,-1.1601852138729227
575,-1.1348775809658698,0.8817216424333439,-0.9065714146983955,0.8240677136308887,0.1749223087196192,-1.0996719906799632,0.030813366625936353,-1.4362885769071065,-1.4311281702080605,-1.4010834051929784
576,1.481118366489172,-1.5681864291091574,0.6697611090913683,-1.2448467036897353,-0.9419219057744619,1.5855287069457766,0.45635658502895393,1.4431399913744305,1.4494695139460252,1.2913081448546955
577,0.17312039276165112,-1.5681864291091574,0.6697611090913683,0.8240677136308887,1.0823582329960573,-1.0996719906799632,0.15916697657121606,0.3377246896192897,0.28497257779862883,0.44107923431332485
578,-0.20662095444956474,-1.5681864291091574,-1.4320155892949833,-0.8310638202256104,-1.360738486209743,0.2429283581329067,0.12405036391648515,0.007883026998803893,0.022304095960870397,-0.13991052122327854
579,-0.20662095444956474,-0.751550405261657,1.1952052836879563,-1.2448467036897353,0.6635416525607812,0.6904618077371967,0.1173564256494714,-0.14366584501601382,-0.09151891283549156,-0.040717148326785545
580,-0.8395231998015908,0.8817216424333439,1.1952052836879563,0.410284830166764,0.24472507212550018,0.2429283581329067,0.045635658502895395,-0.9370687632112367,-0.888279974410026,-0.8767755770257997
581,-0.6074590431725145,0.06508561858584352,0.6697611090913683,-1.2448467036897353,0.6635416525607812,0.6904618077371967,0.0573766137172608,-0.5715685424696173,-0.5905890283272331,-0.5083430491245388
582,-0.2910079204965014,0.8817216424333439,-0.38112724010180754,0.8240677136308887,0.6635416525607812,-1.0996719906799632,0.11804707007384582,-0.11692192642516418,-0.14405260920304294,-0.054887630169141416
583,-1.0715873564306673,1.6983576662808442,0.14431693449478036,-1.2448467036897353,-4.1528490224449435,1.1379952573414867,0.09435265366838443,-1.115361553816904,-1.1597040723090428,-1.5002767780894712
584,0.6161519645080696,0.8817216424333439,-0.38112724010180754,-1.2448467036897353,0.1051195453137382,-0.2046050914713833,0.2795516123890984,0.7567127475426092,0.7840426932903704,0.7811707985298727
585,0.23641061729685378,-0.751550405261657,1.1952052836879563,1.6516334805591384,1.6407803402430954,0.2429283581329067,0.2413536630717739,0.2931514919678721,0.3199950420436633,0.5119316435251055
586,-0.20662095444956474,-0.751550405261657,0.6697611090913683,-0.8310638202256104,1.0125554695901813,1.1379952573414867,0.08266482494820167,-0.161495124076581,-0.10027452889675,-0.012376184642073167
587,-0.6285557846842488,0.8817216424333439,-1.4320155892949833,0.8240677136308887,0.3145278355313812,-0.6521385410756733,0.08601179408170855,-0.562653902939334,-0.5292997158984225,-0.5083430491245388
588,0.8271193796254115,1.6983576662808442,0.6697611090913683,-1.2448467036897353,2.1992024474901433,0.2429283581329067,0.2761515167614089,0.8102005847243092,0.7139977648003013,1.0504099535346405
589,2.6414391496345533,0.06508561858584352,1.7206494582845442,0.8240677136308887,-1.1513301959920998,0.2429283581329067,0.8004568878499708,2.2454575490999367,2.1499187988467146,1.9856617551301483
590,-0.8184264582898567,0.8817216424333439,-0.38112724010180754,0.8240677136308887,0.6635416525607812,-0.6521385410756733,0.05636721032779047,-0.8568370074386863,-0.8795243583487669,-0.7917526859716626
591,-0.8184264582898567,0.06508561858584352,1.1952052836879563,0.410284830166764,-0.5929080887450618,0.2429283581329067,0.04393561068905063,-0.8300930888478358,-0.791968197736181,-0.8626050951834432
592,-1.050490614918933,0.8817216424333439,0.6697611090913683,1.2378505970950135,0.4541333623431382,-0.6521385410756733,0.029325824788822185,-1.2758250653620058,-1.2385046168603704,-1.2026966593999917
593,-0.08004050537915937,0.06508561858584352,-1.4320155892949833,0.410284830166764,-0.8721191423685809,-0.6521385410756733,0.1831270254475907,0.22183437572560563,0.1886608011247845,0.10098767009677634
594,1.5022151080009063,0.8817216424333439,-0.38112724010180754,0.410284830166764,0.4541333623431382,-0.6521385410756733,0.6491526324177868,1.425310712313864,1.353157737272181,1.4471834451206125
595,0.3629910663672589,0.06508561858584352,0.14431693449478036,-0.8310638202256104,0.1051195453137382,0.2429283581329067,0.212134091271317,0.5516760383460907,0.5038629793300943,0.5402726072098178
596,-0.8817166828250593,0.8817216424333439,1.7206494582845442,0.410284830166764,0.38433059893725724,-1.0996719906799632,0.03038835467247516,-0.9816419608626535,-0.9495692868388359,-0.9192870225528679
597,-0.20662095444956474,0.8817216424333439,-1.4320155892949833,-1.2448467036897353,0.1749223087196192,-0.6521385410756733,0.1566169048504489,-0.045604810182896936,-0.03022960040668098,-0.012376184642073167
598,-0.5230720771255777,0.8817216424333439,-0.38112724010180754,-0.4172809367614856,-0.17409150830978082,-1.0996719906799632,0.11262816766721565,-0.4289343099850828,-0.38920985891828447,-0.40914967622804577
599,1.1013770192779564,0.8817216424333439,0.6697611090913683,0.8240677136308887,-0.38349979852741883,-0.2046050914713833,0.39738617648621366,1.1846154449962119,1.213067880292043,1.1354328445887771
600,-0.5863623016607803,0.8817216424333439,-1.4320155892949833,0.410284830166764,-0.31369703512154284,-1.5472054402842532,0.08744620942464007,-0.4645928681062164,-0.4680104034696119,-0.4941725672821829
601,0.4473780324141958,-1.5681864291091574,-0.9065714146983955,-0.8310638202256104,-0.24389427171566183,1.1379952573414867,0.24246931944960953,0.5338467592855243,0.5651522917589049,0.5119316435251055
602,0.4473780324141958,0.06508561858584352,-0.38112724010180754,-0.8310638202256104,-1.1513301959920998,0.2429283581329067,0.19231790894118897,0.7299688289517587,0.6877309166165253,0.5544430890521743
603,-1.050490614918933,0.8817216424333439,-0.9065714146983955,0.410284830166764,0.035316781907857205,-1.0996719906799632,0.03910109971842958,-1.3025689839528563,-1.256015848982888,-1.2593785867694165
604,0.4473780324141958,1.6983576662808442,-0.9065714146983955,-1.2448467036897353,1.8501886304607433,1.5855287069457766,0.2734420655580938,0.3912125268009897,0.3462618902274394,0.5969545345792426
605,0.9536998286958168,-1.5681864291091574,0.14431693449478036,-0.8310638202256104,-2.617188227515581,2.4805956061543566,0.3108431174626786,1.2737618402990463,1.1605341839244907,0.8378527258992975
606,-0.7973297167781225,0.8817216424333439,-1.4320155892949833,0.410284830166764,0.4541333623431382,-1.0996719906799632,0.05089518142697763,-0.8390077283781191,-0.818235045919957,-0.777582204129306
607,0.6161519645080696,0.8817216424333439,-0.38112724010180754,0.410284830166764,-0.17409150830978082,-1.5472054402842532,0.30452106465494344,0.8102005847243092,0.8015539254128881,0.7811707985298727
608,-0.9661036488719961,-1.5681864291091574,-1.4320155892949833,1.6516334805591384,-0.10428874490389983,0.2429283581329067,0.04351059873558944,-1.0975322747563376,-1.0546366795739395,-1.0751623228187863
609,-1.050490614918933,-0.751550405261657,1.1952052836879563,1.2378505970950135,1.5709775768372194,-0.2046050914713833,0.046645061892365725,-1.3025689839528563,-1.3173051614116977,-1.1601852138729227
610,0.4473780324141958,-1.5681864291091574,1.1952052836879563,-0.8310638202256104,0.24472507212550018,1.5855287069457766,0.21069967592838548,0.4803589221038234,0.5651522917589049,0.5544430890521743
611,1.0380867947427537,0.06508561858584352,-0.38112724010180754,-1.2448467036897353,0.8031471793725382,0.6904618077371967,0.3499973436752909,1.1311276078145118,0.9679106305768014,1.149603326431133
612,0.8482161211371456,-1.5681864291091574,1.7206494582845442,0.410284830166764,0.5937388891549003,-0.2046050914713833,0.2636667906284864,0.8815177009665764,0.9328881663317669,0.97955754432286
613,0.4473780324141958,-1.5681864291091574,1.1952052836879563,0.8240677136308887,0.7333444159666572,0.2429283581329067,0.32683419221165594,0.5427613988158074,0.5563966756976465,0.6394659801063115
614,0.9536998286958168,0.06508561858584352,0.6697611090913683,0.8240677136308887,-1.639949539833262,1.1379952573414867,0.2832173404877012,1.2202740031173456,1.1342673357407154,0.937046098795791
615,-0.9661036488719961,-0.751550405261657,1.1952052836879563,-1.2448467036897353,1.1521609964019384,-0.2046050914713833,0.026935132550602987,-1.1688493909986049,-1.1246816080640083,-1.0326508772917173
616,0.8482161211371456,0.06508561858584352,0.6697611090913683,0.410284830166764,0.5937388891549003,1.5855287069457766,0.29989905966105296,0.91717625908771,0.8278207735966633,0.951216580638147
617,-1.0082971318954645,0.06508561858584352,-1.4320155892949833,0.410284830166764,-0.8721191423685809,0.6904618077371967,0.03729479891621952,-1.1955933095894553,-1.142192840186526,-1.231037623084704
618,0.5528617399728669,-0.751550405261657,0.6697611090913683,0.8240677136308887,-2.966202044544981,2.033062156550067,0.2811985337087606,0.8726030614362933,0.9591550145155429,0.5119316435251055
619,-0.1011372468908936,0.06508561858584352,1.1952052836879563,-1.2448467036897353,-1.8493578300509,0.6904618077371967,0.13929766774690538,0.22183437572560563,0.14488272081849157,-0.040717148326785545
620,-1.0293938734071988,0.8817216424333439,1.1952052836879563,-0.4172809367614856,-0.5231053253391809,-0.6521385410756733,0.04908888062476757,-1.2134225886500216,-1.185970920492819,-1.231037623084704
621,-1.1770710639893383,0.8817216424333439,0.14431693449478036,1.6516334805591384,-0.03448598149801883,0.6904618077371967,0.027944535940073314,-1.5343496117402242,-1.4924174826368704,-1.5002767780894712
622,-0.4808785941021094,0.8817216424333439,-1.4320155892949833,-1.2448467036897353,0.1051195453137382,-0.6521385410756733,0.08542740264569941,-0.36653183327309874,-0.3366761625507331,-0.33829726701626517
623,0.5317649984611327,-1.5681864291091574,1.1952052836879563,0.410284830166764,-1.1513301959920998,-1.0996719906799632,0.3202465069330075,0.8191152242545933,0.871598853902957,0.681977425633379
624,3.4220185855687193,0.06508561858584352,1.7206494582845442,0.410284830166764,-0.31369703512154284,0.6904618077371967,0.9120756521277161,2.566384572190138,2.4913878252358015,2.453287655927901
625,-0.03784702235569092,-0.751550405261657,-1.4320155892949833,-0.8310638202256104,1.3615692866195812,-1.5472054402842532,0.12553790575359933,0.07920014324107114,0.031059712022128826,0.21435152483562583
626,1.5655053325361088,0.8817216424333439,0.14431693449478036,0.8240677136308887,-1.0117246691803428,-0.2046050914713833,0.978377516867662,1.5679449447983984,1.5983149869874218,1.4188424814359009
627,-0.3542981450317041,0.8817216424333439,-0.9065714146983955,0.410284830166764,-0.4533025619332999,-1.0996719906799632,0.11188439674865856,-0.11692192642516418,-0.15280822526430216,-0.1824219667503468
628,-1.0293938734071988,0.06508561858584352,-1.4320155892949833,0.410284830166764,-0.8721191423685809,1.1379952573414867,0.04632630292726983,-1.2223372281803049,-1.2209933847378536,-1.2877195504541288
629,0.23641061729685378,-1.5681864291091574,-1.4320155892949833,-0.8310638202256104,0.5239361257490193,0.6904618077371967,0.19295542687138076,0.3822978872707065,0.43381805084002606,0.4694201979980372
630,-0.12223398840262782,0.8817216424333439,1.7206494582845442,0.8240677136308887,-0.10428874490389983,-0.2046050914713833,0.1144344684694257,0.03462694558965351,0.08359340838968098,0.044305742727351584
631,-0.6285557846842488,-1.5681864291091574,-1.4320155892949833,0.410284830166764,0.8031471793725382,-0.6521385410756733,0.08415236678531583,-0.5983124610604676,-0.5468109480209394,-0.4800020854398264
632,1.797569489165185,0.06508561858584352,1.1952052836879563,-0.0034980532973608127,0.1749223087196192,0.6904618077371967,0.3672103277904691,1.6392620610406659,1.5720481388036465,1.6172292272288868
633,2.346084768470274,-1.5681864291091574,0.14431693449478036,-1.2448467036897353,0.3145278355313812,-1.5472054402842532,0.9301917866439994,1.942359805070301,1.9572952454990253,1.9856617551301483
634,-0.05894376386742515,-1.5681864291091574,1.7206494582845442,-1.2448467036897353,-0.5231053253391809,0.6904618077371967,0.11082186686500557,0.186175817604472,0.223683265369819,0.1434991156238452
635,1.586602074047843,-1.5681864291091574,-0.38112724010180754,0.410284830166764,1.0823582329960573,-0.6521385410756733,0.5602720076502151,1.4698839099652807,1.3881802015172156,1.5747177817018192
636,-0.2699111789847672,0.8817216424333439,0.14431693449478036,-0.8310638202256104,0.1749223087196192,0.2429283581329067,0.08888062476757158,-0.11692192642516418,-0.09151891283549156,-0.0832285938538538
637,-0.1011372468908936,-1.5681864291091574,-1.4320155892949833,-1.2448467036897353,-0.17409150830978082,0.2429283581329067,0.1552887424958827,0.07920014324107114,0.10986025657345705,0.07264670641206396
638,-0.8395231998015908,0.8817216424333439,1.1952052836879563,-0.4172809367614856,-0.4533025619332999,0.2429283581329067,0.06529246135047548,-0.9014102050901031,-0.8707687422875084,-0.9192870225528679
639,-0.9872003903837303,0.06508561858584352,1.1952052836879563,1.6516334805591384,-0.5231053253391809,0.2429283581329067,0.03995112362535196,-1.1510201119380377,-1.0984147598802323,-1.1601852138729227
640,-0.7973297167781225,0.8817216424333439,-0.38112724010180754,-0.8310638202256104,-0.24389427171566183,-0.6521385410756733,0.033204058864155554,-0.8211784493175527,-0.7657013495524049,-0.8059231678140184
641,-0.8395231998015908,0.06508561858584352,0.14431693449478036,1.6516334805591384,-0.6627108521509428,0.6904618077371967,0.05780162567072199,-0.9014102050901031,-0.8532575101649915,-0.9334575043952245
642,-0.14333072991436205,0.8817216424333439,1.7206494582845442,-1.2448467036897353,0.1749223087196192,-0.6521385410756733,0.10104659193539818,0.007883026998803893,0.03981532808338804,0.044305742727351584
643,-0.6285557846842488,0.8817216424333439,0.6697611090913683,0.410284830166764,0.4541333623431382,-1.0996719906799632,0.058970408542740264,-0.5715685424696173,-0.5468109480209394,-0.5083430491245388
644,-1.0293938734071988,0.06508561858584352,0.14431693449478036,0.410284830166764,-0.24389427171566183,2.033062156550067,0.042607448334484405,-1.240166507240872,-1.2385046168603704,-1.24520810492706
645,1.903053196723856,-1.5681864291091574,1.1952052836879563,0.410284830166764,0.9427527061843003,-0.2046050914713833,0.8466769377888753,1.6036035029195321,1.6508486833549738,1.7589340456524494
646,1.6920857816065142,0.8817216424333439,1.1952052836879563,0.410284830166764,0.1051195453137382,-0.6521385410756733,0.7968974127397334,1.6036035029195321,1.5195144424360942,1.560547299859462
647,-0.20662095444956474,0.8817216424333439,1.1952052836879563,1.6516334805591384,-1.2909357228038618,0.2429283581329067,0.1718110821866865,0.04354158511993751,0.0573265602059049,-0.09739907569620966
648,-1.050490614918933,-1.5681864291091574,-1.4320155892949833,1.6516334805591384,-0.7325136155568189,-1.0996719906799632,0.04324496626467619,-1.2312518677105888,-1.2034821526153359,-1.2593785867694165
649,0.8904096041606141,0.8817216424333439,-0.38112724010180754,-0.8310638202256104,0.38433059893725724,-0.2046050914713833,0.3399033097805876,0.9884933753299773,1.0116887108830943,1.0504099535346405
650,-0.1855242129378305,0.8817216424333439,1.7206494582845442,-1.2448467036897353,-0.10428874490389983,-0.2046050914713833,0.10035594751102375,-0.009946252061763314,0.013548479899611962,-0.012376184642073167
651,-1.0293938734071988,0.8817216424333439,1.1952052836879563,1.2378505970950135,0.1051195453137382,-1.0996719906799632,0.05557031291505073,-1.2223372281803049,-1.256015848982888,-1.2168671412423475
652,-1.050490614918933,-1.5681864291091574,-0.38112724010180754,-1.2448467036897353,-1.639949539833262,2.4805956061543566,0.0286883068586304,-1.1866786700591714,-1.212237768676595,-1.330230995981197
653,1.481118366489172,-1.5681864291091574,0.14431693449478036,0.410284830166764,0.1051195453137382,1.1379952573414867,0.6906975508686182,1.3896521541927305,1.3881802015172156,1.390501517751188
654,0.257507358808588,-0.751550405261657,1.1952052836879563,-1.2448467036897353,-0.8023163789626999,1.1379952573414867,0.2172342347128513,0.4981882011643906,0.5126185953913535,0.398567788786256
655,0.4473780324141958,0.06508561858584352,-0.9065714146983955,-1.2448467036897353,-1.221132959397981,1.1379952573414867,0.2944801572544228,0.6943102708306251,0.6264416041877154,0.4977611616827496
656,-0.14333072991436205,0.06508561858584352,1.1952052836879563,0.410284830166764,-1.0117246691803428,-0.2046050914713833,0.13711948148541678,0.13268798042277116,0.07483779232842254,-0.012376184642073167
657,-0.9661036488719961,0.06508561858584352,-0.9065714146983955,-0.8310638202256104,-0.8023163789626999,1.1379952573414867,0.026935132550602987,-1.115361553816904,-1.0546366795739395,-1.146014732030567
658,1.481118366489172,0.06508561858584352,1.1952052836879563,-0.8310638202256104,-1.1513301959920998,0.6904618077371967,0.46857567869096317,1.4698839099652807,1.4232026657622499,1.2629671811699825
659,-1.050490614918933,0.8817216424333439,-0.9065714146983955,-1.2448467036897353,0.24472507212550018,-0.6521385410756733,0.029325824788822185,-1.2758250653620058,-1.2297490007991119,-1.2168671412423475
660,-0.6285557846842488,-1.5681864291091574,-1.4320155892949833,0.410284830166764,-1.081527432586219,1.1379952573414867,0.08293045741911491,-0.5359099843484837,-0.49427725165338804,-0.6217069038633883
661,-0.9450069073602619,0.06508561858584352,-0.38112724010180754,1.2378505970950135,-1.2909357228038618,0.6904618077371967,0.04239494235775381,-1.0351297980443537,-0.9845917510838703,-1.1176737683458546
662,-0.4808785941021094,0.06508561858584352,0.14431693449478036,0.8240677136308887,-0.31369703512154284,0.2429283581329067,0.10173723635977262,-0.3130439960913987,-0.4154767071020606,-0.3949791943856899
663,-0.5019753356138434,0.8817216424333439,-1.4320155892949833,1.2378505970950135,0.24472507212550018,-0.6521385410756733,0.14609785900228445,-0.40219039139423235,-0.38920985891828447,-0.36663823070097756
664,-0.5863623016607803,-0.751550405261657,1.1952052836879563,0.8240677136308887,1.5011748134313383,-0.6521385410756733,0.08372735483185464,-0.5804831819999005,-0.5380553319596809,-0.3949791943856899
665,-1.0293938734071988,-1.5681864291091574,-1.4320155892949833,-0.4172809367614856,-0.10428874490389983,-1.5472054402842532,0.05089518142697763,-1.2045079491197386,-1.1509484562477845,-1.1743556957152792
666,2.746922857193225,1.6983576662808442,1.1952052836879563,-0.0034980532973608127,1.9897941572724953,0.2429283581329067,0.3504754821229347,2.067164758494269,1.9923177097440596,2.3399238011890526
667,-1.0082971318954645,0.8817216424333439,-0.38112724010180754,0.8240677136308887,-1.081527432586219,-0.6521385410756733,0.0382510758115072,-1.106446914286621,-1.1334372241252668,-1.2026966593999917
668,0.4473780324141958,1.6983576662808442,1.1952052836879563,0.410284830166764,3.5254549522018572,-0.6521385410756733,0.238006693938267,0.3733832477404233,0.3112394259824049,0.7811707985298727
669,-0.6074590431725145,0.8817216424333439,1.1952052836879563,0.8240677136308887,-0.03448598149801883,-1.0996719906799632,0.08797747436646655,-0.5269953448182004,-0.49427725165338804,-0.5083430491245388
670,-0.8184264582898567,0.8817216424333439,0.14431693449478036,0.410284830166764,-0.24389427171566183,-1.0996719906799632,0.05881102906019232,-0.8033491702569854,-0.8357462780424739,-0.8342641314987308
671,2.0085369042825274,0.8817216424333439,1.7206494582845442,0.410284830166764,0.24472507212550018,-0.6521385410756733,0.5254210274663975,1.7908109330554836,1.7121379957837843,1.7731045274948052
672,-0.20662095444956474,-1.5681864291091574,0.6697611090913683,-1.2448467036897353,0.5239361257490193,1.1379952573414867,0.10832492163842108,-0.08126336830403057,-0.04774083252919862,0.0017942972002833347
673,-1.0082971318954645,0.8817216424333439,-1.4320155892949833,1.6516334805591384,0.24472507212550018,-1.9947388898885432,0.04138553896828348,-1.1777640305288881,-1.1334372241252668,-1.1176737683458546
674,-1.0293938734071988,0.8817216424333439,-0.9065714146983955,0.8240677136308887,-0.10428874490389983,-1.0996719906799632,0.037879190352228656,-1.2758250653620058,-1.2297490007991119,-1.24520810492706
675,1.0802802777662222,-1.5681864291091574,0.6697611090913683,-0.8310638202256104,0.6635416525607812,0.2429283581329067,0.31429633958455083,1.0241519334511109,1.055466791189388,1.1212623627464213
676,-0.20662095444956474,-1.5681864291091574,1.7206494582845442,-1.2448467036897353,0.8729499427784192,-0.6521385410756733,0.09217446740689582,-0.10800728689488018,-0.06525206465171549,0.015964779042639207
677,-0.6074590431725145,0.8817216424333439,0.14431693449478036,0.8240677136308887,0.035316781907857205,-1.0996719906799632,0.0930244913138182,-0.5359099843484837,-0.5030328677146465,-0.5083430491245388
678,0.9115063456723483,0.8817216424333439,0.6697611090913683,-0.8310638202256104,-0.38349979852741883,0.2429283581329067,0.28236731658077885,1.0063226543905446,1.0204443269443535,0.951216580638147
679,0.7638291550902088,0.8817216424333439,1.1952052836879563,0.410284830166764,-0.03448598149801883,-0.2046050914713833,0.3847951973649259,0.9528348172088437,0.8628432378416978,0.8945346532687222
680,-0.649652526195983,0.06508561858584352,-1.4320155892949833,0.8240677136308887,-2.5473854641097,2.033062156550067,0.0837804813260373,-0.4735075076364996,-0.5292997158984225,-0.7634117222869502
681,-1.0293938734071988,0.8817216424333439,-0.9065714146983955,0.8240677136308887,-0.10428874490389983,-1.5472054402842532,0.036976039951123627,-1.2490811467711553,-1.1947265365540773,-1.2168671412423475
682,-0.8395231998015908,0.06508561858584352,-0.38112724010180754,1.6516334805591384,-0.8023163789626999,1.1379952573414867,0.05976730595548,-0.8390077283781191,-0.8620131262262499,-0.9192870225528679
683,0.700538930555006,0.8817216424333439,0.14431693449478036,-0.8310638202256104,0.38433059893725724,-0.2046050914713833,0.25383838920469637,0.8369445033151597,0.7665314611678535,0.8520232077416533
684,2.6414391496345533,0.06508561858584352,0.6697611090913683,0.410284830166764,-0.6627108521509428,0.2429283581329067,0.8976252457100355,2.25437218863022,2.1499187988467146,2.0706846461842847
685,-0.016750280843956692,-1.5681864291091574,0.14431693449478036,-1.2448467036897353,0.7333444159666572,-1.0996719906799632,0.13988205918291452,0.13268798042277116,0.17990518506352607,0.2426924885203382
686,0.5739584814846012,0.8817216424333439,-0.38112724010180754,-1.2448467036897353,0.1749223087196192,-0.2046050914713833,0.2612760983902672,0.738883468482042,0.6789753005552669,0.7244888711604479
687,0.6583454475315381,-0.751550405261657,1.7206494582845442,-0.4172809367614856,-2.407779937297943,2.033062156550067,0.2848111353131807,0.9260908986179933,0.9679106305768014,0.6111250164215991
688,-1.155974322477604,-0.751550405261657,-0.38112724010180754,1.2378505970950135,-0.8023163789626999,2.928129055758647,0.021303724167242202,-1.4986910536190907,-1.4573950183918358,-1.5286177417741837
689,0.4473780324141958,-1.5681864291091574,-0.9065714146983955,1.6516334805591384,0.5239361257490193,0.6904618077371967,0.5553312436912288,0.5427613988158074,0.5826635238814225,0.6252954982639549
690,-0.9661036488719961,0.8817216424333439,-0.9065714146983955,-1.2448467036897353,-0.8023163789626999,-0.6521385410756733,0.04266057482866706,-1.061873716635204,-1.072147911696457,-1.1318442501882104
691,-0.8184264582898567,-0.751550405261657,0.14431693449478036,0.8240677136308887,-2.617188227515581,1.5855287069457766,0.04733570631674016,-0.776605251666135,-0.7306788853073704,-1.004309913607005
692,-0.1011372468908936,0.8817216424333439,1.1952052836879563,1.6516334805591384,-0.31369703512154284,-1.0996719906799632,0.1872708919938373,0.10594406183192076,0.13612710475723236,0.07264670641206396
693,0.21531387578511957,-1.5681864291091574,0.14431693449478036,0.410284830166764,0.3145278355313812,-0.2046050914713833,0.2452850236412899,0.3912125268009897,0.44257366690128447,0.4552497161556807
694,0.6583454475315381,0.8817216424333439,-0.38112724010180754,-1.2448467036897353,0.1749223087196192,-0.6521385410756733,0.2710513733198746,0.8191152242545933,0.7665314611678535,0.8095117622145858
695,-0.9872003903837303,0.8817216424333439,1.1952052836879563,-0.4172809367614856,0.1051195453137382,-1.5472054402842532,0.05588907188014663,-1.1331908328774714,-1.1509484562477845,-1.1176737683458546
696,-1.050490614918933,-0.751550405261657,-1.4320155892949833,-1.2448467036897353,1.2917665232137003,-0.2046050914713833,0.035860383573287996,-1.3293129025437058,-1.326060777472957,-1.2026966593999917
697,1.4178281419539693,0.06508561858584352,-0.38112724010180754,-0.8310638202256104,-1.8493578300509,-0.6521385410756733,0.4023269404452,1.585774223858965,1.510758826374836,1.2487966993276265
698,1.6920857816065142,0.8817216424333439,0.14431693449478036,0.8240677136308887,0.1749223087196192,-0.6521385410756733,0.9977155607501461,1.5501156657378312,1.5632925227423873,1.5747177817018192
699,0.8693128626488799,0.8817216424333439,0.14431693449478036,0.8240677136308887,0.3145278355313812,-1.1444253356403928,0.45842851830207726,0.9439201776785605,0.9679106305768014,0.9937280261652158
700,1.5444085910243748,0.06508561858584352,1.1952052836879563,-1.2448467036897353,-2.337977173892062,0.6904618077371967,0.5753599319980874,1.648176700570949,1.5632925227423873,1.2346262174852707
701,-1.050490614918933,0.8817216424333439,-1.4320155892949833,-1.2448467036897353,-0.10428874490389983,-1.5472054402842532,0.026510120597141796,-1.2579957863014386,-1.212237768676595,-1.231037623084704
702,1.5022151080009063,0.06508561858584352,0.6697611090913683,1.6516334805591384,0.24472507212550018,0.2429283581329067,0.4955639377357488,1.3896521541927305,1.3881802015172156,1.4188424814359009
703,-0.9872003903837303,0.06508561858584352,-1.4320155892949833,-1.2448467036897353,-0.7325136155568189,-0.2046050914713833,0.03947298517770812,-1.124276193347188,-1.142192840186526,-1.1885261775576352
704,2.5570521835876163,-1.5681864291091574,-0.38112724010180754,-0.8310638202256104,0.6635416525607812,1.1379952573414867,0.7845720660893588,1.9691037236611515,2.0098289418665765,2.0848551280266405
705,-0.9872003903837303,-1.5681864291091574,-1.4320155892949833,-1.2448467036897353,1.1521609964019384,-1.0996719906799632,0.03947298517770812,-1.1866786700591714,-1.1947265365540773,-1.0751623228187863
706,0.4473780324141958,0.8817216424333439,-0.9065714146983955,-0.8310638202256104,-0.10428874490389983,-0.2046050914713833,0.2611698454019019,0.6140785150580746,0.6351972202489738,0.6111250164215991
707,1.481118366489172,0.8817216424333439,0.14431693449478036,0.410284830166764,-0.24389427171566183,-1.0996719906799632,0.7566275301492854,1.4431399913744305,1.493247594252319,1.4188424814359009
708,0.784925896601943,0.8817216424333439,1.1952052836879563,1.2378505970950135,0.1051195453137382,-0.6521385410756733,0.5205865164957765,0.8904323404968605,0.9153769342092499,0.9087051351110781
709,-0.9661036488719961,0.06508561858584352,-0.38112724010180754,1.2378505970950135,-0.38349979852741883,0.2429283581329067,0.03570100409074005,-1.115361553816904,-1.072147911696457,-1.1176737683458546
710,0.4262812909024616,0.06508561858584352,1.1952052836879563,-0.0034980532973608127,0.5239361257490193,2.033062156550067,0.15852945864102427,0.6140785150580746,0.5388854435751288,0.6394659801063115
711,-0.7973297167781225,0.8817216424333439,-0.38112724010180754,-0.4172809367614856,-0.5231053253391809,-0.6521385410756733,0.06029857089730649,-0.8390077283781191,-0.8007238137974394,-0.8626050951834432
712,0.9115063456723483,0.06508561858584352,0.14431693449478036,0.8240677136308887,-0.6627108521509428,0.2429283581329067,0.5031610264038676,1.0776397706328118,1.0204443269443535,0.951216580638147
713,0.4473780324141958,-1.5681864291091574,0.14431693449478036,0.410284830166764,-1.779555066645019,0.6904618077371967,0.3324124741008341,0.6764809917700587,0.7665314611678535,0.4835906798403931
714,-0.9450069073602619,-1.5681864291091574,-0.38112724010180754,-1.2448467036897353,-0.5231053253391809,2.033062156550067,0.026085108643680605,-1.079702995695771,-1.0283698313901641,-1.0893328046611421
715,-0.20662095444956474,-1.5681864291091574,-0.38112724010180754,0.8240677136308887,0.7333444159666572,0.2429283581329067,0.12691919460234818,-0.1258365659554474,-0.03898521646793941,0.0017942972002833347
716,2.578148925099351,0.8817216424333439,0.6697611090913683,0.410284830166764,-0.17409150830978082,0.2429283581329067,0.8509801838176698,2.1919697119182358,2.0798738703566455,2.0848551280266405
717,1.9241499382355902,0.8817216424333439,-0.38112724010180754,0.410284830166764,0.8729499427784192,-0.2046050914713833,0.5596344897200234,1.6392620610406659,1.5720481388036465,1.7305930819677364
718,-0.8395231998015908,0.06508561858584352,0.14431693449478036,0.8240677136308887,-0.4533025619332999,0.6904618077371967,0.05217021728736121,-0.9103248446203863,-0.8620131262262499,-0.9192870225528679
719,0.4473780324141958,0.06508561858584352,0.14431693449478036,0.410284830166764,0.38433059893725724,0.2429283581329067,0.33172182967645963,0.5427613988158074,0.5826635238814225,0.6111250164215991
720,0.4262812909024616,-0.751550405261657,0.14431693449478036,0.410284830166764,0.4541333623431382,1.1379952573414867,0.3289592519789619,0.4803589221038234,0.48635174720757746,0.5402726072098178
721,-1.050490614918933,0.8817216424333439,-0.9065714146983955,-0.8310638202256104,-1.081527432586219,-0.6521385410756733,0.023747542899644054,-1.2134225886500216,-1.1684596883703013,-1.2735490686117723
722,0.6372487060198039,-1.5681864291091574,0.6697611090913683,0.8240677136308887,-1.081527432586219,0.6904618077371967,0.26998884343622165,0.8369445033151597,0.8540876217804394,0.6961479074757362
723,0.8482161211371456,-1.5681864291091574,1.7206494582845442,-1.2448467036897353,-0.38349979852741883,-1.0996719906799632,0.2731764330871806,0.9884933753299773,1.0029330948218358,0.937046098795791
724,-0.5652655601490462,0.8817216424333439,1.1952052836879563,-0.4172809367614856,0.6635416525607812,-0.6521385410756733,0.11353131806832067,-0.4467635890456492,-0.5292997158984225,-0.40914967622804577
725,0.46847477392593007,1.6983576662808442,-1.4320155892949833,0.410284830166764,3.3858494253900955,-0.2046050914713833,0.28422674387717156,0.3198954105587225,0.3550175062886978,0.752829834845161
726,-1.0293938734071988,0.8817216424333439,-0.38112724010180754,0.410284830166764,-0.03448598149801883,-1.0996719906799632,0.026935132550602987,-1.240166507240872,-1.185970920492819,-1.2026966593999917
727,-0.9028134243367935,0.8817216424333439,-0.9065714146983955,-1.2448467036897353,-0.17409150830978082,-0.2046050914713833,0.04643255591563513,-0.9816419608626535,-0.9933473671451296,-0.9901394317646491
728,1.2279574683483612,-1.5681864291091574,-0.38112724010180754,-1.2448467036897353,1.0125554695901813,-0.6521385410756733,0.41629920841523665,1.202444724056779,1.1342673357407154,1.3054786266970513
729,-1.0293938734071988,-0.751550405261657,1.1952052836879563,1.6516334805591384,1.4313720500254572,-0.6521385410756733,0.03756043138713276,-1.3293129025437058,-1.273527081105405,-1.1601852138729227
730,1.7342792646299827,0.06508561858584352,1.1952052836879563,0.8240677136308887,-0.7325136155568189,0.2429283581329067,0.7675184614567284,1.6838352586920826,1.5808037548649048,1.5038653724900373
731,-1.0082971318954645,0.8817216424333439,1.1952052836879563,-1.2448467036897353,0.38433059893725724,-0.2046050914713833,0.026988259044785634,-1.2045079491197386,-1.1597040723090428,-1.1318442501882104
732,-1.0082971318954645,0.8817216424333439,0.6697611090913683,0.8240677136308887,0.1749223087196192,-1.5472054402842532,0.027785156457525367,-1.2134225886500216,-1.1597040723090428,-1.1601852138729227
733,-0.1855242129378305,0.8817216424333439,0.6697611090913683,0.410284830166764,0.38433059893725724,0.2429283581329067,0.12537852627105137,-0.054519449713180144,-0.012718368284164113,0.015964779042639207
734,-0.5652655601490462,0.8817216424333439,1.1952052836879563,0.8240677136308887,0.035316781907857205,-1.0996719906799632,0.09631833395314243,-0.4556782285759332,-0.49427725165338804,-0.46583160359747056
735,-1.050490614918933,0.8817216424333439,1.1952052836879563,0.8240677136308887,-0.24389427171566183,-1.0996719906799632,0.027838282951708017,-1.2579957863014386,-1.185970920492819,-1.231037623084704
736,-0.8184264582898567,0.06508561858584352,1.1952052836879563,0.410284830166764,-1.360738486209743,0.2429283581329067,0.04393561068905063,-0.8300930888478358,-0.7832125816749225,-0.9334575043952245
737,-0.9661036488719961,0.8817216424333439,-0.38112724010180754,-0.4172809367614856,-0.6627108521509428,-0.6521385410756733,0.052488976252457104,-1.0440444375746376,-1.0371254474514224,-1.0893328046611421
738,-0.4808785941021094,0.06508561858584352,1.1952052836879563,0.410284830166764,-1.430541249615619,0.6904618077371967,0.09180258194761727,-0.2863000775005483,-0.3191649304282155,-0.451661121755114
739,-0.3542981450317041,-1.5681864291091574,-0.38112724010180754,0.410284830166764,-0.38349979852741883,0.779968497658056,0.08712745045954418,-0.22389760078856427,-0.1965863055705951,-0.25327437596212804
740,0.21531387578511957,-0.751550405261657,0.14431693449478036,-1.2448467036897353,0.5937388891549003,0.2429283581329067,0.21282473569569144,0.3288100500890057,0.3550175062886978,0.41273827062861246
741,0.21531387578511957,-0.751550405261657,0.14431693449478036,-1.2448467036897353,1.0823582329960573,1.1379952573414867,0.2098496520214631,0.3198954105587225,0.32875065810492254,0.4552497161556807
742,-1.0293938734071988,0.8817216424333439,-0.9065714146983955,-1.2448467036897353,-0.38349979852741883,-0.2046050914713833,0.03633852202093184,-1.2045079491197386,-1.2209933847378536,-1.231037623084704
743,0.8693128626488799,0.8817216424333439,0.14431693449478036,0.410284830166764,-0.17409150830978082,-0.6521385410756733,0.4434999734367529,1.0152372939208278,0.9591550145155429,0.951216580638147
744,-0.05894376386742515,0.06508561858584352,0.14431693449478036,0.410284830166764,0.24472507212550018,0.6904618077371967,0.17096105827976413,0.10594406183192076,0.11861587263471549,0.1434991156238452
745,1.2279574683483612,0.8817216424333439,-0.38112724010180754,0.8240677136308887,1.2917665232137003,-0.6521385410756733,0.4269776337459491,1.1757008054659286,1.1080004875569394,1.3196491085394073
746,1.5022151080009063,-0.751550405261657,-1.4320155892949833,-0.8310638202256104,1.0125554695901813,-0.6521385410756733,0.5223928172979865,1.36290823560188,1.3881802015172156,1.5180358543323944
747,0.5317649984611327,0.06508561858584352,0.14431693449478036,-1.2448467036897353,-1.0117246691803428,1.1379952573414867,0.2952239281729799,0.8280298637848764,0.7052421487390429,0.6252954982639549
748,-1.0293938734071988,0.8817216424333439,-0.38112724010180754,0.410284830166764,-0.17409150830978082,-0.6521385410756733,0.026935132550602987,-1.2045079491197386,-1.1684596883703013,-1.1885261775576352
749,0.13092690973818266,0.06508561858584352,-0.38112724010180754,-0.8310638202256104,-0.5231053253391809,0.2429283581329067,0.146469744461563,0.3733832477404233,0.33750627416618095,0.28520393404740707
750,-1.0293938734071988,0.06508561858584352,-0.38112724010180754,1.2378505970950135,0.035316781907857205,0.2429283581329067,0.04818573022366254,-1.240166507240872,-1.256015848982888,-1.231037623084704
751,0.4262812909024616,0.06508561858584352,1.7206494582845442,-0.0034980532973608127,-2.407779937297943,0.2429283581329067,0.08930563672103278,0.7834566661334595,0.6789753005552669,0.398567788786256
752,1.5233118495126405,0.8817216424333439,1.7206494582845442,-1.2448467036897353,0.1051195453137382,-0.2046050914713833,0.3907984912075652,1.425310712313864,1.4319582818235084,1.4330129632782567
753,0.700538930555006,0.06508561858584352,0.14431693449478036,-0.4172809367614856,-1.221132959397981,0.2429283581329067,0.666365616532965,0.9350055381482772,0.8978657020867323,0.7386593530028038
754,-0.5652655601490462,0.8817216424333439,1.1952052836879563,0.8240677136308887,-0.03448598149801883,-1.0996719906799632,0.08537427615151676,-0.4913367866970668,-0.45049917134709505,-0.46583160359747056
755,1.5022151080009063,-0.751550405261657,0.6697611090913683,1.6516334805591384,1.2917665232137003,0.2429283581329067,0.3854327152951177,1.3896521541927305,1.3356465051496633,1.5463768180171062
756,-0.1855242129378305,0.8817216424333439,-0.9065714146983955,-1.2448467036897353,-0.8023163789626999,-0.6521385410756733,0.19518673962705202,0.04354158511993751,0.06608217626716334,-0.040717148326785545
757,-0.7973297167781225,0.8817216424333439,-1.4320155892949833,1.2378505970950135,0.1749223087196192,-0.6521385410756733,0.07437709185570844,-0.8479223679084023,-0.7832125816749225,-0.7917526859716626
758,0.9747965702075511,0.06508561858584352,-0.38112724010180754,-0.8310638202256104,-0.31369703512154284,-0.2046050914713833,0.3373532380598204,1.095469049693378,0.9941774787605774,0.9937280261652158
759,-0.14333072991436205,-0.751550405261657,1.7206494582845442,0.410284830166764,-0.6627108521509428,2.4805956061543566,0.11145938479519736,-0.054519449713180144,0.03981532808338804,-0.0832285938538538
760,2.5570521835876163,0.06508561858584352,1.7206494582845442,-0.8310638202256104,0.1749223087196192,0.6904618077371967,0.6589279073473941,2.0582501189639846,2.071118254295387,2.0706846461842847
761,-1.0082971318954645,0.8817216424333439,-0.38112724010180754,1.6516334805591384,0.1051195453137382,-1.0996719906799632,0.043988737183233276,-1.1955933095894553,-1.1947265365540773,-1.1743556957152792
762,-0.5652655601490462,-0.751550405261657,1.1952052836879563,-1.2448467036897353,1.4313720500254572,-0.6521385410756733,0.07241141157095043,-0.4913367866970668,-0.5205440998371641,-0.35246774885862103
763,-0.4808785941021094,-1.5681864291091574,-0.9065714146983955,-1.2448467036897353,-0.4533025619332999,-0.6521385410756733,0.09318387079636614,-0.35761719374281553,-0.31040931436695707,-0.3808087125433334
764,-0.5230720771255777,0.8817216424333439,-0.9065714146983955,-1.2448467036897353,-0.31369703512154284,-0.6521385410756733,0.08558678212824736,-0.40219039139423235,-0.35418739467325,-0.40914967622804577
765,-1.050490614918933,0.8817216424333439,1.1952052836879563,1.2378505970950135,-0.17409150830978082,-1.0996719906799632,0.04058864155554375,-1.2490811467711553,-1.212237768676595,-1.231037623084704
766,-1.0293938734071988,0.8817216424333439,0.6697611090913683,0.410284830166764,0.38433059893725724,-1.5472054402842532,0.024013175370557298,-1.2134225886500216,-1.1684596883703013,-1.146014732030567
767,-1.1770710639893383,0.8817216424333439,1.1952052836879563,1.2378505970950135,0.1749223087196192,-0.6521385410756733,0.029697710248100726,-1.5700081698613575,-1.509928714759388,-1.5144472599318273
768,-0.2910079204965014,-1.5681864291091574,-1.4320155892949833,-0.8310638202256104,-0.31369703512154284,-0.11509840155052403,0.09398076820910588,-0.1258365659554474,-0.06525206465171549,-0.12574003938092204
769,-0.6074590431725145,0.8817216424333439,1.1952052836879563,0.8240677136308887,0.6635416525607812,-1.5472054402842532,0.08797747436646655,-0.5804831819999005,-0.5555665640821986,-0.4941725672821829
770,-0.05894376386742515,-1.5681864291091574,1.1952052836879563,-1.2448467036897353,1.2917665232137003,-0.2046050914713833,0.1548637305424215,0.05245622465022072,0.12737148869597392,0.2426924885203382
771,0.21531387578511957,0.8817216424333439,1.1952052836879563,0.8240677136308887,-0.10428874490389983,-0.5178785061943876,0.2407161451415821,0.4357857244524066,0.49510736326883587,0.4552497161556807
772,0.004346460667777534,-1.5681864291091574,-0.9065714146983955,-1.2448467036897353,0.8031471793725382,1.1379952573414867,0.1860489826276364,0.14160261995305437,0.17990518506352607,0.25686297036269473
773,1.5444085910243748,-0.751550405261657,-1.4320155892949833,-1.2448467036897353,1.2219637598078192,0.2429283581329067,0.6004887637464804,1.3896521541927305,1.4144470497009907,1.5747177817018192
774,-1.050490614918933,0.06508561858584352,-1.4320155892949833,0.410284830166764,0.5937388891549003,0.2429283581329067,0.04483876109015566,-1.293654344422572,-1.299793929289181,-1.231037623084704
775,-1.0293938734071988,-1.5681864291091574,0.14431693449478036,-1.2448467036897353,0.9427527061843003,-1.0996719906799632,0.035222865643096214,-1.240166507240872,-1.273527081105405,-1.1601852138729227
776,-0.20662095444956474,0.06508561858584352,0.6697611090913683,0.410284830166764,-0.5231053253391809,0.6904618077371967,0.09637146044732509,-0.018860891592046524,-0.06525206465171549,-0.09739907569620966
777,0.4262812909024616,-0.751550405261657,-0.38112724010180754,-0.8310638202256104,0.8729499427784192,-0.6521385410756733,0.2168092227593901,0.5160174802249571,0.5651522917589049,0.6536364619486673
778,0.9115063456723483,0.06508561858584352,1.1952052836879563,0.410284830166764,0.1749223087196192,0.6904618077371967,0.44790947245391277,1.0152372939208278,0.9328881663317669,0.9937280261652158
779,0.4262812909024616,-0.751550405261657,-0.9065714146983955,-1.2448467036897353,-2.8963992811391,2.033062156550067,0.22074058332890611,0.7923713056637428,0.6702196844940084,0.3418858614168312
780,0.700538930555006,0.8817216424333439,-0.38112724010180754,-0.8310638202256104,-0.5231053253391809,1.1379952573414867,0.24092865111831271,0.8904323404968605,0.8365763896579225,0.7811707985298727
781,-0.3542981450317041,0.8817216424333439,0.14431693449478036,-1.2448467036897353,-1.2909357228038618,0.6904618077371967,0.10264038676087765,-0.1258365659554474,-0.09151891283549156,-0.25327437596212804
782,2.9789870138223007,0.06508561858584352,0.14431693449478036,-1.2448467036897353,0.24472507212550018,0.6904618077371967,0.8927376082452319,2.3167746653422037,2.2112081112755253,2.283241873819628
783,-1.0293938734071988,0.8817216424333439,-0.38112724010180754,1.6516334805591384,-0.03448598149801883,-0.7416452309965326,0.03463847420708707,-1.2312518677105888,-1.1772153044315605,-1.2026966593999917
784,0.5739584814846012,0.06508561858584352,-1.4320155892949833,0.8240677136308887,-1.430541249615619,1.5855287069457766,0.42580885087393083,0.8547737823757269,0.7927983093516288,0.6252954982639549
785,0.8271193796254115,0.8817216424333439,1.7206494582845442,-1.2448467036897353,0.1749223087196192,-0.6521385410756733,0.2485257397864315,0.9528348172088437,0.9066213181479907,0.951216580638147
786,-0.45978185259037524,0.06508561858584352,1.1952052836879563,-1.2448467036897353,0.4541333623431382,1.1379952573414867,0.10354353716198268,-0.3487025542125323,-0.38045424285702606,-0.3099563033315528
787,-1.0082971318954645,0.8817216424333439,1.1952052836879563,0.8240677136308887,0.1051195453137382,-1.0996719906799632,0.041066780003187586,-1.1688493909986049,-1.1684596883703013,-1.146014732030567
788,-0.1855242129378305,0.06508561858584352,1.1952052836879563,0.410284830166764,-0.9419219057744619,1.5855287069457766,0.13361313286936194,0.07028550371078714,0.031059712022128826,-0.054887630169141416
789,-1.0082971318954645,-1.5681864291091574,0.14431693449478036,1.6516334805591384,0.38433059893725724,-0.2046050914713833,0.041332412474100834,-1.2045079491197386,-1.1597040723090428,-1.146014732030567
790,-0.016750280843956692,-0.751550405261657,-0.38112724010180754,-0.8310638202256104,-1.779555066645019,0.2429283581329067,0.12463475535249428,0.2842368524375889,0.293728193859888,0.07264670641206396
791,0.46847477392593007,0.8817216424333439,-1.4320155892949833,0.8240677136308887,0.3145278355313812,-1.5472054402842532,0.4411092811985337,0.6229931545883579,0.6351972202489738,0.6678069437910232
792,-0.9661036488719961,1.6983576662808442,1.7206494582845442,-1.2448467036897353,1.9199913938666193,-0.2046050914713833,0.026403867608776495,-1.2045079491197386,-1.2034821526153359,-1.0184803954493615
793,0.4473780324141958,-0.751550405261657,1.1952052836879563,0.410284830166764,0.1749223087196192,1.5855287069457766,0.29203633852202093,0.4981882011643906,0.5651522917589049,0.5544430890521743
794,-1.050490614918933,-0.751550405261657,1.1952052836879563,0.410284830166764,0.9427527061843003,-0.6521385410756733,0.027944535940073314,-1.3203982630134226,-1.273527081105405,-1.2026966593999917
795,0.5106682569493985,-1.5681864291091574,-1.4320155892949833,-1.2448467036897353,1.2219637598078192,-0.6521385410756733,0.28587366519683366,0.6051638755277915,0.5563966756976465,0.7386593530028038
796,0.4473780324141958,-0.751550405261657,-1.4320155892949833,-1.2448467036897353,1.7803858670548574,0.6904618077371967,0.28576741220846835,0.4447003639826906,0.477596131146319,0.681977425633379
797,0.3418943248555247,-1.5681864291091574,-1.4320155892949833,0.410284830166764,-2.128568883674419,0.2429283581329067,0.3185995856133454,0.6586517127094915,0.6789753005552669,0.38439730694390006
798,1.5444085910243748,0.8817216424333439,1.1952052836879563,-1.2448467036897353,-0.31369703512154284,-0.2046050914713833,0.45311586888381233,1.5055424680864145,1.3881802015172156,1.390501517751188
799,1.6920857816065142,0.8817216424333439,1.7206494582845442,0.410284830166764,0.24472507212550018,-0.6521385410756733,0.5143175901822239,1.5501156657378312,1.5545369066811288,1.5747177817018192
800,-0.8395231998015908,0.8817216424333439,-1.4320155892949833,0.8240677136308887,-0.31369703512154284,-0.6521385410756733,0.0665143707166764,-0.8657516469689694,-0.818235045919957,-0.8626050951834432
801,-0.9028134243367935,0.06508561858584352,-0.9065714146983955,1.6516334805591384,-0.7325136155568189,0.6904618077371967,0.055145300961589545,-0.9548980422718031,-0.9670805189613535,-1.0184803954493615
802,-1.0293938734071988,0.8817216424333439,0.14431693449478036,1.2378505970950135,0.3145278355313812,-1.9947388898885432,0.044626255113425065,-1.2312518677105888,-1.1947265365540773,-1.1743556957152792
803,-0.6074590431725145,-0.751550405261657,1.1952052836879563,1.6516334805591384,0.9427527061843003,0.2429283581329067,0.09961217659246667,-0.5893978215301837,-0.5468109480209394,-0.46583160359747056
804,0.21531387578511957,0.06508561858584352,1.1952052836879563,0.410284830166764,-1.5003440130215,1.5855287069457766,0.2136747596026138,0.462529643043257,0.40755120265625,0.2426924885203382
805,0.21531387578511957,0.06508561858584352,-0.9065714146983955,-1.2448467036897353,0.3145278355313812,0.2429283581329067,0.24501939117037666,0.40012716633127293,0.32875065810492254,0.398567788786256
806,-0.8395231998015908,0.8817216424333439,1.1952052836879563,1.2378505970950135,0.38433059893725724,-1.5472054402842532,0.055410933432502786,-0.8746662864992527,-0.8532575101649915,-0.8200936496563749
807,-1.0082971318954645,0.06508561858584352,-1.4320155892949833,1.6516334805591384,-0.17409150830978082,0.2429283581329067,0.044732508101790365,-1.2223372281803049,-1.1509484562477845,-1.1885261775576352
808,0.9747965702075511,0.06508561858584352,0.6697611090913683,0.410284830166764,0.4541333623431382,0.2429283581329067,0.3199808744620942,1.0241519334511109,1.055466791189388,1.0929213990617082
809,0.6161519645080696,0.8817216424333439,1.1952052836879563,0.410284830166764,0.1749223087196192,-1.5472054402842532,0.36683844233119056,0.7834566661334595,0.8015539254128881,0.8095117622145858
810,-1.0926840979424013,0.8817216424333439,0.14431693449478036,-0.4172809367614856,0.1749223087196192,-1.9947388898885432,0.04382935770068533,-1.338227542073989,-1.2647714650441464,-1.2735490686117723
811,-1.050490614918933,0.06508561858584352,1.1952052836879563,1.2378505970950135,0.24472507212550018,1.5855287069457766,0.05381713860702332,-1.2758250653620058,-1.282282697166664,-1.24520810492706
812,-1.050490614918933,0.06508561858584352,-0.9065714146983955,0.8240677136308887,-1.081527432586219,0.6904618077371967,0.03240716145141582,-1.1955933095894553,-1.1509484562477845,-1.2593785867694165
813,0.23641061729685378,0.06508561858584352,-1.4320155892949833,-0.8310638202256104,-2.268174410486181,1.1379952573414867,0.1795144238431706,0.5427613988158074,0.5038629793300943,0.22852200667798234
814,0.21531387578511957,0.06508561858584352,0.14431693449478036,0.410284830166764,0.1051195453137382,-1.0996719906799632,0.24098177761249534,0.462529643043257,0.43381805084002606,0.4552497161556807
815,0.21531387578511957,-0.751550405261657,1.1952052836879563,-0.8310638202256104,1.4313720500254572,0.6904618077371967,0.17547681028528928,0.25749293384673844,0.27621696173737037,0.44107923431332485
816,-0.755136233754654,0.8817216424333439,1.1952052836879563,1.2378505970950135,-0.10428874490389983,-0.6521385410756733,0.06874568347234766,-0.7409466935450014,-0.7481901174298881,-0.7492412404445943
817,0.27860410032032223,0.8817216424333439,1.1952052836879563,-1.2448467036897353,0.1749223087196192,-0.6521385410756733,0.24151304255432185,0.4357857244524066,0.46008489902380134,0.4694201979980372
818,1.9452466797473245,-0.751550405261657,0.14431693449478036,-1.2448467036897353,1.7803858670548574,1.1379952573414867,0.7171545449715774,1.5946888633892482,1.5983149869874218,1.8581274185489418
819,-0.9661036488719961,0.06508561858584352,0.14431693449478036,0.410284830166764,-0.38349979852741883,0.6904618077371967,0.04675131488073102,-1.0707883561654872,-1.0896591438189738,-1.1035032865034986
820,0.4262812909024616,0.06508561858584352,0.14431693449478036,-0.8310638202256104,-0.4533025619332999,1.5855287069457766,0.23651915210115285,0.578419956936941,0.5388854435751288,0.4977611616827496
821,-0.8184264582898567,0.8817216424333439,0.14431693449478036,1.6516334805591384,-0.38349979852741883,-0.6521385410756733,0.07028635180364448,-0.8479223679084023,-0.8007238137974394,-0.8484346133410873
822,-0.8606199413133251,0.06508561858584352,1.1952052836879563,0.8240677136308887,-0.03448598149801883,2.033062156550067,0.05052329596769909,-0.9281541236809527,-0.9495692868388359,-0.9334575043952245
823,-0.7973297167781225,0.8817216424333439,1.1952052836879563,1.6516334805591384,-0.24389427171566183,-1.5472054402842532,0.05110768740370823,-0.8211784493175527,-0.7306788853073704,-0.7917526859716626
824,-1.050490614918933,0.8817216424333439,-0.38112724010180754,0.8240677136308887,0.3145278355313812,-0.2046050914713833,0.027944535940073314,-1.293654344422572,-1.256015848982888,-1.231037623084704
825,-0.9450069073602619,-1.5681864291091574,-0.38112724010180754,1.6516334805591384,0.5239361257490193,0.2429283581329067,0.037507304892950115,-1.115361553816904,-1.072147911696457,-1.0326508772917173
826,-0.8817166828250593,-1.5681864291091574,-0.9065714146983955,0.8240677136308887,-2.477582700703819,0.2429283581329067,0.052860861711735645,-0.8568370074386863,-0.8094794298586986,-1.0609918409764298
827,-1.050490614918933,-0.751550405261657,-0.9065714146983955,-1.2448467036897353,0.9427527061843003,-0.6521385410756733,0.027360144504064175,-1.3293129025437058,-1.273527081105405,-1.2026966593999917
828,-0.6285557846842488,1.6983576662808442,0.14431693449478036,-0.8310638202256104,2.618019027925419,-1.5472054402842532,0.054773415502311004,-0.5983124610604676,-0.7131676531848535,-0.40914967622804577
829,2.7680195987049587,0.8817216424333439,1.7206494582845442,0.8240677136308887,0.035316781907857205,-0.5626318511548141,0.8375923072836423,2.200884351448519,2.18494126309175,2.1698780190807785
830,-0.5652655601490462,0.8817216424333439,-0.9065714146983955,0.410284830166764,-0.10428874490389983,-0.6521385410756733,0.12038463581788238,-0.4735075076364996,-0.45049917134709505,-0.46583160359747056
831,-0.6074590431725145,0.8817216424333439,1.1952052836879563,1.6516334805591384,-0.17409150830978082,-0.2046050914713833,0.1048716995165489,-0.4913367866970668,-0.5292997158984225,-0.5225135309668953
832,-0.5230720771255777,-1.5681864291091574,1.1952052836879563,-1.2448467036897353,-0.7325136155568189,-0.6521385410756733,0.06061732986240238,-0.36653183327309874,-0.31040931436695707,-0.40914967622804577
833,-0.016750280843956692,0.06508561858584352,0.6697611090913683,-1.2448467036897353,0.035316781907857205,1.1379952573414867,0.12309408702119747,0.2040050966650384,0.16239395294100842,0.18601056115091347
834,0.06763668520297998,-1.5681864291091574,0.14431693449478036,-1.2448467036897353,0.1051195453137382,0.2429283581329067,0.1764862136747596,0.21291973619532162,0.24119449749233587,0.2426924885203382
835,-0.2910079204965014,-0.751550405261657,-0.38112724010180754,0.8240677136308887,-1.360738486209743,1.540775361985347,0.1050842054932795,-0.09909264736459697,-0.04774083252919862,-0.22493341227741567
836,-0.03784702235569092,0.06508561858584352,0.14431693449478036,0.8240677136308887,-0.8023163789626999,-0.2046050914713833,0.17754874355841258,0.23966365478617205,0.1886608011247845,0.11515815193913284
837,0.8904096041606141,0.06508561858584352,0.14431693449478036,0.410284830166764,0.8729499427784192,1.1379952573414867,0.3800669393826701,0.9974080148602605,0.8803544699642155,1.0504099535346405
838,-0.12223398840262782,-1.5681864291091574,-1.4320155892949833,0.8240677136308887,0.7333444159666572,0.6904618077371967,0.1814801041279286,-0.045604810182896936,0.022304095960870397,0.07264670641206396
839,-0.1011372468908936,0.06508561858584352,1.1952052836879563,-1.2448467036897353,-1.639949539833262,2.033062156550067,0.1051904584816448,0.1950904571347552,0.15363833687975,-0.026546666484429042
840,1.903053196723856,-1.5681864291091574,0.6697611090913683,0.8240677136308887,0.38433059893725724,0.28768170309333635,0.6540402698825905,1.6392620610406659,1.6858711476000083,1.7022521182830246
841,-1.050490614918933,0.06508561858584352,1.1952052836879563,0.8240677136308887,0.035316781907857205,1.1379952573414867,0.03214152898050258,-1.2847397048922888,-1.2385046168603704,-1.24520810492706
842,0.9115063456723483,0.06508561858584352,1.7206494582845442,0.8240677136308887,-1.1513301959920998,1.1379952573414867,0.2817829251447697,1.086554410163095,1.0204443269443535,0.8803641714263664
843,-0.12223398840262782,0.06508561858584352,1.7206494582845442,-1.2448467036897353,-0.10428874490389983,0.6904618077371967,0.102587260266695,0.07920014324107114,0.031059712022128826,0.044305742727351584
844,-1.050490614918933,0.8817216424333439,0.14431693449478036,-1.2448467036897353,0.38433059893725724,-1.591958785244683,0.026510120597141796,-1.293654344422572,-1.2472602329216296,-1.2168671412423475
845,-0.5019753356138434,0.8817216424333439,1.1952052836879563,0.410284830166764,-0.6627108521509428,-1.0996719906799632,0.08829623333156245,-0.35761719374281553,-0.3191649304282155,-0.40914967622804577
846,-0.05894376386742515,0.06508561858584352,-0.9065714146983955,0.8240677136308887,0.24472507212550018,-0.2046050914713833,0.19359294480157255,0.10594406183192076,0.0573265602059049,0.11515815193913284
847,0.7216356720667403,0.8817216424333439,0.14431693449478036,-0.0034980532973608127,-0.03448598149801883,-0.2046050914713833,0.20315571375444935,0.86368842190601,0.8190651575354049,0.8378527258992975
848,-0.5441688186373119,-0.751550405261657,-0.38112724010180754,0.8240677136308887,1.0125554695901813,1.1379952573414867,0.07230515858258514,-0.5359099843484837,-0.5030328677146465,-0.40914967622804577
849,-1.0082971318954645,0.8817216424333439,1.1952052836879563,1.2378505970950135,0.4541333623431382,-1.0996719906799632,0.044732508101790365,-1.2134225886500216,-1.185970920492819,-1.146014732030567
850,-1.0293938734071988,0.06508561858584352,-0.9065714146983955,-1.2448467036897353,-0.5929080887450618,1.1379952573414867,0.038888593741698986,-1.1955933095894553,-1.185970920492819,-1.231037623084704
851,0.23641061729685378,0.8817216424333439,1.1952052836879563,-1.2448467036897353,0.5239361257490193,-0.6521385410756733,0.24826010731551826,0.409041805861557,0.4250624347787669,0.4835906798403931
852,0.02544320217951176,0.8817216424333439,-0.9065714146983955,0.410284830166764,-1.5701467764273809,1.1379952573414867,0.22924082239812996,0.3109807710284393,0.36377312234995707,0.1434991156238452
853,0.4262812909024616,-1.5681864291091574,-1.4320155892949833,-0.8310638202256104,-1.5003440130215,2.033062156550067,0.24889762524571005,0.6408224336489251,0.6789753005552669,0.4552497161556807
854,-0.5019753356138434,0.8817216424333439,-1.4320155892949833,0.8240677136308887,0.035316781907857205,-0.6521385410756733,0.10678425330712427,-0.40219039139423235,-0.35418739467325,-0.36663823070097756
855,0.27860410032032223,0.06508561858584352,0.14431693449478036,-1.2448467036897353,0.38433059893725724,0.2429283581329067,0.22828454550284227,0.4357857244524066,0.39003997053373235,0.4552497161556807
856,-1.050490614918933,0.8817216424333439,-1.4320155892949833,0.8240677136308887,0.1749223087196192,-1.9947388898885432,0.0357541305849227,-1.2669104258317225,-1.2297490007991119,-1.2168671412423475
857,-0.5441688186373119,-1.5681864291091574,-1.4320155892949833,1.6516334805591384,1.0823582329960573,1.1379952573414867,0.10386229612707858,-0.562653902939334,-0.49427725165338804,-0.40914967622804577
858,0.6794421890432724,-1.5681864291091574,0.14431693449478036,-0.8310638202256104,-0.17409150830978082,0.2429283581329067,0.26313552568665993,0.801285945194026,0.8278207735966633,0.7811707985298727
859,-0.20662095444956474,0.06508561858584352,-0.9065714146983955,-0.8310638202256104,-0.8721191423685809,0.2429283581329067,0.12505976730595547,0.06137086418050393,0.0047928638383535295,-0.0690581120114973
860,0.6794421890432724,-1.5681864291091574,-0.38112724010180754,-0.8310638202256104,-0.5929080887450618,1.1379952573414867,0.2389629708335547,0.8726030614362933,0.8978657020867323,0.7953412803722286
861,-0.6074590431725145,1.6983576662808442,-1.4320155892949833,-1.2448467036897353,2.1293996840842575,0.2429283581329067,0.06571747330393668,-0.5893978215301837,-0.6256114925722677,-0.3808087125433334
862,0.4262812909024616,-0.751550405261657,1.1952052836879563,0.8240677136308887,-2.1983716470803,2.033062156550067,0.31456197205546405,0.685395631300342,0.6964865326777845,0.398567788786256
863,-1.0293938734071988,0.8817216424333439,-0.38112724010180754,-1.2448467036897353,0.8031471793725382,-0.6521385410756733,0.02964458375391808,-1.2669104258317225,-1.282282697166664,-1.1885261775576352
864,-1.050490614918933,0.06508561858584352,-0.9065714146983955,-1.2448467036897353,0.38433059893725724,0.6904618077371967,0.03766668437549806,-1.3203982630134226,-1.326060777472957,-1.2735490686117723
865,0.4262812909024616,-0.751550405261657,-0.38112724010180754,-1.2448467036897353,1.5011748134313383,-0.6521385410756733,0.23742230250225788,0.5160174802249571,0.477596131146319,0.681977425633379
866,1.0169900532310194,0.8817216424333439,1.1952052836879563,0.8240677136308887,0.24472507212550018,-0.2046050914713833,0.5379588800935027,1.0508958520419613,1.055466791189388,1.0787509172193523
867,-1.050490614918933,0.06508561858584352,1.1952052836879563,0.8240677136308887,0.7333444159666572,0.6904618077371967,0.04122615948573553,-1.3025689839528563,-1.3173051614116977,-1.231037623084704
868,-0.9661036488719961,-1.5681864291091574,0.6697611090913683,-1.2448467036897353,-0.03448598149801883,-0.6521385410756733,0.02438506082983584,-1.0886176352260544,-1.045881063512681,-1.0609918409764298
869,-0.1855242129378305,0.8817216424333439,1.1952052836879563,1.2378505970950135,-0.4533025619332999,-0.2046050914713833,0.21011528449237635,0.025712306059370308,0.0573265602059049,-0.012376184642073167
870,-0.8395231998015908,-1.5681864291091574,-1.4320155892949833,0.410284830166764,0.1749223087196192,1.1379952573414867,0.04669818838654837,-0.9459834027415199,-0.9145468225938014,-0.9051165407105121
871,-1.0082971318954645,0.8817216424333439,-0.38112724010180754,1.6516334805591384,0.8031471793725382,-0.2046050914713833,0.043988737183233276,-1.1955933095894553,-1.2034821526153359,-1.1176737683458546
872,0.5950552229963354,0.06508561858584352,1.1952052836879563,-1.2448467036897353,-1.639949539833262,1.1379952573414867,0.267970036657281,0.86368842190601,0.7840426932903704,0.5969545345792426
873,0.48957151543766425,0.8817216424333439,-0.38112724010180754,-1.2448467036897353,0.38433059893725724,-0.6521385410756733,0.24454125272273283,0.6675663522397756,0.6264416041877154,0.6961479074757362
874,-0.9872003903837303,0.8817216424333439,-1.4320155892949833,1.6516334805591384,-0.38349979852741883,-0.2046050914713833,0.046113796950539236,-1.1421054724077544,-1.1071703759414915,-1.146014732030567
875,0.4473780324141958,0.8817216424333439,1.1952052836879563,-1.2448467036897353,0.38433059893725724,-0.2046050914713833,0.24937576369335387,0.6051638755277915,0.547641059636388,0.6252954982639549
876,-0.7973297167781225,0.06508561858584352,1.1952052836879563,0.410284830166764,-1.360738486209743,0.2429283581329067,0.044998140572703606,-0.776605251666135,-0.7306788853073704,-0.8767755770257997
877,-0.9028134243367935,0.8817216424333439,0.14431693449478036,0.8240677136308887,-0.4533025619332999,-0.6521385410756733,0.04494501407852096,-0.9727273213323704,-0.9495692868388359,-0.9901394317646491
878,0.48957151543766425,0.8817216424333439,1.1952052836879563,1.6516334805591384,-0.38349979852741883,-0.2046050914713833,0.4506720501514105,0.6675663522397756,0.6877309166165253,0.6252954982639549
879,-0.6074590431725145,0.8817216424333439,0.14431693449478036,0.8240677136308887,0.24472507212550018,-0.6521385410756733,0.09265260585453966,-0.5359099843484837,-0.5117884837759049,-0.4941725672821829
880,0.7216356720667403,-1.5681864291091574,0.14431693449478036,1.2378505970950135,0.3145278355313812,-0.696891886036103,0.62354566222175,0.8369445033151597,0.8365763896579225,0.8803641714263664
881,-0.5863623016607803,-1.5681864291091574,-0.38112724010180754,0.410284830166764,-0.24389427171566183,-1.0996719906799632,0.0737927004196993,-0.48242214716678283,-0.43298793922457746,-0.4800020854398264
882,-1.1348775809658698,-1.5681864291091574,0.14431693449478036,0.8240677136308887,-0.8721191423685809,0.6904618077371967,0.024066301864739945,-1.4362885769071065,-1.3610832417179914,-1.4577653325624031
883,-0.6285557846842488,-1.5681864291091574,-0.38112724010180754,-0.4172809367614856,-0.31369703512154284,1.1379952573414867,0.090633799075599,-0.5804831819999005,-0.49427725165338804,-0.5650249764939635
884,0.48957151543766425,0.8817216424333439,0.6697611090913683,-1.2448467036897353,-0.4533025619332999,-1.0996719906799632,0.254050895181427,0.7121395498911923,0.731508996922819,0.6536364619486673
885,-1.1981678055010725,-1.5681864291091574,0.14431693449478036,1.2378505970950135,0.38433059893725724,-1.0996719906799632,0.0309727461084843,-1.6056667279824912,-1.5537067950656809,-1.5286177417741837
886,0.4473780324141958,0.8817216424333439,0.6697611090913683,-1.2448467036897353,0.3145278355313812,-0.6521385410756733,0.2292939488923126,0.5516760383460907,0.6001747560039394,0.6111250164215991
887,0.4473780324141958,0.06508561858584352,-1.4320155892949833,-0.8310638202256104,0.5937388891549003,-0.2046050914713833,0.2524039738617649,0.5516760383460907,0.521374211452612,0.6111250164215991
888,0.8904096041606141,0.06508561858584352,0.14431693449478036,0.410284830166764,0.1749223087196192,0.2429283581329067,0.46395367369707274,1.0330665729813941,0.985421862699319,1.0220689898499276
889,0.6583454475315381,0.8817216424333439,-1.4320155892949833,-0.8310638202256104,-0.38349979852741883,-0.2046050914713833,0.26398554959358234,0.86368842190601,0.8803544699642155,0.8095117622145858
890,-0.6285557846842488,0.8817216424333439,0.14431693449478036,-1.2448467036897353,-1.2909357228038618,-0.6521385410756733,0.07320830898369017,-0.33087327515196513,-0.564322180143457,-0.57919545833632
891,0.4262812909024616,0.06508561858584352,0.14431693449478036,-0.8310638202256104,-0.10428874490389983,0.2429283581329067,0.238006693938267,0.6319077941186418,0.5388854435751288,0.5686135708945302
892,-0.8395231998015908,0.8817216424333439,1.1952052836879563,-0.8310638202256104,0.24472507212550018,-0.2046050914713833,0.03442596823035648,-0.9014102050901031,-0.8620131262262499,-0.8484346133410873
893,-1.050490614918933,0.8817216424333439,-1.4320155892949833,1.2378505970950135,-0.38349979852741883,-0.2046050914713833,0.047548212293470754,-1.2490811467711553,-1.2034821526153359,-1.24520810492706
894,0.5950552229963354,0.8817216424333439,0.14431693449478036,0.8240677136308887,0.24472507212550018,-1.9947388898885432,0.44206555809382136,0.7745420266031756,0.7927983093516288,0.8095117622145858
895,-0.8184264582898567,0.8817216424333439,0.14431693449478036,-0.4172809367614856,-0.03448598149801883,-0.6521385410756733,0.07644902512883175,-0.8390077283781191,-0.791968197736181,-0.8059231678140184
896,0.700538930555006,-1.5681864291091574,0.14431693449478036,-0.8310638202256104,-1.8493578300509,0.6904618077371967,0.26637624183180153,0.9617494567391269,0.9941774787605774,0.7103183893180921
897,0.8693128626488799,-1.5681864291091574,-0.38112724010180754,-1.2448467036897353,1.0823582329960573,-0.2046050914713833,0.32184030175848694,0.9260908986179933,0.845332005719181,1.0220689898499276
898,-0.6074590431725145,0.8817216424333439,-0.9065714146983955,0.8240677136308887,0.38433059893725724,-0.6521385410756733,0.0999840620517452,-0.5715685424696173,-0.5380553319596809,-0.5083430491245388
899,-1.0082971318954645,0.8817216424333439,-0.38112724010180754,1.2378505970950135,-0.38349979852741883,-0.6521385410756733,0.037613557881315415,-1.1510201119380377,-1.0984147598802323,-1.146014732030567
900,1.1646672438131591,0.8817216424333439,1.7206494582845442,-1.2448467036897353,0.38433059893725724,-0.2046050914713833,0.3397970567922223,1.202444724056779,1.1255117196794562,1.2062852538005577
901,-0.8395231998015908,-0.751550405261657,-1.4320155892949833,-1.2448467036897353,1.5011748134313383,0.2429283581329067,0.04685756786909632,-0.9459834027415199,-0.9670805189613535,-0.8059231678140184
902,-0.8184264582898567,0.8817216424333439,0.14431693449478036,0.410284830166764,0.1051195453137382,-0.6521385410756733,0.05881102906019232,-0.8657516469689694,-0.8707687422875084,-0.8484346133410873
903,-0.20662095444956474,-1.5681864291091574,1.1952052836879563,-0.8310638202256104,-0.7325136155568189,0.2429283581329067,0.11374382404505126,0.007883026998803893,0.022304095960870397,-0.0690581120114973
904,1.7553760061417165,0.8817216424333439,0.6697611090913683,0.410284830166764,0.1051195453137382,-1.4129454054029675,0.5854008393986081,1.6125181424498154,1.6158262191099393,1.6172292272288868
905,0.046539943691245755,0.8817216424333439,-1.4320155892949833,-0.8310638202256104,0.5937388891549003,-1.0996719906799632,0.16633905328587367,0.186175817604472,0.2149276493085606,0.2710334522050506
906,2.6414391496345533,-1.5681864291091574,1.7206494582845442,0.8240677136308887,-0.24389427171566183,0.4666950829350517,0.8840779896934601,2.1384818747365366,2.123651950662939,2.0706846461842847
907,-1.050490614918933,0.8817216424333439,0.14431693449478036,1.6516334805591384,-0.10428874490389983,-1.9947388898885432,0.036869786962758326,-1.2312518677105888,-1.1772153044315605,-1.2026966593999917
908,-0.20662095444956474,-0.751550405261657,-0.38112724010180754,0.410284830166764,-1.8493578300509,3.3756625053629365,0.11868458800403761,0.0167976665290871,0.10110464051219785,-0.1540810030656344
909,-0.5441688186373119,0.8817216424333439,0.14431693449478036,0.8240677136308887,-0.4533025619332999,-1.0996719906799632,0.11066248738245762,-0.4200196704547996,-0.3629430107345084,-0.43749063991275816
910,0.21531387578511957,-1.5681864291091574,-1.4320155892949833,-0.8310638202256104,-1.2909357228038618,-0.2046050914713833,0.22780640705519842,0.462529643043257,0.5301298275138704,0.32771537957447533
911,-0.1855242129378305,-0.751550405261657,1.7206494582845442,0.8240677136308887,1.0823582329960573,-1.0996719906799632,0.09993093555756255,-0.09909264736459697,-0.06525206465171549,0.044305742727351584
912,-0.7762329752663882,0.06508561858584352,0.14431693449478036,-0.8310638202256104,-0.8721191423685809,0.6904618077371967,0.04627317643308718,-0.7320320540147182,-0.7481901174298881,-0.8200936496563749
913,0.4262812909024616,-1.5681864291091574,0.6697611090913683,-1.2448467036897353,-1.7097523032391428,2.4805956061543566,0.17850502045370026,0.7032249103609084,0.6439528363102324,0.44107923431332485
914,1.5022151080009063,0.8817216424333439,-0.38112724010180754,0.410284830166764,-0.8023163789626999,-0.2046050914713833,0.6130797428677681,1.5412010262075482,1.5020032103135774,1.390501517751188
915,-0.9028134243367935,0.8817216424333439,-1.4320155892949833,0.410284830166764,-0.38349979852741883,-0.2046050914713833,0.043085586782128246,-1.0262151585140704,-0.9583249029000951,-1.0184803954493615
916,-0.14333072991436205,-1.5681864291091574,-0.38112724010180754,-1.2448467036897353,0.7333444159666572,-1.0996719906799632,0.11666578122509695,-0.018860891592046524,0.013548479899611962,0.08681718825442046
917,1.5022151080009063,-1.5681864291091574,1.1952052836879563,0.410284830166764,1.0823582329960573,1.1379952573414867,0.6838442331190565,1.3807375146624472,1.283112808782112,1.4755244088053256
918,0.46847477392593007,0.06508561858584352,0.14431693449478036,0.410284830166764,-0.31369703512154284,0.2429283581329067,0.34420655580938214,0.6140785150580746,0.7052421487390429,0.6111250164215991
919,0.4473780324141958,0.8817216424333439,0.14431693449478036,-0.0034980532973608127,0.3145278355313812,-1.5472054402842532,0.1827020134941295,0.6319077941186418,0.6001747560039394,0.6536364619486673
920,-0.8817166828250593,0.8817216424333439,1.1952052836879563,1.6516334805591384,0.1749223087196192,-0.2046050914713833,0.04669818838654837,-0.9727273213323704,-0.9408136707775774,-0.9192870225528679
921,-0.5019753356138434,0.8817216424333439,-1.4320155892949833,0.410284830166764,-0.10428874490389983,-0.2046050914713833,0.09281198533708761,-0.36653183327309874,-0.38045424285702606,-0.3808087125433334
922,-0.9661036488719961,0.8817216424333439,-1.4320155892949833,-0.4172809367614856,0.1749223087196192,-0.6521385410756733,0.06603623226903256,-1.0975322747563376,-1.1071703759414915,-1.0751623228187863
923,2.6203424081228195,0.06508561858584352,-0.38112724010180754,-0.8310638202256104,-0.6627108521509428,0.2429283581329067,0.7939754555596876,2.22762827003937,2.1061407185404226,2.042343682499573
924,-0.1644274714260963,0.06508561858584352,1.7206494582845442,0.410284830166764,-1.081527432586219,0.6904618077371967,0.10327790469106944,0.10594406183192076,0.06608217626716334,-0.040717148326785545
925,-0.41758836956690676,-0.751550405261657,-1.4320155892949833,-1.2448467036897353,0.6635416525607812,1.1827486023019163,0.09897465866227488,-0.3754464728033827,-0.3279205464894739,-0.2674448578044839
926,-0.6285557846842488,-0.751550405261657,-0.9065714146983955,1.6516334805591384,0.4541333623431382,2.928129055758647,0.16028263294905168,-0.6250563796513173,-0.5905890283272331,-0.5650249764939635
927,1.7764727476534508,-1.5681864291091574,-1.4320155892949833,-1.2448467036897353,0.035316781907857205,0.6904618077371967,0.6789034691600702,1.585774223858965,1.5895593709261633,1.5747177817018192
928,0.5739584814846012,-1.5681864291091574,1.1952052836879563,0.410284830166764,0.1051195453137382,1.1379952573414867,0.3241247410083409,0.6675663522397756,0.7139977648003013,0.6961479074757362
929,0.6161519645080696,0.06508561858584352,0.14431693449478036,-1.2448467036897353,-0.5929080887450618,0.6904618077371967,0.2860330446793816,0.8102005847243092,0.7490202290453358,0.6961479074757362
930,2.5570521835876163,0.8817216424333439,0.6697611090913683,-1.2448467036897353,0.4541333623431382,-1.5472054402842532,0.670296977102481,2.0582501189639846,1.9485396294377668,2.0706846461842847
931,-0.8395231998015908,0.8817216424333439,0.6697611090913683,0.410284830166764,-0.24389427171566183,0.2429283581329067,0.044626255113425065,-0.8479223679084023,-0.8795243583487669,-0.8767755770257997
932,-1.0082971318954645,0.8817216424333439,-0.9065714146983955,-1.2448467036897353,0.5239361257490193,-1.5472054402842532,0.031291505073580195,-1.1955933095894553,-1.1597040723090428,-1.1176737683458546
933,-1.155974322477604,-0.751550405261657,-1.4320155892949833,0.8240677136308887,1.0823582329960573,1.1379952573414867,0.01917866439993625,-1.5521788908007907,-1.4836618665756118,-1.4152538870353342
934,-0.9872003903837303,0.8817216424333439,-0.38112724010180754,1.2378505970950135,0.3145278355313812,-1.0996719906799632,0.05126706688625617,-1.1510201119380377,-1.1684596883703013,-1.1176737683458546
935,-0.4808785941021094,0.8817216424333439,0.14431693449478036,1.6516334805591384,0.24472507212550018,-0.6521385410756733,0.12537852627105137,-0.3397879146822491,-0.37169862679576765,-0.3241267851739087
936,1.481118366489172,-1.5681864291091574,1.1952052836879563,-0.8310638202256104,-2.268174410486181,2.033062156550067,0.45582532008712745,1.4877131890258481,1.493247594252319,1.1354328445887771
937,0.4473780324141958,0.06508561858584352,-0.38112724010180754,0.8240677136308887,0.6635416525607812,0.2429283581329067,0.28125166020294323,0.5873345964672243,0.5563966756976465,0.6536364619486673
938,2.5359554420758825,0.8817216424333439,1.7206494582845442,0.410284830166764,-0.5231053253391809,-0.2046050914713833,0.76093077617808,2.093908677085119,2.097385102479164,1.9856617551301483
939,0.4473780324141958,1.6983576662808442,-1.4320155892949833,-1.2448467036897353,2.3388079743018952,1.5855287069457766,0.238006693938267,0.4803589221038234,0.44257366690128447,0.752829834845161
940,-0.6074590431725145,0.06508561858584352,-1.4320155892949833,0.410284830166764,0.5239361257490193,0.6904618077371967,0.08797747436646655,-0.5983124610604676,-0.5468109480209394,-0.5083430491245388
941,-1.0082971318954645,0.06508561858584352,1.1952052836879563,1.2378505970950135,0.5937388891549003,0.2429283581329067,0.0573766137172608,-1.1777640305288881,-1.185970920492819,-1.1176737683458546
942,-0.5863623016607803,0.8817216424333439,1.1952052836879563,1.6516334805591384,-0.03448598149801883,-0.6521385410756733,0.10689050629548956,-0.5091660657576332,-0.5205440998371641,-0.5083430491245388
943,-1.050490614918933,0.8817216424333439,0.14431693449478036,1.6516334805591384,-0.10428874490389983,-1.0996719906799632,0.039897997131169316,-1.2758250653620058,-1.2297490007991119,-1.24520810492706
944,-0.5863623016607803,0.8817216424333439,-0.9065714146983955,0.8240677136308887,-0.9419219057744619,-0.6521385410756733,0.11400945651596452,-0.437848949515366,-0.4154767071020606,-0.5225135309668953
945,0.6372487060198039,-0.751550405261657,0.14431693449478036,-0.8310638202256104,1.4313720500254572,-0.6521385410756733,0.22546884131116188,0.7121395498911923,0.6527084523714916,0.8661936895840104
946,0.5739584814846012,0.8817216424333439,0.14431693449478036,-0.4172809367614856,0.1749223087196192,-0.2046050914713833,0.6074483344844074,0.7032249103609084,0.731508996922819,0.7386593530028038
947,0.4473780324141958,0.06508561858584352,1.1952052836879563,-0.8310638202256104,-0.5231053253391809,0.2429283581329067,0.22987834032832175,0.6675663522397756,0.6089303720651978,0.5686135708945302
948,-0.1644274714260963,0.8817216424333439,0.6697611090913683,0.8240677136308887,-0.24389427171566183,0.2429283581329067,0.13738511395633002,-0.0010316125314793153,0.022304095960870397,-0.012376184642073167
949,-0.03784702235569092,0.8817216424333439,-0.9065714146983955,0.410284830166764,0.3145278355313812,-1.0996719906799632,0.2052807735217553,0.12377334089248797,0.20617203324730138,0.20018104299326997
950,1.1013770192779564,0.8817216424333439,0.6697611090913683,-1.2448467036897353,0.3145278355313812,-0.2046050914713833,0.341656484088615,1.1935300845264958,1.1167561036181979,1.192114771958202
951,-1.0293938734071988,0.8817216424333439,0.14431693449478036,0.8240677136308887,-0.10428874490389983,-0.6521385410756733,0.03692291345694098,-1.2490811467711553,-1.2034821526153359,-1.2168671412423475
952,0.4473780324141958,-0.751550405261657,1.1952052836879563,-1.2448467036897353,1.0823582329960573,0.6904618077371967,0.25399776868724433,0.4536150035129738,0.5038629793300943,0.6111250164215991
953,0.3418943248555247,1.6983576662808442,-1.4320155892949833,-0.8310638202256104,-2.826596517733219,4.270729404571517,0.19518673962705202,0.6764809917700587,0.6351972202489738,0.2710334522050506
954,0.8904096041606141,0.06508561858584352,0.14431693449478036,1.2378505970950135,0.1051195453137382,0.2429283581329067,0.6284864261807364,0.9974080148602605,0.9416437823930253,0.97955754432286
955,-0.9028134243367935,-1.5681864291091574,-1.4320155892949833,-0.8310638202256104,-0.10428874490389983,-0.6521385410756733,0.0261913616320459,-0.99947123992322,-0.9495692868388359,-0.9759689499222927
956,-0.3121046620082356,0.8817216424333439,-1.4320155892949833,0.410284830166764,0.1749223087196192,-0.6521385410756733,0.12123465972480477,-0.11692192642516418,-0.14405260920304294,-0.11156955753856616
957,0.8482161211371456,1.6983576662808442,0.14431693449478036,-0.8310638202256104,1.1521609964019384,1.1379952573414867,0.28927376082452316,0.738883468482042,0.8015539254128881,0.9228756169534352
958,3.000083755334036,-1.5681864291091574,1.7206494582845442,-0.8310638202256104,0.7333444159666572,-0.2046050914713833,0.7214046645061892,2.2811161072210693,2.2724974237043356,2.3824352467161205
959,0.4473780324141958,-0.751550405261657,-1.4320155892949833,0.410284830166764,1.5011748134313383,0.6904618077371967,0.37018541146469747,0.5427613988158074,0.5038629793300943,0.7103183893180921
960,-0.45978185259037524,0.8817216424333439,-1.4320155892949833,0.410284830166764,0.1051195453137382,-0.6521385410756733,0.08872124528502365,-0.3487025542125323,-0.31040931436695707,-0.3099563033315528
961,0.5317649984611327,0.8817216424333439,0.6697611090913683,-1.2448467036897353,-0.9419219057744619,-0.2046050914713833,0.20304946076608404,0.7745420266031756,0.7402646129840774,0.6252954982639549
962,-0.8184264582898567,-1.5681864291091574,0.14431693449478036,0.8240677136308887,-0.7325136155568189,-0.6521385410756733,0.05349837964192743,-0.8568370074386863,-0.8007238137974394,-0.8909460588681556
963,0.4473780324141958,-0.751550405261657,-0.9065714146983955,-0.8310638202256104,1.2917665232137003,1.5855287069457766,0.21032779046910693,0.5516760383460907,0.521374211452612,0.6961479074757362
964,0.48957151543766425,0.06508561858584352,-0.38112724010180754,-1.2448467036897353,0.4541333623431382,0.2429283581329067,0.22706263613664135,0.685395631300342,0.6001747560039394,0.6961479074757362
965,-0.6074590431725145,-1.5681864291091574,-1.4320155892949833,0.8240677136308887,0.7333444159666572,-0.15985174651095369,0.10465919353981831,-0.5893978215301837,-0.5555665640821986,-0.4800020854398264
966,1.6920857816065142,0.8817216424333439,1.7206494582845442,-1.2448467036897353,0.3145278355313812,-1.0996719906799632,0.4323434096583966,1.5412010262075482,1.5720481388036465,1.588888263544175
967,0.02544320217951176,0.8817216424333439,-1.4320155892949833,-1.2448467036897353,0.1051195453137382,-1.0996719906799632,0.2078839717367051,0.22183437572560563,0.24119449749233587,0.2426924885203382
968,2.578148925099351,-1.5681864291091574,0.14431693449478036,-1.2448467036897353,0.7333444159666572,0.6904618077371967,0.8493332624980078,1.933445165540018,1.9660508615602845,2.056514164341929
969,0.004346460667777534,0.8817216424333439,-1.4320155892949833,1.6516334805591384,-0.24389427171566183,-0.2046050914713833,0.23869733836264145,0.22183437572560563,0.17990518506352607,0.17184007930855758
970,0.46847477392593007,-1.5681864291091574,1.1952052836879563,0.410284830166764,-0.8721191423685809,-1.5472054402842532,0.32184030175848694,0.6675663522397756,0.731508996922819,0.5827840527368867
971,-0.8606199413133251,-1.5681864291091574,1.1952052836879563,-1.2448467036897353,-0.03448598149801883,-0.2046050914713833,0.03633852202093184,-0.8568370074386863,-0.9057912065325429,-0.8767755770257997
972,-0.8395231998015908,-1.5681864291091574,-1.4320155892949833,-0.8310638202256104,-0.24389427171566183,-0.2046050914713833,0.03538224512564416,-0.9370687632112367,-0.8707687422875084,-0.9192870225528679
973,-0.9872003903837303,0.8817216424333439,0.14431693449478036,1.2378505970950135,-0.03448598149801883,-0.2046050914713833,0.054242150560484516,-1.124276193347188,-1.1334372241252668,-1.1176737683458546
974,0.46847477392593007,0.06508561858584352,-0.38112724010180754,0.410284830166764,0.035316781907857205,0.2429283581329067,0.2784359560112628,0.6764809917700587,0.6089303720651978,0.6394659801063115
975,-0.1855242129378305,0.8817216424333439,-0.38112724010180754,1.6516334805591384,0.1051195453137382,-0.6521385410756733,0.1790894118897094,-0.009946252061763314,0.022304095960870397,0.015964779042639207
976,-0.3964916280551725,-0.751550405261657,-0.9065714146983955,-1.2448467036897353,-1.919160593456781,-0.2046050914713833,0.0934495032672794,-0.17040976360686422,-0.14405260920304294,-0.36663823070097756
977,-0.1644274714260963,-1.5681864291091574,-0.38112724010180754,1.2378505970950135,-1.2909357228038618,-0.2046050914713833,0.1917866439993625,0.08811478277135434,0.10986025657345705,-0.054887630169141416
978,-1.0082971318954645,0.8817216424333439,-0.38112724010180754,0.8240677136308887,-0.5231053253391809,-0.6521385410756733,0.030813366625936353,-1.1599347514683216,-1.1246816080640083,-1.1743556957152792
979,0.7216356720667403,0.06508561858584352,-0.38112724010180754,-1.2448467036897353,0.1051195453137382,0.2429283581329067,0.2899644052488976,0.8726030614362933,0.8190651575354049,0.8520232077416533
980,0.5106682569493985,0.06508561858584352,1.1952052836879563,0.410284830166764,0.5239361257490193,0.2429283581329067,0.32816235456622217,0.6229931545883579,0.6439528363102324,0.6961479074757362
981,0.8060226381136772,-1.5681864291091574,-1.4320155892949833,-0.8310638202256104,0.5239361257490193,1.1379952573414867,0.2703076024013175,0.86368842190601,0.8803544699642155,0.937046098795791
982,-0.7762329752663882,0.8817216424333439,1.7206494582845442,-0.4172809367614856,0.4541333623431382,-0.6521385410756733,0.05057642246188174,-0.7676906121358518,-0.7832125816749225,-0.7209002767598819
983,-0.7762329752663882,0.06508561858584352,0.6697611090913683,-0.8310638202256104,-1.360738486209743,0.6904618077371967,0.03856983477660309,-0.7052881354238678,-0.7306788853073704,-0.8484346133410873
984,0.6794421890432724,0.8817216424333439,-0.9065714146983955,0.8240677136308887,-0.4533025619332999,-0.2046050914713833,0.5150082346065983,0.8458591428454428,0.8891100860254739,0.7953412803722286
985,-1.050490614918933,0.06508561858584352,1.1952052836879563,1.2378505970950135,0.035316781907857205,0.6904618077371967,0.05381713860702332,-1.2490811467711553,-1.273527081105405,-1.24520810492706
986,1.481118366489172,-0.751550405261657,1.7206494582845442,0.8240677136308887,-0.7325136155568189,1.5855287069457766,0.44344684694257025,1.3718228751321633,1.3706689693946978,1.2487966993276265
987,0.21531387578511957,-0.751550405261657,-1.4320155892949833,-0.8310638202256104,1.2917665232137003,0.6904618077371967,0.1904053551506136,0.2842368524375889,0.3112394259824049,0.4552497161556807
988,0.4473780324141958,0.06508561858584352,1.1952052836879563,0.410284830166764,-0.5929080887450618,-1.0996719906799632,0.2809329012378473,0.685395631300342,0.6527084523714916,0.5827840527368867
989,-0.5863623016607803,0.8817216424333439,-1.4320155892949833,0.410284830166764,0.1051195453137382,-0.6521385410756733,0.08973064867449397,-0.5448246238787668,-0.5030328677146465,-0.5083430491245388
990,-0.03784702235569092,0.06508561858584352,1.1952052836879563,-0.8310638202256104,-0.8023163789626999,0.2429283581329067,0.13207246453806512,0.25749293384673844,0.223683265369819,0.1434991156238452
991,1.5022151080009063,0.8817216424333439,1.1952052836879563,0.410284830166764,-0.5929080887450618,-0.2046050914713833,0.7305955479997875,1.478798549495564,1.510758826374836,1.390501517751188
992,1.1435705023014249,-0.751550405261657,-0.38112724010180754,0.410284830166764,-1.8493578300509,1.1379952573414867,0.43080274132709984,1.264847200768763,1.2743571927208535,0.9937280261652158
993,2.8524065647518957,0.8817216424333439,-0.38112724010180754,-0.8310638202256104,-1.0117246691803428,0.6904618077371967,0.8577803750730489,2.325689304872487,2.3425423521944047,2.1415370553960655
994,1.0802802777662222,0.8817216424333439,0.6697611090913683,0.410284830166764,0.4541333623431382,-0.2046050914713833,0.33671572012962864,1.0687251311025279,1.0817336393731634,1.1354328445887771
995,0.46847477392593007,-1.5681864291091574,0.6697611090913683,0.410284830166764,-0.17409150830978082,-0.2046050914713833,0.3242841204908888,0.5962492359975082,0.617685988126457,0.5827840527368867
996,0.46847477392593007,1.6983576662808442,-0.38112724010180754,-0.8310638202256104,-1.5003440130215,-0.2046050914713833,0.2336503214152898,0.8191152242545933,0.6702196844940084,0.5402726072098178
997,0.6372487060198039,0.06508561858584352,-0.38112724010180754,0.410284830166764,0.5239361257490193,0.2429283581329067,0.3043616851723955,0.7656273870728924,0.7052421487390429,0.7953412803722286
998,0.4262812909024616,-0.751550405261657,1.7206494582845442,-0.8310638202256104,-2.756793754327343,1.5855287069457766,0.18785528342984648,0.7210541894214756,0.7402646129840774,0.3560563432591877
999,-0.08004050537915937,0.8817216424333439,-0.9065714146983955,-0.8310638202256104,0.3145278355313812,-0.2046050914713833,0.1424852573978643,0.08811478277135434,0.10110464051219785,0.1293286337814887
1000,-0.14333072991436205,0.8817216424333439,-1.4320155892949833,-1.2448467036897353,-0.17409150830978082,-0.6521385410756733,0.1834457844126866,0.05245622465022072,0.07483779232842254,0.044305742727351584
1001,-0.9450069073602619,0.8817216424333439,0.14431693449478036,0.8240677136308887,0.4541333623431382,-0.2046050914713833,0.04186367741592732,-1.106446914286621,-1.0633922956351987,-1.0326508772917173
1002,0.9115063456723483,-0.751550405261657,1.7206494582845442,-1.2448467036897353,0.9427527061843003,0.06391497829119133,0.25872602666950006,0.8993469800271436,0.9328881663317669,1.0362394716922834
1003,2.5570521835876163,-1.5681864291091574,-0.38112724010180754,-0.8310638202256104,1.1521609964019384,0.2429283581329067,0.670296977102481,2.031506200373135,1.93102839731525,2.1557075372384213
1004,-0.20662095444956474,-0.751550405261657,-0.9065714146983955,0.410284830166764,-2.617188227515581,3.3756625053629365,0.16325771662328004,0.07028550371078714,-0.003962752222904903,-0.21076293043505917
1005,0.6794421890432724,0.06508561858584352,-0.38112724010180754,0.410284830166764,-0.8023163789626999,0.6904618077371967,0.32152154279339107,0.9260908986179933,0.845332005719181,0.7670003166875169
1006,2.578148925099351,0.06508561858584352,0.6697611090913683,-0.8310638202256104,-1.639949539833262,0.6904618077371967,0.7549806088296234,2.2097989909788036,2.202452495214267,1.9148093459183664
1007,2.9578902723105673,0.06508561858584352,-0.38112724010180754,-0.8310638202256104,-0.17409150830978082,0.2429283581329067,0.6772034213462254,2.4148357001753205,2.3162755040106293,2.3257533193466955
1008,0.9536998286958168,-1.5681864291091574,-0.38112724010180754,-0.8310638202256104,1.2219637598078192,-0.2046050914713833,0.21569356638155449,0.8904323404968605,0.8015539254128881,1.0078985080075717
1009,-0.20662095444956474,0.06508561858584352,-1.4320155892949833,0.410284830166764,0.1749223087196192,1.1379952573414867,0.1411570950432981,-0.02777553112232973,-0.12654137708052607,-0.054887630169141416
1010,-1.0082971318954645,0.8817216424333439,-0.38112724010180754,0.410284830166764,0.8729499427784192,-0.2046050914713833,0.03442596823035648,-1.2134225886500216,-1.2297490007991119,-1.1318442501882104
1011,0.6583454475315381,0.8817216424333439,1.1952052836879563,1.6516334805591384,0.9427527061843003,-0.2046050914713833,0.4697975880571641,0.7299688289517587,0.7577758451065942,0.8661936895840104
1012,0.5528617399728669,0.8817216424333439,1.1952052836879563,0.410284830166764,-0.10428874490389983,-0.6521385410756733,0.3574350528608617,0.7121395498911923,0.7490202290453358,0.7103183893180921
1013,0.02544320217951176,0.8817216424333439,-1.4320155892949833,0.410284830166764,0.1749223087196192,-1.0996719906799632,0.18796153641821176,0.23074901525588884,0.20617203324730138,0.2426924885203382
1014,-1.0293938734071988,0.06508561858584352,1.1952052836879563,1.2378505970950135,-0.4533025619332999,0.2429283581329067,0.05557031291505073,-1.2312518677105888,-1.2385046168603704,-1.2593785867694165
1015,0.21531387578511957,-1.5681864291091574,-0.38112724010180754,1.6516334805591384,-1.2909357228038618,1.5855287069457766,0.2463475535249429,0.4981882011643906,0.39879558659499154,0.28520393404740707
1016,-1.050490614918933,0.8817216424333439,1.1952052836879563,1.6516334805591384,-0.5231053253391809,-0.2046050914713833,0.03532911863146151,-1.2669104258317225,-1.2209933847378536,-1.2735490686117723
1017,-0.8184264582898567,-0.751550405261657,-1.4320155892949833,0.8240677136308887,1.2219637598078192,-1.5472054402842532,0.04967327206077671,-0.9103248446203863,-0.8707687422875084,-0.7634117222869502
1018,-1.0293938734071988,0.06508561858584352,1.1952052836879563,1.2378505970950135,0.3145278355313812,0.6904618077371967,0.043351219253041494,-1.2758250653620058,-1.2385046168603704,-1.2168671412423475
1019,2.092923870329464,0.06508561858584352,1.7206494582845442,0.410284830166764,0.5239361257490193,1.1379952573414867,0.5621314349466079,1.8086402121160499,1.7121379957837843,1.82978645486423
1020,-0.05894376386742515,-1.5681864291091574,0.14431693449478036,1.6516334805591384,-0.8023163789626999,1.1379952573414867,0.2080964777134357,0.14160261995305437,0.16239395294100842,0.058476224569708087
1021,0.784925896601943,1.6983576662808442,-0.38112724010180754,-0.8310638202256104,-1.221132959397981,3.8231959549672268,0.2505976730595548,1.0063226543905446,0.9153769342092499,0.7811707985298727
1022,2.599245666611085,0.06508561858584352,0.6697611090913683,0.410284830166764,-0.8721191423685809,2.033062156550067,0.8664399936248207,2.218713630509087,2.132407566724198,2.01400271881486
1023,-0.5230720771255777,-1.5681864291091574,-1.4320155892949833,0.410284830166764,-0.5231053253391809,0.6904618077371967,0.09727461084843012,-0.3754464728033827,-0.34543177861199154,-1.8261978604636633
1024,-0.5230720771255777,0.06508561858584352,0.14431693449478036,0.8240677136308887,-1.0117246691803428,0.2429283581329067,0.09732773734261276,-0.36653183327309874,-0.38920985891828447,-0.4800020854398264
1025,-0.41758836956690676,0.06508561858584352,-1.4320155892949833,-1.2448467036897353,-1.639949539833262,1.1379952573414867,0.09408702119747119,-0.14366584501601382,-0.1965863055705951,-0.35246774885862103
1026,-1.1137808394541355,-1.5681864291091574,-1.4320155892949833,1.6516334805591384,0.1749223087196192,1.1379952573414867,0.029325824788822185,-1.4095446583162563,-1.36983885777925,-1.3585719596659094
1027,-0.20662095444956474,-1.5681864291091574,-1.4320155892949833,-1.2448467036897353,-0.5231053253391809,-0.2046050914713833,0.14625723848483238,-0.045604810182896936,-0.003962752222904903,-0.0832285938538538
1028,0.8482161211371456,-0.751550405261657,1.7206494582845442,0.410284830166764,1.3615692866195812,-0.6521385410756733,0.2684481751049248,0.8369445033151597,0.7752870772291119,0.97955754432286
1029,1.6287955570713115,0.8817216424333439,0.6697611090913683,0.410284830166764,-0.17409150830978082,-0.6521385410756733,0.5265898103384158,1.5679449447983984,1.5983149869874218,1.5463768180171062
1030,-0.20662095444956474,-0.751550405261657,-1.4320155892949833,-1.2448467036897353,1.7803858670548574,-0.2046050914713833,0.11496573341125219,-0.09017800783431376,-0.15280822526430216,0.08681718825442046
1031,-0.7340394922429198,0.8817216424333439,1.7206494582845442,1.2378505970950135,0.1051195453137382,-0.6521385410756733,0.05195771131063061,-0.7142027749541517,-0.6869008050010774,-0.678388831232813
1032,0.21531387578511957,-1.5681864291091574,0.14431693449478036,-0.8310638202256104,-0.6627108521509428,-1.0996719906799632,0.18870530733676885,0.462529643043257,0.477596131146319,0.38439730694390006
1033,1.6498922985830458,0.8817216424333439,-0.38112724010180754,0.8240677136308887,-0.9419219057744619,-0.2046050914713833,0.741114593847952,1.6214327819800984,1.67711553153875,1.4896948906476815
1034,1.9241499382355902,-1.5681864291091574,0.6697611090913683,-0.8310638202256104,0.6635416525607812,0.2429283581329067,0.4726132922488445,1.6570913401012322,1.5808037548649048,1.7022521182830246
1035,-0.8184264582898567,-0.751550405261657,1.1952052836879563,-1.2448467036897353,1.7803858670548574,-1.5472054402842532,0.04441374913669447,-0.9014102050901031,-0.9233024386550606,-0.7350707586022378
1036,1.5233118495126405,-1.5681864291091574,1.7206494582845442,-1.2448467036897353,0.38433059893725724,-0.2046050914713833,0.3845826913881953,1.4163960727835807,1.440713897884767,1.4755244088053256
1037,-0.8606199413133251,0.06508561858584352,1.1952052836879563,-1.2448467036897353,-0.24389427171566183,-0.6521385410756733,0.04972639855495936,-0.8746662864992527,-0.9057912065325429,-0.9051165407105121
1038,-0.8184264582898567,-1.5681864291091574,-1.4320155892949833,-1.2448467036897353,1.0823582329960573,-0.2046050914713833,0.051479572862986774,-0.8746662864992527,-0.8795243583487669,-0.7634117222869502
1039,-1.050490614918933,0.8817216424333439,0.14431693449478036,0.8240677136308887,0.5937388891549003,-0.2046050914713833,0.03883546724751634,-1.240166507240872,-1.2647714650441464,-1.1885261775576352
1040,0.8693128626488799,0.8817216424333439,0.6697611090913683,-0.0034980532973608127,-0.31369703512154284,-0.2046050914713833,0.1958242575572438,1.0776397706328118,1.0116887108830943,0.9937280261652158
1041,0.48957151543766425,-1.5681864291091574,-0.9065714146983955,0.8240677136308887,-0.8721191423685809,1.1379952573414867,0.44822823141900864,0.7032249103609084,0.731508996922819,0.5969545345792426
1042,-0.5441688186373119,0.8817216424333439,1.1952052836879563,0.8240677136308887,0.035316781907857205,-0.9654119557986776,0.09584019550549859,-0.4556782285759332,-0.43298793922457746,-0.43749063991275816
1043,2.599245666611085,0.06508561858584352,0.6697611090913683,-1.2448467036897353,-0.24389427171566183,0.2429283581329067,0.8331828082664825,2.1384818747365366,2.062362638234129,2.042343682499573
1044,0.21531387578511957,-1.5681864291091574,1.1952052836879563,-0.4172809367614856,0.9427527061843003,0.2429283581329067,0.3012272220156192,0.40012716633127293,0.3112394259824049,0.4694201979980372
1045,-0.5019753356138434,0.8817216424333439,0.14431693449478036,0.8240677136308887,-0.03448598149801883,-1.0549186457195336,0.10524358497582745,-0.39327575186394914,-0.35418739467325,-0.3808087125433334
1046,0.5528617399728669,0.8817216424333439,1.1952052836879563,1.6516334805591384,-0.5231053253391809,-0.2046050914713833,0.4196993040429262,0.7299688289517587,0.731508996922819,0.6536364619486673
1047,-1.1770710639893383,-1.5681864291091574,1.1952052836879563,0.8240677136308887,0.4541333623431382,-0.6521385410756733,0.020772459225415714,-1.5521788908007907,-1.4924174826368704,-1.471935814404759
1048,-0.9661036488719961,0.8817216424333439,-1.4320155892949833,-0.8310638202256104,0.4541333623431382,-1.5472054402842532,0.024119428358922595,-1.106446914286621,-1.0633922956351987,-1.0326508772917173
1049,1.3545379174187666,0.8817216424333439,1.1952052836879563,0.8240677136308887,0.5937388891549003,-0.2046050914713833,0.642458694150773,1.3183350379504633,1.2743571927208535,1.3763310359088319
1050,-0.1855242129378305,-1.5681864291091574,-1.4320155892949833,-1.2448467036897353,0.8729499427784192,0.2429283581329067,0.13446315677628434,-0.045604810182896936,-0.012718368284164113,0.07264670641206396
1051,-0.20662095444956474,-1.5681864291091574,0.14431693449478036,0.8240677136308887,-1.2909357228038618,1.1379952573414867,0.14928544865324336,0.03462694558965351,0.09234902445093941,-0.0832285938538538
1052,1.5233118495126405,0.06508561858584352,-1.4320155892949833,-1.2448467036897353,0.4541333623431382,0.6904618077371967,0.5824257557243797,1.4609692704349977,1.4056914336397324,1.4896948906476815
1053,-0.8606199413133251,0.06508561858584352,-0.38112724010180754,1.6516334805591384,0.24472507212550018,0.2429283581329067,0.05827976411836583,-0.9638126818020863,-0.9670805189613535,-0.9334575043952245
1054,0.5317649984611327,0.8817216424333439,1.1952052836879563,0.410284830166764,0.1051195453137382,-0.2046050914713833,0.348616054826542,0.6586517127094915,0.6789753005552669,0.6961479074757362
1055,0.46847477392593007,-1.5681864291091574,0.14431693449478036,1.2378505970950135,0.4541333623431382,0.2429283581329067,0.4776071827020135,0.578419956936941,0.5914191399426809,0.6394659801063115
1056,-0.8817166828250593,0.8817216424333439,0.6697611090913683,0.8240677136308887,-0.03448598149801883,-0.920658610838248,0.03734792541040217,-0.9459834027415199,-0.9057912065325429,-0.9192870225528679
1057,-0.1644274714260963,-1.5681864291091574,1.1952052836879563,-0.4172809367614856,-0.7325136155568189,-0.6521385410756733,0.19199914997609308,0.04354158511993751,0.06608217626716334,-0.026546666484429042
1058,-1.0082971318954645,-0.751550405261657,-0.9065714146983955,-1.2448467036897353,1.3615692866195812,-1.0996719906799632,0.037507304892950115,-1.2490811467711553,-1.2472602329216296,-1.1176737683458546
1059,-1.0082971318954645,0.8817216424333439,-0.9065714146983955,1.6516334805591384,0.3145278355313812,-0.6521385410756733,0.053870265101205975,-1.1777640305288881,-1.1947265365540773,-1.146014732030567
1060,-0.6285557846842488,-1.5681864291091574,0.14431693449478036,1.6516334805591384,0.1051195453137382,-0.6521385410756733,0.10641236784784572,-0.5715685424696173,-0.5380553319596809,-0.5366840128092512
1061,0.8482161211371456,-0.751550405261657,0.6697611090913683,-1.2448467036897353,0.38433059893725724,0.2429283581329067,0.27684216118578336,0.8280298637848764,0.8628432378416978,0.8945346532687222
1062,-0.20662095444956474,0.8817216424333439,1.1952052836879563,1.2378505970950135,0.5937388891549003,-0.2046050914713833,0.17250172661106095,-0.07234872877374655,-0.03022960040668098,0.015964779042639207
1063,0.06763668520297998,-1.5681864291091574,-1.4320155892949833,-1.2448467036897353,1.2219637598078192,0.2429283581329067,0.1787706529246135,0.177261178074188,0.2149276493085606,0.3418858614168312
1064,0.4262812909024616,-0.751550405261657,-0.38112724010180754,-0.8310638202256104,1.5011748134313383,-1.0996719906799632,0.20602454444031237,0.462529643043257,0.521374211452612,0.681977425633379
1065,-0.1855242129378305,0.06508561858584352,-0.38112724010180754,-1.2448467036897353,0.8031471793725382,0.2429283581329067,0.12559103224778198,-0.06343408924346336,-0.10027452889675,0.015964779042639207
1066,-0.20662095444956474,1.6983576662808442,-1.4320155892949833,-0.8310638202256104,1.8501886304607433,0.2429283581329067,0.10614673537693248,-0.1347512054857306,-0.1965863055705951,0.044305742727351584
1067,-1.0293938734071988,0.8817216424333439,1.1952052836879563,0.8240677136308887,0.8031471793725382,-0.2046050914713833,0.042607448334484405,-1.2579957863014386,-1.256015848982888,-1.1743556957152792
1068,-0.1855242129378305,-1.5681864291091574,1.1952052836879563,-1.2448467036897353,1.1521609964019384,0.2429283581329067,0.12580353822451257,-0.07234872877374655,-0.04774083252919862,0.07264670641206396
1069,0.21531387578511957,0.8817216424333439,0.14431693449478036,-0.8310638202256104,-0.17409150830978082,-0.6521385410756733,0.22302502257876003,0.4536150035129738,0.39003997053373235,0.398567788786256
1070,-0.6285557846842488,-0.751550405261657,0.14431693449478036,0.410284830166764,1.0823582329960573,-0.2046050914713833,0.07628964564628381,-0.6428856587118845,-0.5818334122659738,-0.4941725672821829
1071,0.257507358808588,0.8817216424333439,0.14431693449478036,0.8240677136308887,-0.31369703512154284,-0.6521385410756733,0.3378845030016469,0.4714442825735402,0.49510736326883587,0.44107923431332485
1072,-1.0082971318954645,-1.5681864291091574,1.1952052836879563,0.410284830166764,-1.081527432586219,-0.2046050914713833,0.029803963236466027,-1.1688493909986049,-1.1246816080640083,-1.231037623084704
1073,0.21531387578511957,0.06508561858584352,-0.38112724010180754,-0.0034980532973608127,-2.058766120268543,2.033062156550067,0.08494926419805557,0.524932119755241,0.46008489902380134,0.22852200667798234
1074,-0.14333072991436205,0.8817216424333439,-1.4320155892949833,0.410284830166764,0.3145278355313812,0.6904618077371967,0.16989852839611114,0.007883026998803893,0.031059712022128826,0.058476224569708087
1075,1.5022151080009063,0.06508561858584352,-0.38112724010180754,-1.2448467036897353,-1.0117246691803428,2.033062156550067,0.5186208362110184,1.6125181424498154,1.466980746068543,1.3763310359088319
1076,-0.20662095444956474,0.8817216424333439,-0.9065714146983955,1.6516334805591384,-0.5929080887450618,0.6904618077371967,0.1985337087605589,-0.03669017065261294,-0.003962752222904903,-0.0832285938538538
1077,0.3629910663672589,-1.5681864291091574,-0.38112724010180754,-1.2448467036897353,0.7333444159666572,-1.0996719906799632,0.2339690803803857,0.462529643043257,0.49510736326883587,0.5686135708945302
1078,-0.9872003903837303,0.8817216424333439,1.1952052836879563,0.410284830166764,0.5937388891549003,-0.2046050914713833,0.030760240131753706,-1.1421054724077544,-1.1071703759414915,-1.0609918409764298
1079,-0.7762329752663882,0.8817216424333439,-1.4320155892949833,0.410284830166764,0.1051195453137382,-0.6521385410756733,0.055676565903416034,-0.7587759726055686,-0.7744569656136641,-0.7492412404445943
1080,-0.1855242129378305,0.8817216424333439,0.14431693449478036,-0.8310638202256104,0.3145278355313812,-0.6521385410756733,0.11544387185889603,0.025712306059370308,-0.03022960040668098,0.03013526088499571
1081,-0.41758836956690676,-1.5681864291091574,0.14431693449478036,-1.2448467036897353,-0.8023163789626999,-0.2046050914713833,0.0882431068373798,-0.24172687984913147,-0.20534192163185352,-0.3099563033315528
1082,3.3376316195217823,0.06508561858584352,1.7206494582845442,0.410284830166764,0.5937388891549003,0.6904618077371967,0.8645274398342453,2.486152816417588,2.4125872806844737,2.524140065139683
1083,0.02544320217951176,-1.5681864291091574,0.14431693449478036,-1.2448467036897353,-0.03448598149801883,-0.2046050914713833,0.15183552037401052,0.23966365478617205,0.27621696173737037,0.25686297036269473
1084,-0.8184264582898567,0.8817216424333439,0.14431693449478036,1.6516334805591384,0.035316781907857205,-1.0996719906799632,0.05546405992668544,-0.8568370074386863,-0.8094794298586986,-0.8200936496563749
1085,0.40518454939072734,1.6983576662808442,1.7206494582845442,-0.0034980532973608127,8.272042863801696,1.1379952573414867,0.09504329809275885,0.24857829431645526,0.0573265602059049,1.149603326431133
1086,0.004346460667777534,-1.5681864291091574,1.7206494582845442,0.8240677136308887,1.1521609964019384,-0.6521385410756733,0.12330659299792807,0.15051725948333838,0.11861587263471549,0.2710334522050506
1087,0.4262812909024616,-1.5681864291091574,0.14431693449478036,0.8240677136308887,0.24472507212550018,1.1379952573414867,0.3656696594591723,0.5338467592855243,0.6001747560039394,0.5969545345792426
1088,-0.6285557846842488,0.8817216424333439,0.14431693449478036,0.8240677136308887,0.24472507212550018,-1.0996719906799632,0.09196196143016522,-0.5804831819999005,-0.5380553319596809,-0.5225135309668953
1089,-0.6074590431725145,-1.5681864291091574,-1.4320155892949833,-0.8310638202256104,0.8729499427784192,-0.6521385410756733,0.056685969292886364,-0.5448246238787668,-0.5205440998371641,-0.43749063991275816
1090,-0.7973297167781225,0.8817216424333439,-0.9065714146983955,-1.2448467036897353,0.38433059893725724,-0.2046050914713833,0.0430324602879456,-0.8568370074386863,-0.818235045919957,-0.7917526859716626
1091,-0.9450069073602619,0.06508561858584352,1.7206494582845442,0.8240677136308887,0.4541333623431382,0.2429283581329067,0.0504170429793338,-0.054519449713180144,-0.08276329677423314,-0.012376184642073167
1092,-0.8817166828250593,0.8817216424333439,-1.4320155892949833,1.6516334805591384,-0.10428874490389983,-1.0996719906799632,0.06247675715879509,-0.9014102050901031,-0.932058054716319,-0.9192870225528679
1093,1.481118366489172,0.06508561858584352,1.1952052836879563,-1.2448467036897353,-0.38349979852741883,0.2429283581329067,0.5124050363916485,1.4342253518441472,1.493247594252319,1.390501517751188
1094,-0.1855242129378305,0.8817216424333439,0.14431693449478036,0.8240677136308887,-0.17409150830978082,-0.2046050914713833,0.1808425861977368,-0.0010316125314793153,0.022304095960870397,-0.012376184642073167
1095,2.5359554420758825,-0.751550405261657,-1.4320155892949833,-0.8310638202256104,-2.8963992811391,2.4805956061543566,0.8609679647240078,2.200884351448519,2.123651950662939,1.6880816364406688
1096,-0.9872003903837303,-1.5681864291091574,1.1952052836879563,1.6516334805591384,-0.24389427171566183,-1.0996719906799632,0.03676353397439303,-1.1331908328774714,-1.0809035277577155,-1.1176737683458546
1097,-0.7762329752663882,0.8817216424333439,-1.4320155892949833,0.410284830166764,0.7333444159666572,-0.6521385410756733,0.055676565903416034,-0.776605251666135,-0.8269906619812155,-0.7209002767598819
1098,-0.41758836956690676,0.06508561858584352,0.14431693449478036,-1.2448467036897353,0.8031471793725382,0.6904618077371967,0.07028635180364448,-0.3041293565611155,-0.37169862679576765,-0.23910389411977154
1099,-0.12223398840262782,0.8817216424333439,1.1952052836879563,-1.2448467036897353,0.1051195453137382,-1.0996719906799632,0.16628592679169102,0.06137086418050393,0.08359340838968098,0.08681718825442046
1100,-0.05894376386742515,0.8817216424333439,0.6697611090913683,-0.8310638202256104,-0.10428874490389983,-0.2046050914713833,0.12883174839292355,0.12377334089248797,0.16239395294100842,0.1293286337814887
1101,0.21531387578511957,0.06508561858584352,1.1952052836879563,-1.2448467036897353,-0.8023163789626999,-0.2046050914713833,0.23667853158370078,0.4892735616341074,0.40755120265625,0.3418858614168312
1102,0.5739584814846012,-1.5681864291091574,1.1952052836879563,-0.8310638202256104,0.8031471793725382,0.6904618077371967,0.22955958136322585,0.6943102708306251,0.7402646129840774,0.8236822440569416
1103,0.257507358808588,-1.5681864291091574,0.14431693449478036,0.8240677136308887,-0.5231053253391809,1.1379952573414867,0.2659512298783403,0.462529643043257,0.4688405150850598,0.398567788786256
1104,0.4262812909024616,1.6983576662808442,-0.38112724010180754,0.8240677136308887,-3.036004807950862,4.718262854175807,0.23205652658981032,0.7032249103609084,0.6439528363102324,0.2710334522050506
1105,-0.9028134243367935,0.8817216424333439,1.1952052836879563,-0.4172809367614856,-0.38349979852741883,-0.6521385410756733,0.05610157785687722,-0.99947123992322,-0.9583249029000951,-1.004309913607005
1106,0.32079758334379044,0.8817216424333439,1.1952052836879563,0.410284830166764,-0.10428874490389983,-0.6521385410756733,0.24167242203686978,0.5427613988158074,0.49510736326883587,0.4977611616827496
1107,-0.8817166828250593,0.8817216424333439,0.14431693449478036,1.2378505970950135,0.1051195453137382,-1.5472054402842532,0.06678000318758966,-0.9192394841506695,-0.932058054716319,-0.9051165407105121
1108,-0.8395231998015908,-0.751550405261657,1.7206494582845442,0.8240677136308887,1.1521609964019384,0.2429283581329067,0.03352281782925145,-0.99947123992322,-0.9583249029000951,-0.8626050951834432
1109,0.46847477392593007,0.06508561858584352,0.14431693449478036,-0.8310638202256104,0.1749223087196192,0.6904618077371967,0.22515008234606598,0.6140785150580746,0.521374211452612,0.5827840527368867
1110,-0.6074590431725145,0.06508561858584352,-0.38112724010180754,-1.2448467036897353,-1.221132959397981,1.5855287069457766,0.06178611273442065,-0.4735075076364996,-0.49427725165338804,-0.6075364220210324
1111,2.6414391496345533,0.8817216424333439,0.14431693449478036,-0.8310638202256104,0.1749223087196192,-0.6521385410756733,0.953992456037826,2.1295672352062516,2.1499187988467146,2.1557075372384213
1112,-0.20662095444956474,0.06508561858584352,-0.38112724010180754,-1.2448467036897353,-0.31369703512154284,0.2429283581329067,0.11448759496360836,-0.018860891592046524,0.0047928638383535295,-0.040717148326785545
1113,-0.5863623016607803,0.8817216424333439,-0.9065714146983955,1.2378505970950135,0.1749223087196192,-0.2046050914713833,0.17250172661106095,-0.5002514262273501,-0.5117884837759049,-0.4800020854398264
1114,-1.050490614918933,0.8817216424333439,-0.9065714146983955,0.410284830166764,0.38433059893725724,-1.591958785244683,0.04048238856717845,-1.2758250653620058,-1.2385046168603704,-1.2026966593999917
1115,0.6794421890432724,0.8817216424333439,1.1952052836879563,-0.8310638202256104,0.24472507212550018,-0.2046050914713833,0.2243000584391436,0.8726030614362933,0.8015539254128881,0.8520232077416533
1116,0.46847477392593007,0.8817216424333439,0.14431693449478036,0.410284830166764,0.1749223087196192,-0.2046050914713833,0.3732667481272911,0.6497370731792083,0.617685988126457,0.6536364619486673
1117,2.5359554420758825,-1.5681864291091574,-0.38112724010180754,-1.2448467036897353,-1.0117246691803428,1.5855287069457766,0.8549115443871859,2.1206525956759683,2.132407566724198,1.9431503096030796
1118,-0.9450069073602619,0.06508561858584352,0.14431693449478036,0.410284830166764,-0.4533025619332999,2.033062156550067,0.04813260372947989,-1.061873716635204,-1.0809035277577155,-1.1035032865034986
1119,0.27860410032032223,-1.5681864291091574,-1.4320155892949833,-0.8310638202256104,0.8729499427784192,0.2429283581329067,0.19901184720820272,0.3822978872707065,0.39003997053373235,0.4977611616827496
1120,-0.9872003903837303,-1.5681864291091574,-1.4320155892949833,1.2378505970950135,1.0125554695901813,-1.9947388898885432,0.040907400520639646,-1.1688493909986049,-1.1071703759414915,-1.0326508772917173
1121,-0.1644274714260963,0.06508561858584352,-0.38112724010180754,1.2378505970950135,-0.24389427171566183,0.2429283581329067,0.16665781225096957,0.0167976665290871,0.03981532808338804,0.0017942972002833347
1122,-1.0082971318954645,-0.751550405261657,-0.9065714146983955,-0.4172809367614856,-2.756793754327343,-0.6521385410756733,0.0665143707166764,-1.0529590771049209,-0.9495692868388359,-1.24520810492706
1123,2.8524065647518957,0.06508561858584352,1.1952052836879563,-0.8310638202256104,-1.988963356862662,0.2429283581329067,0.8367954098709026,2.4326649792358888,2.3425423521944047,2.028173200657216
1124,-0.5652655601490462,0.8817216424333439,-1.4320155892949833,1.2378505970950135,-0.17409150830978082,-1.5472054402842532,0.17653934016894224,-0.4467635890456492,-0.424232323163319,-0.451661121755114
1125,0.21531387578511957,-1.5681864291091574,-1.4320155892949833,0.8240677136308887,0.8729499427784192,-1.0996719906799632,0.23635977261860489,0.3109807710284393,0.36377312234995707,0.44107923431332485
1126,0.7216356720667403,0.8817216424333439,-1.4320155892949833,-0.8310638202256104,0.5937388891549003,-0.6521385410756733,0.2658981033841577,0.8547737823757269,0.7840426932903704,0.8945346532687222
1127,-0.8817166828250593,0.8817216424333439,0.14431693449478036,1.2378505970950135,-0.4533025619332999,-0.2046050914713833,0.061626733251872706,-0.9103248446203863,-0.9145468225938014,-0.9476279862375803
1128,-0.5652655601490462,0.8817216424333439,-1.4320155892949833,1.2378505970950135,0.035316781907857205,-1.0996719906799632,0.16384210805928917,-0.48242214716678283,-0.43298793922457746,-0.451661121755114
1129,1.481118366489172,0.06508561858584352,1.1952052836879563,0.410284830166764,0.8031471793725382,-1.5472054402842532,0.6538808904000425,1.4074814332532968,1.3356465051496633,1.4755244088053256
1130,-0.9450069073602619,0.8817216424333439,-0.9065714146983955,-1.2448467036897353,0.24472507212550018,-0.2046050914713833,0.031929023003771984,-1.124276193347188,-1.0896591438189738,-1.0751623228187863
1131,-1.0082971318954645,0.8817216424333439,0.14431693449478036,0.8240677136308887,-0.10428874490389983,-0.2046050914713833,0.0380385698347766,-1.1955933095894553,-1.1509484562477845,-1.1743556957152792
1132,0.21531387578511957,-1.5681864291091574,0.6697611090913683,-1.2448467036897353,1.2219637598078192,0.6904618077371967,0.16580778834404716,0.3288100500890057,0.27621696173737037,0.4552497161556807
1133,1.5022151080009063,0.06508561858584352,0.6697611090913683,-1.2448467036897353,0.5937388891549003,1.1379952573414867,0.4671943898422143,1.4342253518441472,1.3444021212109216,1.4613539269629696
1134,-1.0082971318954645,-1.5681864291091574,-0.38112724010180754,1.2378505970950135,0.6635416525607812,-0.2046050914713833,0.038782340753333686,-1.2223372281803049,-1.1597040723090428,-1.1176737683458546
1135,-1.0293938734071988,0.8817216424333439,-0.9065714146983955,0.410284830166764,0.035316781907857205,-0.6521385410756733,0.04669818838654837,-1.1955933095894553,-1.212237768676595,-1.1885261775576352
1136,1.7131825231182485,-1.5681864291091574,1.1952052836879563,-1.2448467036897353,0.5937388891549003,-0.6521385410756733,0.6390054720289008,1.5233717471469816,1.5808037548649048,1.631399709071244
1137,0.08873342671471421,0.8817216424333439,-0.38112724010180754,-0.8310638202256104,0.8729499427784192,-0.6521385410756733,0.13961642671200128,0.2753222129073057,0.2499501135535943,0.3702268251015436
1138,-0.9872003903837303,0.8817216424333439,-1.4320155892949833,1.2378505970950135,0.035316781907857205,-0.2046050914713833,0.0522764702757265,-1.1866786700591714,-1.142192840186526,-1.146014732030567
1139,-1.0082971318954645,-0.751550405261657,1.1952052836879563,0.8240677136308887,-3.315215861574381,2.033062156550067,0.0333634383467035,-1.0886176352260544,-1.045881063512681,-1.3585719596659094
1140,-0.5441688186373119,0.8817216424333439,0.14431693449478036,0.410284830166764,-1.360738486209743,0.2429283581329067,0.08925251022685013,-0.39327575186394914,-0.34543177861199154,-0.5083430491245388
1141,0.004346460667777534,0.8817216424333439,-0.9065714146983955,1.6516334805591384,0.1051195453137382,-0.6521385410756733,0.3189714710726239,0.1594318990136216,0.1886608011247845,0.18601056115091347
1142,0.5528617399728669,0.8817216424333439,1.1952052836879563,-1.2448467036897353,0.1749223087196192,-0.2046050914713833,0.28380173192371033,0.7210541894214756,0.6702196844940084,0.7103183893180921
1143,-0.8395231998015908,0.8817216424333439,-0.9065714146983955,1.2378505970950135,-0.17409150830978082,-1.0996719906799632,0.0719332731233066,-0.8479223679084023,-0.8007238137974394,-0.8342641314987308
1144,-0.6285557846842488,0.8817216424333439,-0.9065714146983955,-1.2448467036897353,0.1051195453137382,-0.2046050914713833,0.08787122137810126,-0.5804831819999005,-0.5905890283272331,-0.5650249764939635
1145,-0.41758836956690676,0.8817216424333439,0.14431693449478036,0.410284830166764,-2.1983716470803,1.1379952573414867,0.10216224831323381,-0.17040976360686422,-0.10027452889675,-0.3808087125433334
1146,-1.050490614918933,0.8817216424333439,-0.38112724010180754,1.6516334805591384,-0.10428874490389983,-1.0996719906799632,0.04122615948573553,-1.240166507240872,-1.256015848982888,-1.24520810492706
1147,-0.7973297167781225,0.8817216424333439,-0.38112724010180754,0.410284830166764,0.8031471793725382,-0.6521385410756733,0.0527014822291877,-0.8390077283781191,-0.888279974410026,-0.777582204129306
1148,2.5570521835876163,-0.751550405261657,-0.9065714146983955,-0.8310638202256104,-1.2909357228038618,3.3756625053629365,0.8831748392923551,2.0225915608428515,2.044851406111612,1.801445491179517
1149,-0.8184264582898567,0.8817216424333439,0.14431693449478036,-0.8310638202256104,0.1749223087196192,-1.9947388898885432,0.03251341443978112,-0.8568370074386863,-0.8094794298586986,-0.8059231678140184
1150,-0.14333072991436205,0.8817216424333439,0.14431693449478036,1.6516334805591384,-0.03448598149801883,-1.5472054402842532,0.1872177654996547,0.025712306059370308,0.07483779232842254,0.044305742727351584
1151,2.599245666611085,0.06508561858584352,0.6697611090913683,-1.2448467036897353,-0.38349979852741883,0.2429283581329067,0.8918344578441268,2.2097989909788036,2.123651950662939,2.0848551280266405
1152,3.9283403818503406,-0.751550405261657,-0.38112724010180754,-0.8310638202256104,1.4313720500254572,-0.2046050914713833,0.8627211390320353,2.6555309674929735,2.552677137664612,2.8358906656715184
1153,0.5106682569493985,0.8817216424333439,-0.38112724010180754,-0.8310638202256104,-1.0117246691803428,-0.2046050914713833,0.22966583435159113,0.7210541894214756,0.7490202290453358,0.5969545345792426
1154,-0.1855242129378305,0.8817216424333439,0.6697611090913683,1.2378505970950135,0.4541333623431382,-0.2046050914713833,0.1344100302821017,-0.054519449713180144,-0.021473984345422546,0.015964779042639207
1155,-0.12223398840262782,0.06508561858584352,0.14431693449478036,-1.2448467036897353,-0.24389427171566183,0.6904618077371967,0.14067895659565424,0.07028550371078714,0.07483779232842254,0.044305742727351584
1156,0.9326030871840826,0.8817216424333439,0.6697611090913683,-0.8310638202256104,-0.7325136155568189,-0.2046050914713833,0.26228550177973753,1.1132983287539453,1.0379555590668703,0.9653870624805029
1157,-0.7973297167781225,0.8817216424333439,-1.4320155892949833,-1.2448467036897353,-0.17409150830978082,-1.0996719906799632,0.041066780003187586,-0.8122638097872686,-0.7306788853073704,-0.777582204129306
1158,1.903053196723856,0.8817216424333439,-1.4320155892949833,-0.8310638202256104,-1.5003440130215,0.6904618077371967,0.6334803166339054,1.7818962935252003,1.834716620641405,1.560547299859462
1159,0.6161519645080696,0.8817216424333439,-0.9065714146983955,1.6516334805591384,-0.31369703512154284,-0.2046050914713833,0.6473463316155766,0.7834566661334595,0.8103095414741465,0.752829834845161
1160,2.578148925099351,0.8817216424333439,-0.38112724010180754,-1.2448467036897353,0.38433059893725724,-0.6521385410756733,0.6551559262604261,2.1206525956759683,2.0360957900503536,2.1273665735537097
1161,-0.20662095444956474,-1.5681864291091574,0.14431693449478036,0.410284830166764,-0.24389427171566183,-0.2046050914713833,0.12750358603835732,-0.0010316125314793153,0.022304095960870397,-0.012376184642073167
1162,1.1646672438131591,0.06508561858584352,1.7206494582845442,0.410284830166764,-0.8721191423685809,-0.6521385410756733,0.3322530946182861,1.3005057588898967,1.213067880292043,1.1212623627464213
1163,-0.20662095444956474,0.8817216424333439,0.6697611090913683,1.6516334805591384,-0.10428874490389983,-0.4283718162735283,0.13212559103224777,-0.07234872877374655,-0.012718368284164113,-0.040717148326785545
1164,0.21531387578511957,0.06508561858584352,0.14431693449478036,-1.2448467036897353,-0.03448598149801883,2.033062156550067,0.209105881102906,0.409041805861557,0.3462618902274394,0.3702268251015436
1165,2.092923870329464,0.06508561858584352,0.6697611090913683,0.8240677136308887,0.5937388891549003,0.6904618077371967,0.6898475269616958,1.710579177282933,1.7384048439675597,1.801445491179517
1166,0.4473780324141958,0.06508561858584352,1.1952052836879563,-0.8310638202256104,0.035316781907857205,0.2429283581329067,0.21452478350953622,0.5873345964672243,0.547641059636388,0.5686135708945302
1167,-0.1855242129378305,0.06508561858584352,1.1952052836879563,-1.2448467036897353,-1.988963356862662,2.033062156550067,0.11586888381235723,0.10594406183192076,0.04857094414464647,-0.1540810030656344
1168,-0.14333072991436205,0.06508561858584352,-1.4320155892949833,-0.8310638202256104,-1.1513301959920998,0.6904618077371967,0.12436912288158104,0.12377334089248797,0.07483779232842254,-0.040717148326785545
1169,0.8482161211371456,0.06508561858584352,0.14431693449478036,1.6516334805591384,0.3145278355313812,0.2429283581329067,0.5855070923869734,0.9795787357996941,0.9153769342092499,0.97955754432286
1170,0.4262812909024616,-1.5681864291091574,-0.9065714146983955,-1.2448467036897353,-1.1513301959920998,1.1379952573414867,0.24953514317590184,0.6586517127094915,0.7139977648003013,0.5261021253674619
1171,-1.0293938734071988,0.8817216424333439,0.14431693449478036,1.2378505970950135,0.3145278355313812,-1.5472054402842532,0.044626255113425065,-1.2223372281803049,-1.1772153044315605,-1.1601852138729227
1172,-0.6074590431725145,0.8817216424333439,-0.9065714146983955,0.8240677136308887,-0.5929080887450618,-0.2046050914713833,0.09307761780800085,-0.5002514262273501,-0.4680104034696119,-0.5366840128092512
1173,2.810213081728427,-1.5681864291091574,1.7206494582845442,-1.2448467036897353,0.7333444159666572,0.2429283581329067,0.7435584125803538,2.1384818747365366,2.132407566724198,2.2407304282925593
1174,0.700538930555006,0.06508561858584352,1.7206494582845442,0.8240677136308887,-0.4533025619332999,0.6904618077371967,0.258885406152048,0.8993469800271436,0.8190651575354049,0.7953412803722286
1175,0.6794421890432724,0.06508561858584352,1.1952052836879563,0.410284830166764,-0.03448598149801883,-0.6521385410756733,0.3454815916697657,0.8815177009665764,0.7665314611678535,0.8095117622145858
1176,1.9241499382355902,-0.751550405261657,0.6697611090913683,-1.2448467036897353,1.0125554695901813,-0.2046050914713833,0.5249428890187536,1.5679449447983984,1.5720481388036465,1.7164226001253804
1177,-0.9872003903837303,0.8817216424333439,0.14431693449478036,-1.2448467036897353,-0.8023163789626999,-0.6521385410756733,0.03745417839876747,-1.106446914286621,-1.11592599200275,-1.1743556957152792
1178,-0.9239101658485277,0.06508561858584352,-1.4320155892949833,-1.2448467036897353,-0.6627108521509428,0.6904618077371967,0.0430324602879456,-1.0173005189837871,-1.0283698313901641,-1.0751623228187863
1179,-1.0082971318954645,0.8817216424333439,0.14431693449478036,0.410284830166764,0.5937388891549003,-1.0996719906799632,0.03426658874780853,-1.2045079491197386,-1.1597040723090428,-1.1176737683458546
1180,1.5233118495126405,1.6983576662808442,0.6697611090913683,-1.2448467036897353,1.9897941572724953,0.2429283581329067,0.41151782393879827,1.3450789565413135,1.2918684248433703,1.6172292272288868
1181,-1.0082971318954645,0.8817216424333439,-1.4320155892949833,0.410284830166764,-0.03448598149801883,-0.6521385410756733,0.03394782978271264,-1.1955933095894553,-1.142192840186526,-1.1601852138729227
1182,0.21531387578511957,-1.5681864291091574,-1.4320155892949833,-0.8310638202256104,1.0125554695901813,1.5855287069457766,0.17207671465759974,0.2931514919678721,0.223683265369819,0.38439730694390006
1183,-1.0926840979424013,0.8817216424333439,-1.4320155892949833,1.2378505970950135,0.1749223087196192,-0.6521385410756733,0.03431971524199118,-1.3738861001951226,-1.3173051614116977,-1.316060514138841
1184,1.5233118495126405,0.06508561858584352,-0.38112724010180754,-0.8310638202256104,0.1749223087196192,0.2429283581329067,0.4200180630080221,1.4609692704349977,1.4056914336397324,1.4471834451206125
1185,-0.9661036488719961,0.8817216424333439,-0.38112724010180754,1.6516334805591384,-0.24389427171566183,-0.6521385410756733,0.04526377304361685,-1.115361553816904,-1.072147911696457,-1.1035032865034986
1186,0.6372487060198039,0.06508561858584352,-0.38112724010180754,-0.8310638202256104,-1.779555066645019,0.6904618077371967,0.17999256229081442,0.9528348172088437,0.8803544699642155,0.6678069437910232
1187,-0.14333072991436205,-1.5681864291091574,-1.4320155892949833,0.8240677136308887,0.8729499427784192,1.1379952573414867,0.19162726451681453,-0.045604810182896936,-0.012718368284164113,0.07264670641206396
1188,0.9747965702075511,0.8817216424333439,-0.38112724010180754,-1.2448467036897353,0.1749223087196192,-0.6521385410756733,0.40912713170057907,1.0598104915722446,1.055466791189388,1.0787509172193523
1189,-0.8817166828250593,0.8817216424333439,0.6697611090913683,-1.2448467036897353,0.1051195453137382,-1.5472054402842532,0.03150401105031079,-0.9727273213323704,-0.932058054716319,-0.9334575043952245
1190,-0.5863623016607803,0.8817216424333439,1.1952052836879563,-0.8310638202256104,-0.10428874490389983,-1.0996719906799632,0.05790787865908729,-0.5091660657576332,-0.4767660195308704,-0.4941725672821829
1191,2.5359554420758825,-0.751550405261657,0.6697611090913683,-1.2448467036897353,0.8729499427784192,1.5855287069457766,0.800722520320884,1.9601890841308676,1.9572952454990253,2.0848551280266405
1192,1.059183536254488,0.8817216424333439,0.14431693449478036,1.6516334805591384,0.4541333623431382,-0.2046050914713833,0.676512776921851,1.1043836892236614,1.0204443269443535,1.1212623627464213
1193,-1.050490614918933,-1.5681864291091574,-0.9065714146983955,0.410284830166764,0.7333444159666572,-0.2046050914713833,0.03771981086968071,-1.3203982630134226,-1.2647714650441464,-1.2168671412423475
1194,1.6498922985830458,0.06508561858584352,1.1952052836879563,0.410284830166764,-2.477582700703819,0.2429283581329067,0.6261488604366998,1.7373230958737826,1.6683599154774906,1.3054786266970513
1195,0.21531387578511957,0.8817216424333439,1.7206494582845442,0.410284830166764,0.5239361257490193,-0.2046050914713833,0.17292673856452212,0.3822978872707065,0.46008489902380134,0.4835906798403931
1196,0.9326030871840826,0.06508561858584352,0.14431693449478036,-1.2448467036897353,-0.24389427171566183,2.033062156550067,0.32539977686872446,1.0776397706328118,1.0029330948218358,0.9937280261652158
1197,-1.0082971318954645,0.8817216424333439,0.14431693449478036,0.410284830166764,-0.17409150830978082,-1.0996719906799632,0.03506348616054827,-1.1866786700591714,-1.1334372241252668,-1.1601852138729227
1198,-0.9872003903837303,0.06508561858584352,0.6697611090913683,-1.2448467036897353,-0.31369703512154284,0.6904618077371967,0.03038835467247516,-1.0886176352260544,-1.11592599200275,-1.1176737683458546
1199,-0.5652655601490462,0.8817216424333439,-0.9065714146983955,-0.8310638202256104,-0.10428874490389983,-1.0996719906799632,0.06991446634436593,-0.4645928681062164,-0.43298793922457746,-0.451661121755114
1200,2.0085369042825274,0.8817216424333439,0.14431693449478036,-0.8310638202256104,0.8031471793725382,-0.2046050914713833,0.5903947298517771,1.764067014464633,1.6245818351711978,1.801445491179517
1201,-0.9661036488719961,-1.5681864291091574,0.14431693449478036,-1.2448467036897353,0.7333444159666572,-0.6521385410756733,0.03006959570737927,-1.1688493909986049,-1.11592599200275,-1.0609918409764298
1202,2.6203424081228195,1.6983576662808442,0.6697611090913683,-0.8310638202256104,3.3858494253900955,-0.6521385410756733,0.5207458959783244,1.8442987702371836,1.7821829242738527,2.3399238011890526
1203,0.6583454475315381,0.06508561858584352,0.6697611090913683,-1.2448467036897353,0.1051195453137382,0.2429283581329067,0.21133719385857727,0.801285945194026,0.7665314611678535,0.7953412803722286
1204,-1.0293938734071988,0.8817216424333439,-0.38112724010180754,-1.2448467036897353,0.035316781907857205,-1.5472054402842532,0.02342878393454816,-1.2312518677105888,-1.1684596883703013,-1.1885261775576352
1205,-1.0293938734071988,0.8817216424333439,-1.4320155892949833,1.6516334805591384,-0.10428874490389983,-0.2046050914713833,0.043351219253041494,-1.2490811467711553,-1.1947265365540773,-1.2168671412423475
1206,-0.5019753356138434,0.8817216424333439,1.1952052836879563,1.6516334805591384,-0.7325136155568189,-0.6521385410756733,0.11512511289380013,-0.35761719374281553,-0.3629430107345084,-0.43749063991275816
1207,-0.9239101658485277,0.8817216424333439,-1.4320155892949833,-1.2448467036897353,0.4541333623431382,-1.0996719906799632,0.0430324602879456,-1.0529590771049209,-1.0633922956351987,-1.004309913607005
1208,-0.8395231998015908,0.8817216424333439,0.14431693449478036,1.6516334805591384,-0.03448598149801883,-0.6521385410756733,0.05780162567072199,-0.9014102050901031,-0.8707687422875084,-0.8767755770257997
1209,2.578148925099351,0.8817216424333439,0.6697611090913683,-1.2448467036897353,0.4541333623431382,-0.6521385410756733,0.8568240981777613,2.0849940375548357,2.0798738703566455,2.1415370553960655
1210,-1.050490614918933,0.8817216424333439,-0.9065714146983955,-0.8310638202256104,0.8729499427784192,-1.0996719906799632,0.030494607660840462,-1.3114836234831393,-1.299793929289181,-1.2168671412423475
1211,-0.5863623016607803,0.8817216424333439,-0.9065714146983955,0.410284830166764,0.035316781907857205,-0.2046050914713833,0.09307761780800085,-0.5091660657576332,-0.4680104034696119,-0.4800020854398264
1212,0.27860410032032223,-1.5681864291091574,1.1952052836879563,-0.8310638202256104,-0.6627108521509428,2.033062156550067,0.19359294480157255,0.4981882011643906,0.5301298275138704,0.4269087524709683
1213,0.4262812909024616,1.6983576662808442,0.6697611090913683,-1.2448467036897353,-3.7340324420096622,1.5855287069457766,0.20825585719598363,0.7567127475426092,0.7139977648003013,0.22852200667798234
1214,-0.9239101658485277,0.06508561858584352,0.14431693449478036,0.410284830166764,-0.8721191423685809,1.1379952573414867,0.03856983477660309,-1.0529590771049209,-0.9845917510838703,-1.0893328046611421
1215,-0.45978185259037524,0.06508561858584352,1.1952052836879563,1.6516334805591384,-0.24389427171566183,1.5855287069457766,0.10492482601073155,-0.2684707984399819,-0.31040931436695707,-0.3099563033315528
1216,-0.5019753356138434,0.8817216424333439,1.1952052836879563,0.410284830166764,-0.8023163789626999,-0.2046050914713833,0.09020878712213781,-0.33087327515196513,-0.35418739467325,-0.4233201580704017
1217,-0.3964916280551725,0.06508561858584352,-0.38112724010180754,1.6516334805591384,-0.5929080887450618,1.1379952573414867,0.09307761780800085,-0.23281224031884826,-0.20534192163185352,-0.28161533964684043
1218,0.784925896601943,0.06508561858584352,-0.38112724010180754,-1.2448467036897353,-2.268174410486181,2.033062156550067,0.30978058757902566,1.086554410163095,1.0204443269443535,0.7244888711604479
1219,-0.20662095444956474,0.8817216424333439,-0.38112724010180754,0.410284830166764,-0.38349979852741883,-0.6521385410756733,0.16708282420443074,-0.009946252061763314,0.013548479899611962,-0.040717148326785545
1220,-0.41758836956690676,-1.5681864291091574,1.7206494582845442,-0.8310638202256104,0.8031471793725382,1.1379952573414867,0.05429527705466716,-0.3487025542125323,-0.31040931436695707,-0.23910389411977154
1221,-0.9872003903837303,0.8817216424333439,-1.4320155892949833,1.2378505970950135,0.035316781907857205,-0.2046050914713833,0.05588907188014663,-1.1599347514683216,-1.1684596883703013,-1.146014732030567
1222,1.5022151080009063,0.06508561858584352,1.7206494582845442,0.410284830166764,-1.5003440130215,1.1379952573414867,0.39409233384688946,1.5590303052681154,1.6158262191099393,1.3479900722241203
1223,-0.9450069073602619,0.8817216424333439,-1.4320155892949833,-0.4172809367614856,-0.24389427171566183,-0.6521385410756733,0.06359241353663071,-1.0707883561654872,-1.0283698313901641,-1.0609918409764298
1224,-0.8606199413133251,0.06508561858584352,0.6697611090913683,-0.8310638202256104,-0.5231053253391809,0.2429283581329067,0.03633852202093184,-0.8746662864992527,-0.9057912065325429,-0.9334575043952245
1225,-0.6285557846842488,0.8817216424333439,-1.4320155892949833,0.410284830166764,0.8031471793725382,-1.0996719906799632,0.08904000425011953,-0.5537392634090501,-0.5818334122659738,-0.4800020854398264
1226,-0.5441688186373119,-1.5681864291091574,0.14431693449478036,1.6516334805591384,1.0125554695901813,-1.5472054402842532,0.11236253519630239,-0.4735075076364996,-0.4855216355921296,-0.36663823070097756
1227,-1.0082971318954645,0.06508561858584352,0.6697611090913683,-1.2448467036897353,-0.5231053253391809,0.6904618077371967,0.029432077777187482,-1.1955933095894553,-1.2034821526153359,-1.231037623084704
1228,0.4473780324141958,0.06508561858584352,1.1952052836879563,-0.4172809367614856,-1.221132959397981,1.5855287069457766,0.43138713276310897,0.6408224336489251,0.5914191399426809,0.4552497161556807
1229,-0.1855242129378305,-1.5681864291091574,0.14431693449478036,0.410284830166764,1.0823582329960573,-0.2046050914713833,0.1671359506986134,-0.07234872877374655,-0.03898521646793941,0.07264670641206396
1230,-1.0082971318954645,0.8817216424333439,0.14431693449478036,0.8240677136308887,-0.17409150830978082,-0.6521385410756733,0.03394782978271264,-1.1866786700591714,-1.1334372241252668,-1.1601852138729227
1231,-1.050490614918933,0.8817216424333439,-1.4320155892949833,1.6516334805591384,-0.17409150830978082,0.2429283581329067,0.040694894543909045,-1.2847397048922888,-1.256015848982888,-1.2735490686117723
1232,-0.20662095444956474,1.6983576662808442,0.14431693449478036,0.8240677136308887,2.1992024474901433,0.6904618077371967,0.16145141582106998,-0.1525804845462978,-0.12654137708052607,0.11515815193913284
1233,1.481118366489172,-0.751550405261657,1.1952052836879563,0.410284830166764,1.2917665232137003,1.1379952573414867,0.6793284811135313,1.3450789565413135,1.283112808782112,1.4896948906476815
1234,0.21531387578511957,1.6983576662808442,1.1952052836879563,-1.2448467036897353,2.4086107377077814,0.6904618077371967,0.17266110609360888,0.2842368524375889,0.24119449749233587,0.5544430890521743
1235,-0.5019753356138434,0.8817216424333439,1.1952052836879563,1.2378505970950135,0.38433059893725724,-1.0996719906799632,0.10917494554534346,-0.4289343099850828,-0.37169862679576765,-0.35246774885862103
1236,0.5106682569493985,0.8817216424333439,1.1952052836879563,1.6516334805591384,0.5239361257490193,-1.0996719906799632,0.45635658502895393,0.7121395498911923,0.6439528363102324,0.7386593530028038
1237,0.4473780324141958,-1.5681864291091574,0.6697611090913683,-1.2448467036897353,-0.24389427171566183,2.033062156550067,0.24932263719917122,0.5873345964672243,0.6264416041877154,0.5686135708945302
1238,-0.6918460092194515,0.8817216424333439,0.6697611090913683,0.410284830166764,0.24472507212550018,-1.5472054402842532,0.04696382085746162,-0.6607149377724509,-0.6168558765110084,-0.6075364220210324
1239,-0.5652655601490462,0.06508561858584352,-1.4320155892949833,-0.8310638202256104,-0.8721191423685809,1.1379952573414867,0.06061732986240238,-0.4645928681062164,-0.43298793922457746,-0.5366840128092512
1240,0.6372487060198039,0.8817216424333439,0.6697611090913683,0.410284830166764,0.1749223087196192,-0.6521385410756733,0.2601604420124316,0.8369445033151597,0.7752870772291119,0.8236822440569416
1241,-0.20662095444956474,-1.5681864291091574,1.1952052836879563,-0.8310638202256104,0.5937388891549003,-0.6521385410756733,0.10933432502789141,-0.07234872877374655,-0.03898521646793941,0.015964779042639207
1242,-0.6285557846842488,-1.5681864291091574,-0.9065714146983955,-1.2448467036897353,-0.7325136155568189,0.6904618077371967,0.06322052807735218,-0.5537392634090501,-0.60810026044975,-0.6500478675481006
1243,0.7638291550902088,0.8817216424333439,0.6697611090913683,-0.8310638202256104,0.4541333623431382,-1.0996719906799632,0.20188067789406577,0.91717625908771,0.8365763896579225,0.937046098795791
1244,-1.050490614918933,0.8817216424333439,-0.9065714146983955,-1.2448467036897353,-0.10428874490389983,-0.6521385410756733,0.029325824788822185,-1.2758250653620058,-1.2209933847378536,-1.24520810492706
1245,0.4262812909024616,0.06508561858584352,-0.38112724010180754,-0.0034980532973608127,-0.31369703512154284,1.1379952573414867,0.14971046060670457,0.6229931545883579,0.5739079078201633,0.5544430890521743
1246,-0.1644274714260963,0.8817216424333439,-1.4320155892949833,0.410284830166764,-0.17409150830978082,-0.6521385410756733,0.1798331828082665,-0.018860891592046524,0.031059712022128826,-0.012376184642073167
1247,-0.4808785941021094,0.06508561858584352,-0.9065714146983955,-1.2448467036897353,-0.4533025619332999,-0.6521385410756733,0.09812463475535249,-0.3130439960913987,-0.35418739467325,-0.3808087125433334
1248,-1.1770710639893383,-1.5681864291091574,-0.9065714146983955,0.8240677136308887,-0.24389427171566183,0.2429283581329067,0.022260001062529882,-1.5521788908007907,-1.5011730986981295,-1.5286177417741837
1249,-0.5863623016607803,0.06508561858584352,0.14431693449478036,-1.2448467036897353,-1.5701467764273809,0.6904618077371967,0.06608935876321521,-0.437848949515366,-0.37169862679576765,-0.5650249764939635
1250,-0.8817166828250593,-1.5681864291091574,-1.4320155892949833,0.410284830166764,-0.9419219057744619,0.2429283581329067,0.039526111671890775,-0.9459834027415199,-0.9057912065325429,-1.004309913607005
1251,-0.9028134243367935,0.8817216424333439,0.6697611090913683,1.6516334805591384,0.1051195453137382,-1.5472054402842532,0.033575944323434095,-0.9905566003929368,-0.9408136707775774,-0.9476279862375803
1252,-0.5652655601490462,0.06508561858584352,-1.4320155892949833,0.410284830166764,-1.360738486209743,0.2429283581329067,0.09143069648833874,-0.4200196704547996,-0.4067210910408021,-0.5508544946516076
1253,2.599245666611085,0.06508561858584352,1.1952052836879563,0.410284830166764,-0.5929080887450618,0.6904618077371967,0.9650958933219996,2.1741404328576692,2.1061407185404226,2.028173200657216
1254,-1.050490614918933,0.8817216424333439,0.14431693449478036,-1.2448467036897353,0.6635416525607812,-1.5472054402842532,0.024969452265844978,-1.2847397048922888,-1.2385046168603704,-1.1885261775576352
1255,-0.8184264582898567,0.06508561858584352,-1.4320155892949833,-0.8310638202256104,0.7333444159666572,0.2429283581329067,0.04345747224140679,-0.8924955655598191,-0.9145468225938014,-0.8200936496563749
1256,-0.8184264582898567,-1.5681864291091574,-0.9065714146983955,0.8240677136308887,0.8031471793725382,-0.2046050914713833,0.06114859480422887,-0.8924955655598191,-0.8620131262262499,-0.7917526859716626
1257,-0.8606199413133251,0.06508561858584352,1.1952052836879563,1.2378505970950135,-0.9419219057744619,0.6904618077371967,0.062157998193699195,-0.8746662864992527,-0.888279974410026,-0.9617984680799367
1258,2.578148925099351,-1.5681864291091574,0.6697611090913683,0.410284830166764,1.0125554695901813,-1.9947388898885432,0.8595335493810763,2.1028233166154022,2.1411631827854563,2.269071391977271
1259,-0.8606199413133251,0.8817216424333439,0.6697611090913683,0.410284830166764,0.8031471793725382,-0.2046050914713833,0.04430749614832917,-0.9370687632112367,-0.9583249029000951,-0.8626050951834432
1260,0.8482161211371456,0.8817216424333439,1.1952052836879563,0.8240677136308887,0.38433059893725724,-0.6521385410756733,0.45667534399404985,0.970664096269411,0.9066213181479907,0.97955754432286
1261,0.4473780324141958,0.8817216424333439,-1.4320155892949833,0.8240677136308887,-0.17409150830978082,-0.2046050914713833,0.4031769643521224,0.6319077941186418,0.6439528363102324,0.6111250164215991
1262,0.4473780324141958,-1.5681864291091574,-1.4320155892949833,0.410284830166764,-0.03448598149801883,-0.6521385410756733,0.30691175689316263,0.6051638755277915,0.6264416041877154,0.6111250164215991
1263,-0.8184264582898567,0.8817216424333439,1.1952052836879563,0.8240677136308887,-0.03448598149801883,-0.2046050914713833,0.05105456090952558,-0.8211784493175527,-0.8357462780424739,-0.8200936496563749
1264,-0.9872003903837303,0.06508561858584352,-0.9065714146983955,-1.2448467036897353,-1.1513301959920998,0.6904618077371967,0.041438665462466134,-1.106446914286621,-1.11592599200275,-1.2026966593999917
1265,-0.3542981450317041,0.8817216424333439,-0.9065714146983955,-1.2448467036897353,-0.17409150830978082,-0.6521385410756733,0.10434043457472242,-0.18823904266743144,-0.17907507344807744,-0.1965924485927033
1266,-0.8395231998015908,0.8817216424333439,-0.38112724010180754,-1.2448467036897353,0.1749223087196192,-0.6521385410756733,0.03538224512564416,-0.9370687632112367,-0.8707687422875084,-0.8767755770257997
1267,-0.9872003903837303,0.8817216424333439,1.1952052836879563,0.8240677136308887,0.1051195453137382,-0.6521385410756733,0.03538224512564416,-1.1510201119380377,-1.0984147598802323,-1.1035032865034986
1268,-0.5441688186373119,0.8817216424333439,-1.4320155892949833,-1.2448467036897353,0.24472507212550018,-0.6521385410756733,0.08696807097699623,-0.437848949515366,-0.4767660195308704,-0.4233201580704017
1269,-0.1855242129378305,-1.5681864291091574,1.7206494582845442,-1.2448467036897353,-0.5231053253391809,1.5855287069457766,0.09350262976146204,-0.06343408924346336,-0.021473984345422546,-0.09739907569620966
1270,0.4473780324141958,0.8817216424333439,1.1952052836879563,0.410284830166764,-0.5929080887450618,-0.2046050914713833,0.35398183073898953,0.6675663522397756,0.6789753005552669,0.5827840527368867
1271,0.46847477392593007,0.8817216424333439,-1.4320155892949833,-0.8310638202256104,-1.0117246691803428,-0.2046050914713833,0.25033204058864156,0.685395631300342,0.6964865326777845,0.5827840527368867
1272,-0.1644274714260963,1.6983576662808442,-0.38112724010180754,1.6516334805591384,-3.664229678603781,4.718262854175807,0.1385538968283483,0.2664075733770225,0.13612710475723236,-0.23910389411977154
1273,-0.6285557846842488,-0.751550405261657,1.1952052836879563,1.6516334805591384,-0.38349979852741883,2.6148556410356423,0.08978377516867662,-0.5983124610604676,-0.5730777962047154,-0.6217069038633883
1274,-0.7340394922429198,0.06508561858584352,1.1952052836879563,1.2378505970950135,-0.6627108521509428,0.2429283581329067,0.07028635180364448,-0.6696295773027342,-0.7131676531848535,-0.7492412404445943
1275,0.5739584814846012,-1.5681864291091574,0.14431693449478036,0.8240677136308887,0.1749223087196192,0.2429283581329067,0.3781543855920948,0.7477981080123259,0.7490202290453358,0.7670003166875169
1276,0.6161519645080696,0.8817216424333439,1.1952052836879563,1.6516334805591384,-0.38349979852741883,-0.2046050914713833,0.44068426924507254,0.7923713056637428,0.8103095414741465,0.7386593530028038
1277,-1.0082971318954645,0.06508561858584352,-1.4320155892949833,1.6516334805591384,-0.17409150830978082,0.2429283581329067,0.0573766137172608,-1.1688493909986049,-1.2034821526153359,-1.1885261775576352
1278,-0.5441688186373119,-0.751550405261657,0.14431693449478036,-1.2448467036897353,1.0823582329960573,-0.6521385410756733,0.06863943048398236,-0.4645928681062164,-0.43298793922457746,-0.3241267851739087
1279,0.4262812909024616,0.06508561858584352,-1.4320155892949833,-1.2448467036897353,-1.8493578300509,0.2429283581329067,0.2552728045476279,0.7032249103609084,0.617685988126457,0.41273827062861246
1280,-0.1855242129378305,0.8817216424333439,0.14431693449478036,-0.8310638202256104,0.24472507212550018,-1.5472054402842532,0.1256441587419646,-0.009946252061763314,0.0047928638383535295,0.03013526088499571
1281,-0.7762329752663882,0.8817216424333439,-0.38112724010180754,1.2378505970950135,-0.10428874490389983,-1.0996719906799632,0.054029644583753915,-0.785519891196419,-0.7394345013686295,-0.7634117222869502
1282,-0.9661036488719961,0.06508561858584352,0.14431693449478036,0.410284830166764,0.5937388891549003,0.6904618077371967,0.03644477500929714,-1.1510201119380377,-1.0984147598802323,-1.0609918409764298
1283,-0.9028134243367935,-1.5681864291091574,-1.4320155892949833,0.8240677136308887,0.7333444159666572,-1.0996719906799632,0.04345747224140679,-0.99947123992322,-0.9670805189613535,-0.9051165407105121
1284,-0.12223398840262782,0.06508561858584352,-1.4320155892949833,0.410284830166764,0.4541333623431382,0.6904618077371967,0.16511714391967275,0.03462694558965351,-0.003962752222904903,0.07264670641206396
1285,0.9326030871840826,0.8817216424333439,0.6697611090913683,0.410284830166764,0.035316781907857205,-0.6521385410756733,0.4007862721139032,1.0063226543905446,1.0116887108830943,1.0078985080075717
1286,-0.8395231998015908,-0.751550405261657,-0.9065714146983955,-0.8310638202256104,1.1521609964019384,0.6904618077371967,0.03304467938160761,-0.9459834027415199,-0.9057912065325429,-0.8059231678140184
1287,-0.8184264582898567,0.8817216424333439,1.7206494582845442,1.2378505970950135,0.1749223087196192,-0.2046050914713833,0.04117303299155289,-0.8924955655598191,-0.8269906619812155,-0.8342641314987308
1288,-0.8817166828250593,-1.5681864291091574,-0.9065714146983955,-1.2448467036897353,-1.988963356862662,1.5855287069457766,0.03894172023588163,-0.8746662864992527,-0.8269906619812155,-1.0326508772917173
1289,0.4473780324141958,-1.5681864291091574,0.14431693449478036,0.410284830166764,1.0823582329960573,-0.6521385410756733,0.300802210062158,0.5605906778763746,0.5301298275138704,0.681977425633379
1290,-1.0082971318954645,-1.5681864291091574,0.6697611090913683,-1.2448467036897353,0.8031471793725382,0.2429283581329067,0.022950645486904318,-1.2490811467711553,-1.212237768676595,-1.146014732030567
1291,0.46847477392593007,0.8817216424333439,0.14431693449478036,0.8240677136308887,-0.17409150830978082,-0.6521385410756733,0.4282526696063327,0.685395631300342,0.6439528363102324,0.6394659801063115
1292,0.4473780324141958,0.06508561858584352,0.6697611090913683,-1.2448467036897353,-0.10428874490389983,0.2429283581329067,0.2095308930563672,0.6408224336489251,0.6789753005552669,0.6394659801063115
1293,0.784925896601943,0.8817216424333439,0.14431693449478036,0.410284830166764,0.035316781907857205,-1.0996719906799632,0.42113371938585775,0.8993469800271436,0.9416437823930253,0.9228756169534352
1294,-0.1644274714260963,-1.5681864291091574,0.14431693449478036,0.410284830166764,-0.10428874490389983,0.2429283581329067,0.1720235881634171,0.0167976665290871,0.03981532808338804,0.015964779042639207
1295,0.21531387578511957,0.8817216424333439,-0.38112724010180754,-0.8310638202256104,0.5937388891549003,-0.2046050914713833,0.18849280136003826,0.3822978872707065,0.293728193859888,0.41273827062861246
1296,-0.3964916280551725,0.8817216424333439,0.14431693449478036,0.8240677136308887,0.035316781907857205,-0.2046050914713833,0.1212877862189874,-0.2684707984399819,-0.23160876981562958,-0.23910389411977154
1297,-0.9872003903837303,0.8817216424333439,-0.38112724010180754,0.8240677136308887,-0.10428874490389983,-1.0996719906799632,0.03240716145141582,-1.1331908328774714,-1.0984147598802323,-1.1176737683458546
1298,0.9536998286958168,0.8817216424333439,-1.4320155892949833,0.410284830166764,0.5937388891549003,-0.6521385410756733,0.4462625511342507,1.0330665729813941,0.9679106305768014,1.0787509172193523
1299,-0.1644274714260963,0.8817216424333439,0.14431693449478036,-0.8310638202256104,-0.10428874490389983,-0.2046050914713833,0.1101843489348138,0.0167976665290871,-0.04774083252919862,-0.026546666484429042
1300,-1.0293938734071988,0.8817216424333439,-0.9065714146983955,-0.8310638202256104,0.38433059893725724,-0.6521385410756733,0.024544440312383786,-1.2312518677105888,-1.185970920492819,-1.1601852138729227
1301,0.9115063456723483,-1.5681864291091574,0.6697611090913683,-0.8310638202256104,0.5937388891549003,0.6904618077371967,0.27577963130213035,0.9350055381482772,0.985421862699319,1.0362394716922834
1302,0.7427324135784745,-1.5681864291091574,-0.38112724010180754,-0.8310638202256104,1.3615692866195812,-0.6521385410756733,0.24762258938532647,0.801285945194026,0.8103095414741465,0.97955754432286
1303,-1.0293938734071988,0.8817216424333439,0.14431693449478036,0.410284830166764,-0.10428874490389983,-0.6521385410756733,0.0309727461084843,-1.2312518677105888,-1.185970920492819,-1.2026966593999917
1304,-1.0715873564306673,0.8817216424333439,1.1952052836879563,-0.4172809367614856,0.1749223087196192,-0.6521385410756733,0.0357541305849227,-1.338227542073989,-1.282282697166664,-1.2877195504541288
1305,-1.050490614918933,-0.751550405261657,0.14431693449478036,0.410284830166764,1.1521609964019384,0.6904618077371967,0.03001646921319662,-1.338227542073989,-1.299793929289181,-1.2026966593999917
1306,-0.6285557846842488,-1.5681864291091574,0.14431693449478036,0.410284830166764,-0.17409150830978082,1.5855287069457766,0.07628964564628381,-0.5715685424696173,-0.5380553319596809,-0.5650249764939635
1307,-0.20662095444956474,0.8817216424333439,-1.4320155892949833,-1.2448467036897353,0.38433059893725724,-0.6521385410756733,0.13680072252032088,-0.045604810182896936,-0.012718368284164113,0.015964779042639207
1308,1.1646672438131591,0.8817216424333439,1.7206494582845442,0.410284830166764,-0.24389427171566183,-0.2046050914713833,0.3171120437762312,1.2470179217081958,1.1955566481695252,1.177944290115846
1309,-1.050490614918933,-1.5681864291091574,0.6697611090913683,0.8240677136308887,1.2219637598078192,-0.2046050914713833,0.032300908463050525,-1.2847397048922888,-1.3085495453504394,-1.1743556957152792
1310,-0.45978185259037524,0.8817216424333439,1.1952052836879563,-1.2448467036897353,0.3145278355313812,-1.0996719906799632,0.07682091058811029,-0.35761719374281553,-0.3191649304282155,-0.2957858214891963
1311,-0.4808785941021094,0.06508561858584352,-0.9065714146983955,0.410284830166764,-0.9419219057744619,-0.2046050914713833,0.09429952717420177,-0.3130439960913987,-0.3366761625507331,-0.4233201580704017
1312,-0.7973297167781225,0.06508561858584352,1.1952052836879563,1.2378505970950135,-1.7097523032391428,0.6904618077371967,0.06263613664134304,-0.7409466935450014,-0.7131676531848535,-0.8909460588681556
1313,-0.12223398840262782,0.8817216424333439,0.14431693449478036,0.8240677136308887,0.1749223087196192,-1.1891786806008227,0.1774424905700473,0.07028550371078714,0.08359340838968098,0.10098767009677634
1314,-0.5441688186373119,0.8817216424333439,-1.4320155892949833,0.410284830166764,0.1051195453137382,-0.2046050914713833,0.09318387079636614,-0.4735075076364996,-0.44174355528583586,-0.43749063991275816
1315,-0.9872003903837303,0.8817216424333439,1.1952052836879563,0.410284830166764,0.38433059893725724,-0.2046050914713833,0.030760240131753706,-1.1866786700591714,-1.142192840186526,-1.1176737683458546
1316,0.4473780324141958,-0.751550405261657,1.1952052836879563,0.410284830166764,1.3615692866195812,-0.6521385410756733,0.3028741433352813,0.5962492359975082,0.5126185953913535,0.7244888711604479
1317,0.6583454475315381,0.8817216424333439,0.6697611090913683,-1.2448467036897353,0.38433059893725724,-0.6521385410756733,0.2467725654784041,0.7656273870728924,0.7927983093516288,0.8236822440569416
1318,-1.0293938734071988,0.8817216424333439,-1.4320155892949833,1.6516334805591384,-0.10428874490389983,-1.0996719906799632,0.05557031291505073,-1.2045079491197386,-1.212237768676595,-1.2026966593999917
1319,-0.755136233754654,0.06508561858584352,0.14431693449478036,0.410284830166764,-0.4533025619332999,2.033062156550067,0.05408277107793657,-0.6696295773027342,-0.7131676531848535,-0.7209002767598819
1320,-0.1855242129378305,0.06508561858584352,-0.9065714146983955,-1.2448467036897353,-0.31369703512154284,0.2429283581329067,0.14859480422886895,-0.0010316125314793153,0.013548479899611962,-0.026546666484429042
1321,-0.5652655601490462,0.8817216424333439,0.14431693449478036,-0.4172809367614856,0.1051195453137382,-1.5472054402842532,0.1488604366997822,-0.4556782285759332,-0.424232323163319,-0.4233201580704017
1322,-0.6074590431725145,0.8817216424333439,0.6697611090913683,0.410284830166764,-0.4533025619332999,-0.6521385410756733,0.07634277214046645,-0.5091660657576332,-0.4855216355921296,-0.5366840128092512
1323,1.6498922985830458,0.06508561858584352,1.7206494582845442,1.6516334805591384,-0.5231053253391809,0.2429283581329067,0.4033363438346704,1.6303474215103817,1.537025674558612,1.4896948906476815
1324,-1.050490614918933,-1.5681864291091574,1.1952052836879563,1.6516334805591384,-0.8023163789626999,0.2429283581329067,0.03633852202093184,-1.2312518677105888,-1.2034821526153359,-1.2735490686117723
1325,-0.438685111078641,0.8817216424333439,1.1952052836879563,1.2378505970950135,-0.17409150830978082,-0.2046050914713833,0.11507198639961749,-0.2952147170308315,-0.24036438587688802,-0.28161533964684043
1326,0.21531387578511957,0.06508561858584352,0.6697611090913683,0.410284830166764,0.1051195453137382,0.6904618077371967,0.15178239387982786,0.4179564453918402,0.3550175062886978,0.398567788786256
1327,-0.5230720771255777,0.8817216424333439,0.14431693449478036,1.6516334805591384,0.1749223087196192,-1.0996719906799632,0.12049088880624767,-0.4200196704547996,-0.38920985891828447,-0.3808087125433334
1328,-0.45978185259037524,-1.5681864291091574,-0.38112724010180754,-1.2448467036897353,0.4541333623431382,-1.0996719906799632,0.0670456356585029,-0.36653183327309874,-0.3279205464894739,-0.2957858214891963
1329,-1.0082971318954645,0.8817216424333439,0.14431693449478036,0.410284830166764,-0.4533025619332999,-0.2046050914713833,0.043988737183233276,-1.1510201119380377,-1.1684596883703013,-1.1885261775576352
1330,-0.6918460092194515,-1.5681864291091574,-0.9065714146983955,-0.8310638202256104,-0.17409150830978082,-1.0996719906799632,0.0572703607288955,-0.6518002982421678,-0.60810026044975,-0.6358773857057448
1331,-0.5863623016607803,0.06508561858584352,0.14431693449478036,-1.2448467036897353,-0.17409150830978082,1.1379952573414867,0.06800191255379058,-0.5091660657576332,-0.5117884837759049,-0.5225135309668953
1332,0.48957151543766425,-1.5681864291091574,-0.38112724010180754,-1.2448467036897353,-2.1983716470803,1.5855287069457766,0.2298252138341391,0.7745420266031756,0.7927983093516288,0.4835906798403931
1333,-0.1644274714260963,0.06508561858584352,-1.4320155892949833,0.410284830166764,0.5239361257490193,0.6904618077371967,0.16065451840833023,-0.0010316125314793153,-0.03022960040668098,0.044305742727351584
1334,-0.438685111078641,-1.5681864291091574,-0.38112724010180754,0.8240677136308887,0.24472507212550018,-1.0996719906799632,0.09334325027891409,-0.3219586356216819,-0.28414246618318095,-0.2674448578044839
1335,0.46847477392593007,0.8817216424333439,0.6697611090913683,-1.2448467036897353,-0.31369703512154284,-0.2046050914713833,0.24889762524571005,0.6586517127094915,0.66146406843275,0.6111250164215991
1336,-0.649652526195983,0.06508561858584352,-0.38112724010180754,-0.8310638202256104,-1.2909357228038618,0.6904618077371967,0.05371088561865803,-0.5002514262273501,-0.5380553319596809,-0.6500478675481006
1337,-0.1855242129378305,0.06508561858584352,0.14431693449478036,0.8240677136308887,-1.919160593456781,1.1379952573414867,0.15082611698454018,0.07920014324107114,0.0573265602059049,-0.1540810030656344
1338,-0.8184264582898567,0.06508561858584352,1.1952052836879563,0.8240677136308887,-0.17409150830978082,0.2429283581329067,0.05105456090952558,-0.8300930888478358,-0.8532575101649915,-0.8484346133410873
1339,-0.9872003903837303,0.06508561858584352,0.6697611090913683,0.410284830166764,0.5937388891549003,0.2429283581329067,0.031557137544493435,-1.1688493909986049,-1.2209933847378536,-1.1318442501882104
1340,1.903053196723856,-0.751550405261657,0.14431693449478036,0.410284830166764,0.3145278355313812,-0.6521385410756733,0.9348669181320725,1.6125181424498154,1.6333374512324563,1.6597406727559558
1341,0.4473780324141958,-1.5681864291091574,-1.4320155892949833,0.410284830166764,1.5709775768372194,-0.6521385410756733,0.35971949211071563,0.4357857244524066,0.5563966756976465,0.6961479074757362
1342,-1.0293938734071988,0.8817216424333439,-0.9065714146983955,0.410284830166764,0.035316781907857205,-0.2046050914713833,0.05004515752005525,-1.2045079491197386,-1.2034821526153359,-1.1885261775576352
1343,1.7764727476534508,0.8817216424333439,1.1952052836879563,1.6516334805591384,0.035316781907857205,-0.6521385410756733,0.935238803591351,1.6570913401012322,1.6333374512324563,1.631399709071244
1344,-1.1348775809658698,0.06508561858584352,-0.38112724010180754,1.2378505970950135,-1.360738486209743,0.6904618077371967,0.03187589650958933,-1.3917153792556898,-1.4136169380855428,-1.5002767780894712
1345,-0.5863623016607803,-1.5681864291091574,-1.4320155892949833,0.410284830166764,-1.779555066645019,0.6904618077371967,0.08505551718642086,-0.4467635890456492,-0.4067210910408021,-0.6075364220210324
1346,-0.6285557846842488,0.8817216424333439,-1.4320155892949833,1.6516334805591384,0.3145278355313812,-1.5472054402842532,0.15348244169367264,-0.5715685424696173,-0.5468109480209394,-0.5225135309668953
1347,0.08873342671471421,-0.751550405261657,0.14431693449478036,-0.0034980532973608127,-0.6627108521509428,2.928129055758647,0.0929182383254529,0.2842368524375889,0.2587057296148535,0.18601056115091347
1348,-0.1011372468908936,-1.5681864291091574,-1.4320155892949833,-1.2448467036897353,0.9427527061843003,-0.6521385410756733,0.152366785315837,0.04354158511993751,-0.03022960040668098,0.11515815193913284
1349,-1.1981678055010725,-1.5681864291091574,-1.4320155892949833,1.6516334805591384,-0.5929080887450618,1.1379952573414867,0.02815704191680391,-1.5789228093916412,-1.5274399468819049,-1.5852996691436083
1350,-0.9872003903837303,0.06508561858584352,0.6697611090913683,0.8240677136308887,-0.4533025619332999,0.6904618077371967,0.035488498114009455,-1.124276193347188,-1.1334372241252668,-1.1601852138729227
1351,0.5317649984611327,0.8817216424333439,0.14431693449478036,-0.8310638202256104,-0.5929080887450618,-0.6521385410756733,0.24836636030388354,0.8102005847243092,0.7227533808615598,0.681977425633379
1352,0.4473780324141958,0.06508561858584352,1.1952052836879563,0.410284830166764,-0.38349979852741883,-0.2046050914713833,0.3028741433352813,0.6497370731792083,0.5914191399426809,0.5686135708945302
1353,1.0169900532310194,-1.5681864291091574,-1.4320155892949833,-1.2448467036897353,-1.360738486209743,0.7352151526976263,0.42113371938585775,1.1222129682842286,1.1517785678632324,0.951216580638147
1354,-1.1981678055010725,-1.5681864291091574,-1.4320155892949833,0.410284830166764,-0.6627108521509428,0.2429283581329067,0.021356850661424853,-1.5700081698613575,-1.4749062505143535,-1.556958705458896
1355,2.6414391496345533,0.06508561858584352,-1.4320155892949833,-0.8310638202256104,-1.430541249615619,0.6904618077371967,0.9157413802263189,2.3702625025239046,2.2199637273367836,2.028173200657216
1356,0.4473780324141958,1.6983576662808442,-0.9065714146983955,-0.8310638202256104,2.0595969206783815,-0.2046050914713833,0.20565265898103385,0.5160174802249571,0.4688405150850598,0.752829834845161
1357,-0.1644274714260963,0.06508561858584352,0.6697611090913683,-1.2448467036897353,-0.17409150830978082,0.6904618077371967,0.11411570950432981,-0.0010316125314793153,0.03981532808338804,0.0017942972002833347
1358,0.8693128626488799,0.06508561858584352,0.6697611090913683,-1.2448467036897353,0.1749223087196192,-0.6521385410756733,0.28077352175529935,1.0330665729813941,0.9591550145155429,1.0078985080075717
1359,-0.5652655601490462,0.8817216424333439,0.14431693449478036,1.2378505970950135,-0.24389427171566183,-0.2046050914713833,0.15194177336237583,-0.4467635890456492,-0.4680104034696119,-0.4800020854398264
1360,-1.050490614918933,0.8817216424333439,-0.38112724010180754,-1.2448467036897353,0.1051195453137382,-1.5472054402842532,0.020666206237050417,-1.2490811467711553,-1.2034821526153359,-1.2026966593999917
1361,-1.0082971318954645,0.8817216424333439,-0.9065714146983955,0.410284830166764,0.24472507212550018,-1.9947388898885432,0.0356478775965574,-1.1688493909986049,-1.1334372241252668,-1.1176737683458546
1362,2.578148925099351,0.06508561858584352,1.1952052836879563,-0.8310638202256104,-1.1513301959920998,0.6904618077371967,0.9084099240291134,2.2811161072210693,2.167430030969233,2.01400271881486
1363,-0.7762329752663882,0.8817216424333439,0.6697611090913683,0.8240677136308887,0.035316781907857205,-1.0996719906799632,0.06470806991446634,-0.7587759726055686,-0.7306788853073704,-0.7350707586022378
1364,1.481118366489172,-1.5681864291091574,-0.38112724010180754,-0.8310638202256104,-0.31369703512154284,0.6904618077371967,0.41300536577591246,1.4698839099652807,1.466980746068543,1.404671999593545
1365,-0.6074590431725145,0.06508561858584352,0.6697611090913683,0.410284830166764,0.8031471793725382,-1.0996719906799632,0.06263613664134304,-0.5448246238787668,-0.5730777962047154,-0.46583160359747056
1366,-0.20662095444956474,0.8817216424333439,-0.9065714146983955,-1.2448467036897353,-0.5231053253391809,0.6904618077371967,0.14896668968814747,-0.045604810182896936,-0.03022960040668098,-0.09739907569620966
1367,0.7216356720667403,0.06508561858584352,0.14431693449478036,-1.2448467036897353,-0.4533025619332999,0.6904618077371967,0.32051213940392076,0.9082616195574269,0.845332005719181,0.8095117622145858
1368,0.8693128626488799,0.06508561858584352,0.14431693449478036,0.8240677136308887,-0.4533025619332999,-0.2046050914713833,0.523083461722361,1.0687251311025279,1.0116887108830943,0.9653870624805029
1369,-0.7973297167781225,-1.5681864291091574,0.14431693449478036,0.8240677136308887,-1.360738486209743,-0.2046050914713833,0.048929501142219625,-0.785519891196419,-0.7394345013686295,-0.8909460588681556
1370,-0.1644274714260963,0.8817216424333439,0.14431693449478036,0.8240677136308887,0.5239361257490193,-1.5472054402842532,0.1769112256282208,-0.0010316125314793153,0.022304095960870397,0.07264670641206396
1371,-1.1770710639893383,-1.5681864291091574,0.14431693449478036,1.6516334805591384,0.035316781907857205,-0.6521385410756733,0.032300908463050525,-1.5343496117402242,-1.4836618665756118,-1.5002767780894712
1372,-0.9450069073602619,0.8817216424333439,-0.9065714146983955,-1.2448467036897353,0.8729499427784192,-0.2046050914713833,0.04393561068905063,-1.079702995695771,-1.11592599200275,-1.004309913607005
1373,0.8482161211371456,0.8817216424333439,0.14431693449478036,0.410284830166764,0.38433059893725724,-0.6521385410756733,0.45635658502895393,0.970664096269411,0.9241325502705084,0.9937280261652158
1374,-0.6074590431725145,1.6983576662808442,0.14431693449478036,0.410284830166764,-0.5231053253391809,3.8231959549672268,0.07087074323965362,-0.5448246238787668,-0.60810026044975,-0.6217069038633883
1375,2.5570521835876163,1.6983576662808442,-1.4320155892949833,-0.8310638202256104,0.24472507212550018,3.8231959549672268,0.7941348350422356,2.0136769213125683,1.9135171651927323,1.9856617551301483
1376,0.9326030871840826,-1.5681864291091574,-0.38112724010180754,-0.8310638202256104,1.5709775768372194,-0.6521385410756733,0.30414917919566486,0.9439201776785605,0.9591550145155429,1.16377380827349
1377,-0.7973297167781225,-1.5681864291091574,-1.4320155892949833,-1.2448467036897353,0.6635416525607812,-0.2046050914713833,0.041066780003187586,-0.8568370074386863,-0.791968197736181,-0.7492412404445943
1378,-0.5019753356138434,-0.751550405261657,-0.9065714146983955,-0.8310638202256104,1.0125554695901813,-1.5472054402842532,0.0668331296817723,-0.437848949515366,-0.4154767071020606,-0.3099563033315528
1379,-1.050490614918933,-1.5681864291091574,0.6697611090913683,-1.2448467036897353,-0.10428874490389983,0.6904618077371967,0.02093183870796366,-1.2847397048922888,-1.2209933847378536,-1.24520810492706
1380,-0.9450069073602619,0.06508561858584352,0.6697611090913683,0.410284830166764,-0.38349979852741883,0.2429283581329067,0.026085108643680605,-1.0529590771049209,-1.019614215328905,-1.0609918409764298
1381,0.4262812909024616,1.6983576662808442,-1.4320155892949833,-1.2448467036897353,3.1764411351724573,2.033062156550067,0.2199436859161664,0.4803589221038234,0.28497257779862883,0.7811707985298727
1382,0.004346460667777534,0.06508561858584352,1.1952052836879563,-0.8310638202256104,0.035316781907857205,0.2429283581329067,0.12904425436965414,0.1683465385439048,0.2149276493085606,0.20018104299326997
1383,-0.37539488654343833,0.8817216424333439,1.1952052836879563,1.6516334805591384,-0.10428874490389983,-0.6521385410756733,0.15199489985655845,-0.22389760078856427,-0.1965863055705951,-0.22493341227741567
1384,1.5233118495126405,-1.5681864291091574,-0.9065714146983955,0.410284830166764,0.1051195453137382,-0.6521385410756733,0.7808532114965734,1.4074814332532968,1.4144470497009907,1.4188424814359009
1385,-1.1137808394541355,0.06508561858584352,-0.9065714146983955,1.6516334805591384,0.3145278355313812,0.6904618077371967,0.04244806885193646,-1.4362885769071065,-1.4486394023305773,-1.4010834051929784
1386,-0.8395231998015908,0.8817216424333439,-1.4320155892949833,-0.8310638202256104,0.1051195453137382,0.2429283581329067,0.03341656484088615,-0.9103248446203863,-0.8795243583487669,-0.8767755770257997
1387,1.481118366489172,0.8817216424333439,0.6697611090913683,-1.2448467036897353,1.7105831036489814,0.6904618077371967,0.46411305317962065,1.2470179217081958,1.1955566481695252,1.4613539269629696
1388,-0.6285557846842488,0.06508561858584352,0.14431693449478036,-1.2448467036897353,-0.38349979852741883,0.6904618077371967,0.05647346331615577,-0.5359099843484837,-0.5555665640821986,-0.57919545833632
1389,0.6583454475315381,-0.751550405261657,-1.4320155892949833,-0.8310638202256104,-2.407779937297943,1.1379952573414867,0.24076927163576475,0.91717625908771,0.9591550145155429,0.5969545345792426
1390,-0.1644274714260963,0.8817216424333439,0.14431693449478036,-0.8310638202256104,0.1051195453137382,-1.5472054402842532,0.14206024544440313,0.08811478277135434,-0.003962752222904903,0.044305742727351584
1391,-0.5230720771255777,0.8817216424333439,0.14431693449478036,0.8240677136308887,-0.10428874490389983,-0.2046050914713833,0.09993093555756255,-0.4467635890456492,-0.38920985891828447,-0.4233201580704017
1392,-0.03784702235569092,0.8817216424333439,0.14431693449478036,-0.8310638202256104,-0.8023163789626999,-1.0996719906799632,0.12675981511980025,0.23966365478617205,0.223683265369819,0.1293286337814887
1393,2.5570521835876163,0.06508561858584352,-1.4320155892949833,-0.8310638202256104,0.5937388891549003,0.2429283581329067,0.7704404186367741,2.031506200373135,1.9222727812539908,2.056514164341929
1394,2.5359554420758825,1.6983576662808442,0.14431693449478036,-0.0034980532973608127,3.0368356083606955,-0.2046050914713833,0.3470222600010625,1.879957328358317,1.7208936118450429,2.269071391977271
1395,1.0169900532310194,0.8817216424333439,1.1952052836879563,0.8240677136308887,-0.03448598149801883,-1.0996719906799632,0.4963077086543059,1.1043836892236614,1.1255117196794562,1.1070918809040653
1396,-0.14333072991436205,0.8817216424333439,0.14431693449478036,0.410284830166764,0.6635416525607812,-1.9947388898885432,0.14673537693247624,0.06137086418050393,0.013548479899611962,0.11515815193913284
1397,-0.9661036488719961,0.8817216424333439,1.1952052836879563,1.6516334805591384,0.1051195453137382,-0.2046050914713833,0.04117303299155289,-1.1510201119380377,-1.0984147598802323,-1.1035032865034986
1398,0.4473780324141958,-1.5681864291091574,-0.9065714146983955,0.410284830166764,1.0823582329960573,0.2429283581329067,0.36094140147691656,0.5516760383460907,0.5651522917589049,0.6961479074757362
1399,-0.8395231998015908,-1.5681864291091574,0.14431693449478036,0.8240677136308887,-0.9419219057744619,0.2429283581329067,0.046113796950539236,-0.8746662864992527,-0.8269906619812155,-0.9334575043952245
1400,2.5570521835876163,-1.5681864291091574,0.6697611090913683,0.8240677136308887,-1.430541249615619,2.4805956061543566,0.9430483982362003,2.2365429095696534,2.114896334601681,1.9148093459183664
1401,1.5022151080009063,-0.751550405261657,1.1952052836879563,0.8240677136308887,0.9427527061843003,-1.0996719906799632,0.6634967858471019,1.3985667937230135,1.4056914336397324,1.5322063361747504
1402,-1.050490614918933,0.8817216424333439,-0.38112724010180754,-0.4172809367614856,-0.31369703512154284,0.2429283581329067,0.04058864155554375,-1.2758250653620058,-1.2472602329216296,-1.2735490686117723
1403,-1.0293938734071988,-0.751550405261657,0.6697611090913683,0.410284830166764,1.0125554695901813,-1.0996719906799632,0.023110024969452265,-1.2758250653620058,-1.1684596883703013,-1.1176737683458546
1404,-0.14333072991436205,1.6983576662808442,-1.4320155892949833,1.6516334805591384,-3.036004807950862,0.6904618077371967,0.20257132231844022,0.23074901525588884,0.1886608011247845,-0.1540810030656344
1405,0.23641061729685378,0.8817216424333439,0.14431693449478036,0.410284830166764,0.7333444159666572,-0.2046050914713833,0.27700154066833127,0.40012716633127293,0.40755120265625,0.4977611616827496
1406,-0.5863623016607803,0.8817216424333439,1.1952052836879563,-0.8310638202256104,-1.430541249615619,-0.6521385410756733,0.05535780693832014,-0.40219039139423235,-0.37169862679576765,-0.5366840128092512
1407,-0.5019753356138434,0.06508561858584352,0.14431693449478036,1.2378505970950135,-0.4533025619332999,-0.6521385410756733,0.11783456409711524,-0.2863000775005483,-0.38045424285702606,-0.3808087125433334
1408,1.059183536254488,0.06508561858584352,0.6697611090913683,0.8240677136308887,0.3145278355313812,0.6904618077371967,0.36157891940710835,1.0508958520419613,1.0817336393731634,1.1070918809040653
1409,0.8904096041606141,-1.5681864291091574,-1.4320155892949833,0.410284830166764,-1.5701467764273809,1.1379952573414867,0.5044360622642512,1.0508958520419613,1.1080004875569394,0.8520232077416533
1410,0.4262812909024616,-1.5681864291091574,-0.9065714146983955,-0.8310638202256104,1.0823582329960573,1.1379952573414867,0.22817829251447697,0.4981882011643906,0.39879558659499154,0.5827840527368867
1411,-0.3542981450317041,0.8817216424333439,0.14431693449478036,-1.2448467036897353,0.5937388891549003,-0.6521385410756733,0.09020878712213781,-0.17932440313714743,-0.21409753769311196,-0.12574003938092204
1412,-0.9450069073602619,0.8817216424333439,-1.4320155892949833,1.2378505970950135,0.035316781907857205,-0.6521385410756733,0.04807947723529724,-1.0975322747563376,-1.0546366795739395,-1.0609918409764298
1413,-0.7762329752663882,0.06508561858584352,0.14431693449478036,0.8240677136308887,0.5239361257490193,0.2429283581329067,0.059979811932210594,-0.785519891196419,-0.8357462780424739,-0.7492412404445943
1414,1.2490542098600954,0.8817216424333439,1.7206494582845442,0.410284830166764,-0.5929080887450618,-0.2046050914713833,0.3629070817616745,1.30942039842018,1.3268908890884048,1.2204557356429149
1415,0.5950552229963354,0.8817216424333439,1.1952052836879563,0.410284830166764,0.5239361257490193,-0.2046050914713833,0.34856292833235936,0.738883468482042,0.7577758451065942,0.8095117622145858
1416,-0.5652655601490462,0.8817216424333439,-1.4320155892949833,0.410284830166764,-0.24389427171566183,-0.6521385410756733,0.09143069648833874,-0.4913367866970668,-0.424232323163319,-0.4800020854398264
1417,1.6287955570713115,-1.5681864291091574,-0.38112724010180754,-1.2448467036897353,0.4541333623431382,0.2429283581329067,0.658343515911385,1.478798549495564,1.537025674558612,1.560547299859462
1418,-0.7762329752663882,0.8817216424333439,1.1952052836879563,1.2378505970950135,-0.17409150830978082,-0.6521385410756733,0.05939542049620145,-0.7676906121358518,-0.7394345013686295,-0.7634117222869502
1419,-1.0082971318954645,0.06508561858584352,-0.38112724010180754,-1.2448467036897353,-0.5929080887450618,1.1379952573414867,0.024491313818201136,-1.1866786700591714,-1.142192840186526,-1.2026966593999917
1420,0.4262812909024616,0.06508561858584352,0.14431693449478036,-1.2448467036897353,-2.1983716470803,0.2429283581329067,0.2811454072145779,0.738883468482042,0.6877309166165253,0.41273827062861246
1421,-0.6285557846842488,0.06508561858584352,-1.4320155892949833,0.410284830166764,0.38433059893725724,1.1379952573414867,0.08627742655262179,-0.6072271005907509,-0.564322180143457,-0.5366840128092512
1422,0.8482161211371456,0.8817216424333439,0.6697611090913683,0.410284830166764,0.5937388891549003,-0.2046050914713833,0.25734473782075123,0.8993469800271436,0.8190651575354049,0.937046098795791
1423,0.4473780324141958,-1.5681864291091574,0.14431693449478036,-1.2448467036897353,-1.430541249615619,1.5855287069457766,0.2602666950007969,0.6764809917700587,0.7139977648003013,0.4977611616827496
1424,0.5106682569493985,0.06508561858584352,0.14431693449478036,0.410284830166764,-0.03448598149801883,0.6904618077371967,0.36030388354672477,0.6408224336489251,0.66146406843275,0.6394659801063115
1425,-0.8184264582898567,0.06508561858584352,-1.4320155892949833,-1.2448467036897353,-0.38349979852741883,0.6904618077371967,0.03745417839876747,-0.8479223679084023,-0.8007238137974394,-0.8484346133410873
1426,1.67098904009478,0.06508561858584352,0.14431693449478036,0.410284830166764,-1.081527432586219,1.1379952573414867,0.8288795622376879,1.6838352586920826,1.6245818351711978,1.4755244088053256
1427,-1.0082971318954645,0.06508561858584352,0.6697611090913683,1.6516334805591384,-0.7325136155568189,0.6904618077371967,0.029803963236466027,-1.1866786700591714,-1.142192840186526,-1.2168671412423475
1428,0.9536998286958168,-0.751550405261657,0.14431693449478036,0.410284830166764,1.5011748134313383,0.2429283581329067,0.3421346225362588,0.91717625908771,0.8540876217804394,1.0929213990617082
1429,-0.9661036488719961,0.06508561858584352,1.1952052836879563,0.410284830166764,-1.081527432586219,0.2429283581329067,0.031663390532858736,-1.079702995695771,-1.0371254474514224,-1.146014732030567
1430,-1.050490614918933,0.8817216424333439,1.1952052836879563,0.410284830166764,0.5239361257490193,-1.9947388898885432,0.027944535940073314,-1.3025689839528563,-1.256015848982888,-1.2168671412423475
1431,-1.0293938734071988,0.8817216424333439,-0.9065714146983955,0.8240677136308887,-0.4533025619332999,-0.6521385410756733,0.037879190352228656,-1.2490811467711553,-1.1947265365540773,-1.24520810492706
1432,0.8693128626488799,0.8817216424333439,0.6697611090913683,1.6516334805591384,-0.31369703512154284,-0.6521385410756733,0.4217181108218669,0.9795787357996941,0.9941774787605774,0.937046098795791
1433,-0.5863623016607803,-0.751550405261657,-0.38112724010180754,0.410284830166764,1.3615692866195812,-1.5472054402842532,0.06848005100143442,-0.5715685424696173,-0.5380553319596809,-0.40914967622804577
1434,-1.0293938734071988,0.8817216424333439,1.1952052836879563,0.410284830166764,-1.5003440130215,-0.2046050914713833,0.028900812835360994,-1.1866786700591714,-1.142192840186526,-1.2877195504541288
1435,1.5022151080009063,-1.5681864291091574,0.6697611090913683,0.410284830166764,0.8729499427784192,1.1379952573414867,0.47558837592307285,1.3539935960715968,1.3706689693946978,1.4755244088053256
1436,-0.6074590431725145,0.8817216424333439,1.1952052836879563,0.8240677136308887,-1.430541249615619,-0.2046050914713833,0.09461828613929767,-0.4289343099850828,-0.4680104034696119,-0.5933659401786759
1437,1.6920857816065142,0.8817216424333439,0.6697611090913683,-0.8310638202256104,0.1051195453137382,-0.2046050914713833,0.44504064176804975,1.5590303052681154,1.5545369066811288,1.560547299859462
1438,-1.0926840979424013,-1.5681864291091574,-1.4320155892949833,1.6516334805591384,0.035316781907857205,0.2429283581329067,0.034107209265260584,-1.3649714606648393,-1.3085495453504394,-1.316060514138841
1439,-0.9239101658485277,0.8817216424333439,0.14431693449478036,-0.4172809367614856,-0.24389427171566183,-0.696891886036103,0.060457950379854436,-1.0262151585140704,-0.9758361350226119,-1.0184803954493615
1440,0.9747965702075511,-1.5681864291091574,-0.38112724010180754,-0.8310638202256104,0.3145278355313812,-0.2046050914713833,0.304733570631674,1.0063226543905446,1.0204443269443535,1.0504099535346405
1441,1.7553760061417165,0.8817216424333439,0.14431693449478036,-0.0034980532973608127,0.1749223087196192,-1.0996719906799632,0.3840514264463688,1.6392620610406659,1.5457812906198702,1.6172292272288868
1442,0.7638291550902088,0.8817216424333439,1.1952052836879563,0.410284830166764,0.38433059893725724,-0.2046050914713833,0.3758168198480582,0.8280298637848764,0.8628432378416978,0.8945346532687222
1443,-1.0082971318954645,0.06508561858584352,0.14431693449478036,0.410284830166764,-0.7325136155568189,0.2429283581329067,0.043988737183233276,-1.1421054724077544,-1.1597040723090428,-1.2026966593999917
1444,-0.9872003903837303,0.8817216424333439,0.14431693449478036,1.2378505970950135,0.4541333623431382,-1.0996719906799632,0.050735801944429684,-1.1510201119380377,-1.1071703759414915,-1.0751623228187863
1445,0.21531387578511957,0.06508561858584352,1.1952052836879563,0.410284830166764,0.7333444159666572,1.1379952573414867,0.21526855442809328,0.3644686082101393,0.3024838099211465,0.4269087524709683
1446,-0.20662095444956474,-1.5681864291091574,0.14431693449478036,0.410284830166764,0.3145278355313812,-0.6521385410756733,0.12750358603835732,-0.02777553112232973,0.0047928638383535295,0.03013526088499571
1447,-0.8817166828250593,0.8817216424333439,-1.4320155892949833,-0.4172809367614856,-0.24389427171566183,-1.0996719906799632,0.07448334484407373,-0.9370687632112367,-0.8707687422875084,-0.9192870225528679
1448,-0.5652655601490462,0.8817216424333439,0.14431693449478036,0.8240677136308887,0.4541333623431382,-0.2046050914713833,0.09732773734261276,-0.4913367866970668,-0.4592547874083535,-0.4233201580704017
1449,0.46847477392593007,0.06508561858584352,1.1952052836879563,-0.8310638202256104,0.38433059893725724,0.2429283581329067,0.20676831535886947,0.6051638755277915,0.5651522917589049,0.6536364619486673
1450,1.7553760061417165,0.8817216424333439,0.14431693449478036,-1.2448467036897353,-0.17409150830978082,-0.6521385410756733,0.709929341762737,1.6214327819800984,1.6158262191099393,1.588888263544175
1451,0.4473780324141958,-1.5681864291091574,1.1952052836879563,1.6516334805591384,-1.430541249615619,0.6904618077371967,0.38389204696382084,0.685395631300342,0.7227533808615598,0.5119316435251055
1452,-0.8395231998015908,0.06508561858584352,0.14431693449478036,0.410284830166764,-0.5231053253391809,0.2429283581329067,0.044732508101790365,-0.9014102050901031,-0.8269906619812155,-0.9051165407105121
1453,-0.438685111078641,0.06508561858584352,0.14431693449478036,-1.2448467036897353,0.4541333623431382,0.6904618077371967,0.08293045741911491,-0.3219586356216819,-0.35418739467325,-0.28161533964684043
1454,2.5570521835876163,-0.751550405261657,-0.38112724010180754,0.8240677136308887,-2.8963992811391,2.4805956061543566,0.9743399033097806,2.22762827003937,2.202452495214267,1.7164226001253804
1455,0.700538930555006,-1.5681864291091574,-0.38112724010180754,0.410284830166764,-0.03448598149801883,-0.6521385410756733,0.2988365297774,0.8191152242545933,0.871598853902957,0.8378527258992975
1456,0.8271193796254115,0.06508561858584352,0.6697611090913683,-1.2448467036897353,0.3145278355313812,0.2429283581329067,0.2537852627105137,0.8904323404968605,0.9066213181479907,0.937046098795791
1457,0.6794421890432724,0.06508561858584352,0.14431693449478036,1.6516334805591384,0.4541333623431382,0.6904618077371967,0.5424746320990278,0.8280298637848764,0.7402646129840774,0.8378527258992975
1458,-1.0293938734071988,0.8817216424333439,-1.4320155892949833,0.410284830166764,0.7333444159666572,-0.2046050914713833,0.04632630292726983,-1.2134225886500216,-1.2297490007991119,-1.146014732030567
1459,-0.6074590431725145,-1.5681864291091574,1.1952052836879563,1.6516334805591384,1.1521609964019384,-0.2046050914713833,0.10067470647611965,-0.5715685424696173,-0.5905890283272331,-0.451661121755114
1460,0.5739584814846012,0.8817216424333439,-0.38112724010180754,0.410284830166764,1.2917665232137003,0.6904618077371967,0.3027147638527334,0.6497370731792083,0.6001747560039394,0.7811707985298727
1461,2.6203424081228195,0.06508561858584352,0.6697611090913683,0.410284830166764,0.5239361257490193,0.2429283581329067,0.9046379429421453,2.218713630509087,2.062362638234129,2.212389464607846
1462,-0.5441688186373119,0.06508561858584352,-0.9065714146983955,-1.2448467036897353,-1.081527432586219,2.033062156550067,0.09137756999415608,-0.3754464728033827,-0.424232323163319,-0.5083430491245388
1463,0.8693128626488799,0.06508561858584352,-0.38112724010180754,-1.2448467036897353,-1.081527432586219,0.2429283581329067,0.3527599213727886,1.0687251311025279,1.0029330948218358,0.8803641714263664
1464,-1.1137808394541355,0.8817216424333439,0.6697611090913683,0.8240677136308887,0.5239361257490193,-1.5472054402842532,0.022950645486904318,-1.400630018785973,-1.3523276256567323,-1.316060514138841
1465,0.5106682569493985,0.8817216424333439,1.1952052836879563,1.6516334805591384,-0.03448598149801883,-0.6521385410756733,0.5028422674387717,0.685395631300342,0.7052421487390429,0.681977425633379
1466,0.4473780324141958,0.8817216424333439,-1.4320155892949833,-1.2448467036897353,0.5937388891549003,-0.2046050914713833,0.2974552409286511,0.6229931545883579,0.5651522917589049,0.6678069437910232
1467,-1.0715873564306673,0.8817216424333439,-1.4320155892949833,1.6516334805591384,0.1051195453137382,-0.6521385410756733,0.04329809275885884,-1.347142181604273,-1.3085495453504394,-1.3018900322964846
1468,-1.050490614918933,0.8817216424333439,1.1952052836879563,-0.8310638202256104,0.24472507212550018,0.2429283581329067,0.02241938054507783,-1.3025689839528563,-1.256015848982888,-1.24520810492706
1469,0.8482161211371456,0.06508561858584352,-0.38112724010180754,0.410284830166764,0.7333444159666572,0.6904618077371967,0.34532221218721776,0.9082616195574269,0.845332005719181,0.9653870624805029
1470,-0.14333072991436205,-1.5681864291091574,-0.38112724010180754,0.8240677136308887,-2.128568883674419,1.5855287069457766,0.12994740477075917,0.15051725948333838,0.1886608011247845,-0.0832285938538538
1471,1.9241499382355902,-1.5681864291091574,0.14431693449478036,0.410284830166764,-2.268174410486181,1.5855287069457766,0.9059129788025289,1.9156158864794508,1.7996941563963704,1.4755244088053256
1472,-1.0293938734071988,-1.5681864291091574,-1.4320155892949833,-1.2448467036897353,1.1521609964019384,-1.0996719906799632,0.03708229293948892,-1.2312518677105888,-1.2385046168603704,-1.1176737683458546
1473,0.21531387578511957,-1.5681864291091574,0.14431693449478036,-0.8310638202256104,-0.10428874490389983,-0.6521385410756733,0.19130850555171863,0.4357857244524066,0.48635174720757746,0.44107923431332485
1474,-0.20662095444956474,-1.5681864291091574,0.6697611090913683,-1.2448467036897353,0.3145278355313812,0.2429283581329067,0.11347819157413802,-0.09017800783431376,-0.06525206465171549,-0.040717148326785545
1475,-1.1137808394541355,0.8817216424333439,-0.9065714146983955,1.2378505970950135,0.1051195453137382,-0.2046050914713833,0.04244806885193646,-1.3828007397254065,-1.3873500899017668,-1.3585719596659094
1476,-0.20662095444956474,-1.5681864291091574,0.14431693449478036,0.410284830166764,0.4541333623431382,-0.6521385410756733,0.1313818201136907,-0.09017800783431376,-0.06525206465171549,-0.026546666484429042
1477,-0.7973297167781225,0.8817216424333439,1.1952052836879563,0.410284830166764,0.4541333623431382,-1.5472054402842532,0.05774849917653934,-0.8033491702569854,-0.8357462780424739,-0.7634117222869502
1478,0.4473780324141958,-0.751550405261657,-1.4320155892949833,-0.8310638202256104,1.0823582329960573,0.2429283581329067,0.22143122775328056,0.5071028406946738,0.547641059636388,0.6678069437910232
1479,-0.6285557846842488,0.06508561858584352,1.1952052836879563,0.8240677136308887,-1.0117246691803428,1.1379952573414867,0.08654305902353504,-0.562653902939334,-0.5730777962047154,-0.6642183493904572
1480,0.8482161211371456,0.06508561858584352,1.1952052836879563,-1.2448467036897353,0.3145278355313812,0.2429283581329067,0.2738139510173724,0.9528348172088437,0.845332005719181,0.937046098795791
1481,-0.6285557846842488,0.8817216424333439,-1.4320155892949833,-1.2448467036897353,-1.8493578300509,1.5855287069457766,0.07071136375710567,-0.5091660657576332,-0.4767660195308704,-0.678388831232813
1482,0.8482161211371456,0.8817216424333439,0.6697611090913683,-1.2448467036897353,0.5239361257490193,-0.2046050914713833,0.2713170057907879,0.9260908986179933,0.8540876217804394,0.951216580638147
1483,1.5022151080009063,0.06508561858584352,1.1952052836879563,0.8240677136308887,-0.4533025619332999,0.2429283581329067,0.7062104871699516,1.4698839099652807,1.4232026657622499,1.362160554066476
1484,0.4473780324141958,-0.751550405261657,-0.38112724010180754,-1.2448467036897353,1.1521609964019384,0.2429283581329067,0.21866865005578282,0.5695053174066579,0.5914191399426809,0.7244888711604479
1485,-0.6285557846842488,0.06508561858584352,-1.4320155892949833,0.8240677136308887,0.7333444159666572,0.6904618077371967,0.09429952717420177,-0.5715685424696173,-0.6431227246947845,-0.5225135309668953
1486,-1.050490614918933,0.8817216424333439,0.14431693449478036,0.410284830166764,0.38433059893725724,-1.0996719906799632,0.030441481166657812,-1.2758250653620058,-1.2209933847378536,-1.2026966593999917
1487,0.9326030871840826,0.8817216424333439,1.7206494582845442,-0.8310638202256104,-1.1513301959920998,-0.2046050914713833,0.25410402167560964,1.1489568868750781,1.0904892554344225,0.951216580638147
1488,-0.9028134243367935,0.8817216424333439,-1.4320155892949833,0.410284830166764,-1.1513301959920998,0.6904618077371967,0.040801147532274346,-0.9727273213323704,-0.9233024386550606,-1.0468213591340738
1489,1.6287955570713115,0.8817216424333439,1.7206494582845442,1.6516334805591384,-0.24389427171566183,-0.2046050914713833,0.4965202146310365,1.532286386677265,1.5457812906198702,1.4896948906476815
1490,-1.0082971318954645,-0.751550405261657,-0.38112724010180754,0.410284830166764,0.9427527061843003,-1.0996719906799632,0.026828879562237687,-1.2490811467711553,-1.2034821526153359,-1.1318442501882104
1491,0.257507358808588,0.06508561858584352,0.14431693449478036,-0.8310638202256104,-1.7097523032391428,1.5855287069457766,0.2052807735217553,0.5605906778763746,0.48635174720757746,0.29937441588976293
1492,-0.5441688186373119,0.8817216424333439,-0.9065714146983955,0.410284830166764,0.035316781907857205,-0.2046050914713833,0.1005153269935717,-0.4556782285759332,-0.4154767071020606,-0.4233201580704017
1493,-0.6285557846842488,0.8817216424333439,0.6697611090913683,0.410284830166764,0.5239361257490193,-1.0996719906799632,0.06608935876321521,-0.6072271005907509,-0.564322180143457,-0.5225135309668953
1494,0.6583454475315381,0.8817216424333439,-0.38112724010180754,-0.8310638202256104,-0.31369703512154284,-1.0996719906799632,0.24767571587950912,0.8904323404968605,0.8015539254128881,0.7953412803722286
1495,1.9241499382355902,0.8817216424333439,-1.4320155892949833,-0.8310638202256104,0.1051195453137382,-0.2046050914713833,0.6277426552621792,1.7462377354040666,1.67711553153875,1.7164226001253804
1496,1.5444085910243748,-0.751550405261657,-0.38112724010180754,-0.4172809367614856,0.9427527061843003,-0.2046050914713833,0.7038197949317324,1.3539935960715968,1.4056914336397324,1.5038653724900373
1497,0.23641061729685378,-1.5681864291091574,0.14431693449478036,-0.8310638202256104,0.4541333623431382,0.2429283581329067,0.19438984221431227,0.3912125268009897,0.4163068187175084,0.4552497161556807
1498,-0.8606199413133251,0.8817216424333439,-0.9065714146983955,0.8240677136308887,0.1749223087196192,-0.2046050914713833,0.062157998193699195,-0.9103248446203863,-0.932058054716319,-0.8909460588681556
1499,-0.9872003903837303,0.8817216424333439,-1.4320155892949833,0.8240677136308887,-0.8023163789626999,-0.2046050914713833,0.04149179195664878,-1.0975322747563376,-1.045881063512681,-1.1318442501882104
1500,0.4262812909024616,0.06508561858584352,0.14431693449478036,-1.2448467036897353,0.6635416525607812,0.6904618077371967,0.27609839026722627,0.5605906778763746,0.5826635238814225,0.6536364619486673
1501,-0.6074590431725145,-0.751550405261657,0.14431693449478036,-1.2448467036897353,1.4313720500254572,-0.6521385410756733,0.06481432290283164,-0.6161417401210341,-0.5730777962047154,-0.43749063991275816
1502,0.21531387578511957,0.8817216424333439,0.6697611090913683,0.8240677136308887,0.8031471793725382,0.2429283581329067,0.20544015300430324,0.3555539686798561,0.39003997053373235,0.4694201979980372
1503,2.7680195987049587,0.06508561858584352,1.7206494582845442,-0.8310638202256104,-0.5231053253391809,0.2429283581329067,0.6669500079689741,2.2811161072210693,2.158674414907973,2.113196091711354
1504,-0.8817166828250593,0.8817216424333439,0.14431693449478036,1.2378505970950135,0.3145278355313812,-0.2046050914713833,0.06678000318758966,-0.9370687632112367,-0.9583249029000951,-0.9051165407105121
1505,3.0844707213809714,0.06508561858584352,-0.38112724010180754,-1.2448467036897353,-1.0117246691803428,0.2429283581329067,0.9789087818094884,2.5218113745387223,2.4300985128069907,2.283241873819628
1506,-0.6285557846842488,-1.5681864291091574,1.1952052836879563,1.6516334805591384,-0.7325136155568189,-0.2046050914713833,0.09764649630770865,-0.562653902939334,-0.5205440998371641,-0.6075364220210324
1507,0.5528617399728669,0.06508561858584352,1.1952052836879563,-1.2448467036897353,-0.17409150830978082,0.6904618077371967,0.27163576475588375,0.7477981080123259,0.6964865326777845,0.6961479074757362
1508,2.5359554420758825,-1.5681864291091574,-1.4320155892949833,-0.8310638202256104,-0.8721191423685809,1.1379952573414867,0.8534240025500717,2.0493354794337013,2.05360702217287,1.8864683822336548
1509,-0.8817166828250593,0.8817216424333439,-1.4320155892949833,-1.2448467036897353,0.38433059893725724,-1.9947388898885432,0.03506348616054827,-0.9638126818020863,-0.9145468225938014,-0.8909460588681556
1510,-1.0082971318954645,0.8817216424333439,1.1952052836879563,0.410284830166764,-0.10428874490389983,-1.5472054402842532,0.029750836742283376,-1.1866786700591714,-1.142192840186526,-1.1601852138729227
1511,1.481118366489172,0.8817216424333439,1.1952052836879563,0.8240677136308887,-0.8023163789626999,-0.2046050914713833,0.6924507251766456,1.5501156657378312,1.4232026657622499,1.3479900722241203
1512,0.257507358808588,-1.5681864291091574,-0.9065714146983955,-0.8310638202256104,0.5239361257490193,0.6904618077371967,0.19194602348191042,0.4179564453918402,0.44257366690128447,0.4977611616827496
1513,-1.0293938734071988,0.8817216424333439,1.1952052836879563,1.6516334805591384,0.6635416525607812,-0.2046050914713833,0.03756043138713276,-1.2669104258317225,-1.2209933847378536,-1.1743556957152792
1514,1.6076988155595773,0.8817216424333439,1.1952052836879563,0.410284830166764,-0.31369703512154284,-0.6521385410756733,0.7563618976783723,1.5590303052681154,1.5457812906198702,1.4896948906476815
1515,-1.0082971318954645,0.8817216424333439,-0.38112724010180754,0.410284830166764,0.5239361257490193,-1.0996719906799632,0.026828879562237687,-1.2045079491197386,-1.1509484562477845,-1.1176737683458546
1516,-0.6285557846842488,-0.751550405261657,-0.9065714146983955,-1.2448467036897353,1.6407803402430954,-0.6521385410756733,0.06561122031557137,-0.6250563796513173,-0.6606339568173013,-0.46583160359747056
1517,-0.6285557846842488,0.06508561858584352,-1.4320155892949833,0.410284830166764,-0.24389427171566183,0.2429283581329067,0.08627742655262179,-0.5893978215301837,-0.5380553319596809,-0.57919545833632
1518,-0.20662095444956474,1.6983576662808442,0.14431693449478036,0.8240677136308887,-4.083046259039062,2.033062156550067,0.1274504595441747,0.186175817604472,0.08359340838968098,-0.35246774885862103
1519,-0.5863623016607803,-1.5681864291091574,1.1952052836879563,0.8240677136308887,1.0823582329960573,-1.0996719906799632,0.09642458694150773,-0.5448246238787668,-0.564322180143457,-0.43749063991275816
1520,-1.050490614918933,0.8817216424333439,0.14431693449478036,-1.2448467036897353,0.38433059893725724,-0.6521385410756733,0.024491313818201136,-1.3025689839528563,-1.256015848982888,-1.231037623084704
1521,-0.9661036488719961,0.06508561858584352,1.1952052836879563,1.6516334805591384,-0.10428874490389983,0.2429283581329067,0.04117303299155289,-1.1510201119380377,-1.0896591438189738,-1.1176737683458546
1522,-0.8606199413133251,0.8817216424333439,1.1952052836879563,-1.2448467036897353,-0.7325136155568189,-0.2046050914713833,0.03532911863146151,-0.9281541236809527,-0.818235045919957,-0.9334575043952245
1523,0.15202365124991687,0.8817216424333439,1.1952052836879563,0.410284830166764,0.035316781907857205,-0.6521385410756733,0.2602666950007969,0.3377246896192897,0.3462618902274394,0.3418858614168312
1524,-0.8184264582898567,-0.751550405261657,-0.38112724010180754,1.2378505970950135,0.5937388891549003,2.033062156550067,0.04738883281092281,-0.9192394841506695,-0.8532575101649915,-0.8200936496563749
1525,-0.9872003903837303,0.8817216424333439,-0.9065714146983955,-0.8310638202256104,0.8031471793725382,-0.6521385410756733,0.03352281782925145,-1.1599347514683216,-1.1597040723090428,-1.0751623228187863
1526,2.831309823240162,0.06508561858584352,0.14431693449478036,-0.8310638202256104,-2.477582700703819,1.5855287069457766,0.9425702597885566,2.4683235373570214,2.3775648164394387,1.9714912732877912
1527,-0.20662095444956474,-1.5681864291091574,0.14431693449478036,-1.2448467036897353,-1.360738486209743,1.1379952573414867,0.11666578122509695,0.0167976665290871,0.08359340838968098,-0.11156955753856616
1528,1.903053196723856,0.06508561858584352,0.6697611090913683,0.410284830166764,-0.7325136155568189,0.6904618077371967,0.6119640864899325,1.6927498982223659,1.7208936118450429,1.5747177817018192
1529,1.1435705023014249,0.06508561858584352,1.1952052836879563,0.410284830166764,-0.5231053253391809,1.1379952573414867,0.4133241247410083,1.2470179217081958,1.16928979998575,1.1212623627464213
1530,1.291247692883564,0.06508561858584352,-0.9065714146983955,-0.8310638202256104,-0.4533025619332999,-0.6521385410756733,0.37124794134835043,1.3005057588898967,1.239334728475819,1.192114771958202
1531,0.06763668520297998,-1.5681864291091574,1.7206494582845442,0.410284830166764,-0.8721191423685809,-1.0996719906799632,0.1298411517823939,0.3109807710284393,0.32875065810492254,0.21435152483562583
1532,-1.050490614918933,-1.5681864291091574,1.1952052836879563,0.8240677136308887,-0.6627108521509428,1.5855287069457766,0.03001646921319662,-1.2669104258317225,-1.2209933847378536,-1.2877195504541288
1533,1.8186662306769192,0.8817216424333439,0.6697611090913683,0.8240677136308887,-0.5231053253391809,-1.0996719906799632,0.5679753493066992,1.7284084563434994,1.6683599154774906,1.603058745386531
1534,-1.0293938734071988,0.8817216424333439,0.14431693449478036,-0.4172809367614856,0.24472507212550018,-1.0996719906799632,0.048557615682941084,-1.2579957863014386,-1.185970920492819,-1.1885261775576352
1535,0.46847477392593007,0.06508561858584352,-0.38112724010180754,-0.8310638202256104,0.5937388891549003,0.2429283581329067,0.2549009190883494,0.6319077941186418,0.5826635238814225,0.681977425633379
1536,0.7638291550902088,0.8817216424333439,-0.9065714146983955,0.410284830166764,0.24472507212550018,-0.2046050914713833,0.43484035488498113,0.8904323404968605,0.845332005719181,0.8945346532687222
1537,0.46847477392593007,-0.751550405261657,1.1952052836879563,0.410284830166764,1.4313720500254572,0.6904618077371967,0.3230090846305052,0.5427613988158074,0.4688405150850598,0.681977425633379
1538,1.0802802777662222,0.8817216424333439,0.14431693449478036,0.8240677136308887,0.1051195453137382,-1.5472054402842532,0.5821069967592839,1.1578715264053623,1.1605341839244907,1.149603326431133
1539,2.599245666611085,-1.5681864291091574,1.1952052836879563,-1.2448467036897353,-0.31369703512154284,0.6904618077371967,0.9699304042926208,2.093908677085119,2.0798738703566455,2.01400271881486
1540,0.784925896601943,0.06508561858584352,0.14431693449478036,-0.8310638202256104,0.5239361257490193,-0.2046050914713833,0.2262657387239016,0.9528348172088437,0.8540876217804394,0.9653870624805029
1541,2.493761959052414,-1.5681864291091574,0.6697611090913683,0.410284830166764,0.6635416525607812,1.1379952573414867,0.8013069117568932,1.933445165540018,1.9485396294377668,2.042343682499573
1542,-0.8395231998015908,0.06508561858584352,-0.9065714146983955,-1.2448467036897353,-0.10428874490389983,0.2429283581329067,0.0525952292408224,-0.8924955655598191,-0.9145468225938014,-0.9051165407105121
1543,-1.155974322477604,-1.5681864291091574,-1.4320155892949833,1.6516334805591384,0.3145278355313812,-0.2046050914713833,0.02911331881209159,-1.5254349722099412,-1.4136169380855428,-1.4294243688776906
1544,-0.8184264582898567,0.06508561858584352,1.1952052836879563,0.410284830166764,0.4541333623431382,0.2429283581329067,0.04393561068905063,-0.9014102050901031,-0.8532575101649915,-0.8200936496563749
1545,0.21531387578511957,0.8817216424333439,-0.38112724010180754,0.8240677136308887,-0.10428874490389983,-0.6521385410756733,0.2439568612867237,0.3912125268009897,0.3462618902274394,0.3560563432591877
1546,0.9115063456723483,-1.5681864291091574,1.1952052836879563,-1.2448467036897353,0.9427527061843003,-0.6521385410756733,0.35408808372735484,0.9617494567391269,0.9153769342092499,1.0645804353769965
1547,0.4262812909024616,1.6983576662808442,-1.4320155892949833,-0.8310638202256104,1.9897941572724953,1.1379952573414867,0.21659671678265952,0.4447003639826906,0.39003997053373235,0.6678069437910232
1548,-1.050490614918933,0.06508561858584352,-0.38112724010180754,1.2378505970950135,-0.7325136155568189,0.2429283581329067,0.04228868936938852,-1.2045079491197386,-1.212237768676595,-1.2593785867694165
1549,-1.0293938734071988,0.8817216424333439,0.6697611090913683,0.8240677136308887,0.035316781907857205,-0.6521385410756733,0.026935132550602987,-1.2045079491197386,-1.1772153044315605,-1.1743556957152792
1550,0.5106682569493985,-1.5681864291091574,-1.4320155892949833,-1.2448467036897353,-0.6627108521509428,1.1379952573414867,0.2779046910694363,0.6764809917700587,0.7227533808615598,0.6111250164215991
1551,-0.8395231998015908,0.8817216424333439,-1.4320155892949833,1.6516334805591384,-0.17409150830978082,-0.6521385410756733,0.06152048026350741,-0.8835809260295359,-0.8269906619812155,-0.8626050951834432
1552,-0.6285557846842488,-1.5681864291091574,0.14431693449478036,1.6516334805591384,0.6635416525607812,-0.6521385410756733,0.10317165170270413,-0.5804831819999005,-0.6168558765110084,-0.5225135309668953
1553,0.27860410032032223,0.8817216424333439,0.6697611090913683,-1.2448467036897353,0.1051195453137382,-0.2046050914713833,0.1784518939595176,0.4447003639826906,0.4163068187175084,0.44107923431332485
1554,-0.5441688186373119,0.8817216424333439,0.6697611090913683,-1.2448467036897353,-0.03448598149801883,-0.6521385410756733,0.05918291451947086,-0.4289343099850828,-0.38920985891828447,-0.40914967622804577
1555,0.6583454475315381,0.8817216424333439,0.6697611090913683,-0.8310638202256104,-0.10428874490389983,-1.5472054402842532,0.23524411624076927,0.8280298637848764,0.8628432378416978,0.8236822440569416
1556,-0.6285557846842488,0.8817216424333439,-0.9065714146983955,-1.2448467036897353,-0.03448598149801883,-0.6521385410756733,0.08622430005843915,-0.5091660657576332,-0.5468109480209394,-0.5225135309668953
1557,-0.1855242129378305,0.06508561858584352,1.1952052836879563,-0.8310638202256104,0.1749223087196192,0.6904618077371967,0.09244009987780906,-0.03669017065261294,-0.07400768071297392,-0.026546666484429042
1558,0.48957151543766425,0.8817216424333439,0.14431693449478036,-1.2448467036897353,0.5937388891549003,-0.2046050914713833,0.2850767677840939,0.6140785150580746,0.6351972202489738,0.6961479074757362
1559,0.8482161211371456,-1.5681864291091574,0.14431693449478036,0.410284830166764,0.5937388891549003,-0.6521385410756733,0.4427562025181958,0.8904323404968605,0.9153769342092499,0.97955754432286
1560,-0.9028134243367935,0.06508561858584352,1.1952052836879563,0.410284830166764,-0.38349979852741883,-0.2046050914713833,0.04425436965414652,-0.9816419608626535,-1.002102983206388,-1.0184803954493615
1561,-1.0082971318954645,0.8817216424333439,-1.4320155892949833,0.410284830166764,-0.03448598149801883,-1.0996719906799632,0.047813844764384,-1.1688493909986049,-1.2034821526153359,-1.1743556957152792
1562,-1.0082971318954645,0.8817216424333439,-0.9065714146983955,1.2378505970950135,-0.31369703512154284,-0.2046050914713833,0.06056420336821973,-1.1688493909986049,-1.1772153044315605,-1.1885261775576352
1563,-0.4808785941021094,0.8817216424333439,0.14431693449478036,0.410284830166764,-0.10428874490389983,-1.0996719906799632,0.09228072039526111,-0.3397879146822491,-0.3191649304282155,-0.33829726701626517
1564,0.21531387578511957,-1.5681864291091574,-0.9065714146983955,-1.2448467036897353,0.7333444159666572,0.6904618077371967,0.21611857833501566,0.2931514919678721,0.3199950420436633,0.398567788786256
1565,0.4473780324141958,0.06508561858584352,-1.4320155892949833,-0.8310638202256104,-1.8493578300509,1.1379952573414867,0.2343940923338469,0.7477981080123259,0.7139977648003013,0.4835906798403931
1566,-1.0293938734071988,-1.5681864291091574,-0.9065714146983955,-1.2448467036897353,-1.221132959397981,1.5855287069457766,0.030335228178292515,-1.1777640305288881,-1.142192840186526,-1.2593785867694165
1567,1.481118366489172,0.06508561858584352,0.14431693449478036,0.410284830166764,-0.4533025619332999,0.2429283581329067,0.7475428996440525,1.425310712313864,1.4232026657622499,1.3479900722241203
1568,0.5106682569493985,0.8817216424333439,-0.38112724010180754,0.410284830166764,-0.7325136155568189,-0.6521385410756733,0.30839929873027677,0.738883468482042,0.7665314611678535,0.6536364619486673
1569,-0.20662095444956474,-1.5681864291091574,-1.4320155892949833,-1.2448467036897353,1.0823582329960573,0.2429283581329067,0.10232162779578176,-0.09017800783431376,-0.14405260920304294,0.015964779042639207
1570,0.4262812909024616,-1.5681864291091574,0.14431693449478036,-0.8310638202256104,0.1051195453137382,0.6904618077371967,0.20751208627742657,0.5873345964672243,0.617685988126457,0.6111250164215991
1571,-0.6918460092194515,0.8817216424333439,1.1952052836879563,-0.8310638202256104,0.4541333623431382,-1.0996719906799632,0.04165117143919673,-0.6874588563633014,-0.6343671086335261,-0.6075364220210324
1572,-1.0293938734071988,-0.751550405261657,1.1952052836879563,-0.8310638202256104,1.0125554695901813,-1.0996719906799632,0.021675609626520747,-1.2669104258317225,-1.2297490007991119,-1.146014732030567
1573,-1.050490614918933,0.06508561858584352,-0.9065714146983955,0.410284830166764,0.1749223087196192,2.033062156550067,0.0452106465494342,-1.3025689839528563,-1.3085495453504394,-1.2735490686117723
1574,1.5022151080009063,-1.5681864291091574,0.6697611090913683,-0.8310638202256104,0.5239361257490193,0.6904618077371967,0.39313605695160175,1.3718228751321633,1.3881802015172156,1.4471834451206125
1575,-1.050490614918933,0.06508561858584352,1.1952052836879563,0.8240677136308887,0.035316781907857205,0.6904618077371967,0.03214152898050258,-1.240166507240872,-1.1947265365540773,-1.2026966593999917
1576,2.0085369042825274,0.06508561858584352,-1.4320155892949833,-1.2448467036897353,-1.0117246691803428,1.5855287069457766,0.8178292514476969,1.8621280492977508,1.7559160760900774,1.631399709071244
1577,-0.7973297167781225,-1.5681864291091574,0.14431693449478036,0.8240677136308887,-0.5929080887450618,0.2429283581329067,0.04834510970621049,-0.7944345307267022,-0.7481901174298881,-0.8200936496563749
1578,-0.8606199413133251,0.8817216424333439,-1.4320155892949833,1.2378505970950135,-0.9419219057744619,-0.6521385410756733,0.06263613664134304,-0.8657516469689694,-0.8357462780424739,-0.9334575043952245
1579,-0.9661036488719961,0.8817216424333439,-1.4320155892949833,1.2378505970950135,0.38433059893725724,-0.6521385410756733,0.053870265101205975,-1.1421054724077544,-1.0984147598802323,-1.0751623228187863
1580,0.15202365124991687,0.8817216424333439,-0.38112724010180754,0.410284830166764,-0.03448598149801883,-0.2046050914713833,0.16564840886149923,0.3644686082101393,0.3112394259824049,0.32771537957447533
1581,-0.5652655601490462,0.8817216424333439,0.6697611090913683,-1.2448467036897353,-0.10428874490389983,-0.3836184713130987,0.059873558943845294,-0.48242214716678283,-0.4592547874083535,-0.46583160359747056
1582,-1.0082971318954645,0.8817216424333439,-1.4320155892949833,0.410284830166764,-0.24389427171566183,-0.6521385410756733,0.047813844764384,-1.1599347514683216,-1.1684596883703013,-1.1743556957152792
1583,0.7638291550902088,0.06508561858584352,0.14431693449478036,-0.8310638202256104,0.24472507212550018,0.6904618077371967,0.26945757849439517,0.8726030614362933,0.8978657020867323,0.9087051351110781
1584,0.8904096041606141,0.06508561858584352,-1.4320155892949833,1.2378505970950135,-0.4533025619332999,1.1379952573414867,0.7344206555809382,1.0152372939208278,0.9766662466380598,0.9228756169534352
1585,0.46847477392593007,0.8817216424333439,-0.9065714146983955,-0.8310638202256104,-1.988963356862662,1.5855287069457766,0.26409180258194764,0.738883468482042,0.7752870772291119,0.4835906798403931
1586,-0.9450069073602619,0.8817216424333439,-0.38112724010180754,1.2378505970950135,-0.17409150830978082,-0.2046050914713833,0.05440153004303246,-1.061873716635204,-1.0546366795739395,-1.0609918409764298
1587,1.5233118495126405,-1.5681864291091574,0.14431693449478036,-1.2448467036897353,-0.24389427171566183,0.6904618077371967,0.6256175954948733,1.478798549495564,1.510758826374836,1.4471834451206125
1588,0.9115063456723483,0.8817216424333439,1.1952052836879563,1.6516334805591384,0.3145278355313812,-0.6073851961152437,0.5270679487860596,0.9528348172088437,0.9941774787605774,1.0078985080075717
1589,-0.1855242129378305,0.06508561858584352,0.14431693449478036,0.8240677136308887,-2.1983716470803,2.033062156550067,0.16373585507092386,0.13268798042277116,0.07483779232842254,-0.1540810030656344
1590,-0.6074590431725145,-0.751550405261657,1.1952052836879563,-0.8310638202256104,1.2917665232137003,-1.5472054402842532,0.054667162513945704,-0.6072271005907509,-0.5730777962047154,-0.451661121755114
1591,-0.9239101658485277,-1.5681864291091574,0.6697611090913683,0.8240677136308887,-1.0117246691803428,1.1379952573414867,0.030175848695744568,-1.0262151585140704,-0.9583249029000951,-1.0751623228187863
1592,0.5317649984611327,0.8817216424333439,1.1952052836879563,1.6516334805591384,0.3145278355313812,-0.6521385410756733,0.4592785422089996,0.6764809917700587,0.6964865326777845,0.7244888711604479
1593,-0.6074590431725145,1.6983576662808442,1.1952052836879563,-1.2448467036897353,1.9199913938666193,-0.6521385410756733,0.061626733251872706,-0.5983124610604676,-0.6343671086335261,-0.40914967622804577
1594,-1.0293938734071988,0.8817216424333439,-1.4320155892949833,0.8240677136308887,-0.38349979852741883,-1.0996719906799632,0.05137331987462147,-1.1688493909986049,-1.1684596883703013,-1.1885261775576352
1595,0.8693128626488799,-1.5681864291091574,1.1952052836879563,-1.2448467036897353,1.1521609964019384,1.1379952573414867,0.2463475535249429,0.8458591428454428,0.7840426932903704,0.9653870624805029
1596,0.5739584814846012,0.8817216424333439,0.14431693449478036,-1.2448467036897353,0.6635416525607812,-0.6521385410756733,0.31780268820060564,0.6586517127094915,0.6964865326777845,0.7670003166875169
1597,-0.5652655601490462,0.8817216424333439,-1.4320155892949833,0.410284830166764,-0.5929080887450618,0.6904618077371967,0.08537427615151676,-0.5002514262273501,-0.4592547874083535,-0.5366840128092512
1598,0.5528617399728669,0.8817216424333439,0.14431693449478036,0.410284830166764,-0.38349979852741883,-0.2046050914713833,0.4033363438346704,0.7567127475426092,0.7139977648003013,0.681977425633379
1599,-0.3964916280551725,-1.5681864291091574,0.6697611090913683,-1.2448467036897353,1.1521609964019384,-1.0996719906799632,0.07203952611167189,-0.3041293565611155,-0.2666312340606641,-0.1540810030656344
1600,1.586602074047843,0.06508561858584352,1.7206494582845442,0.8240677136308887,0.5937388891549003,0.6904618077371967,0.4565159645115019,1.4431399913744305,1.4582251300072844,1.5322063361747504
1601,-0.8184264582898567,0.06508561858584352,-1.4320155892949833,0.8240677136308887,0.035316781907857205,0.2429283581329067,0.05732348722307815,-0.8924955655598191,-0.8620131262262499,-0.8626050951834432
1602,-0.6285557846842488,0.06508561858584352,-0.38112724010180754,0.8240677136308887,0.6635416525607812,0.6904618077371967,0.06656749721085906,-0.6250563796513173,-0.6606339568173013,-0.5650249764939635
1603,-0.9239101658485277,0.06508561858584352,-0.9065714146983955,-1.2448467036897353,-0.17409150830978082,0.6904618077371967,0.035222865643096214,-1.079702995695771,-1.0371254474514224,-1.0609918409764298
1604,0.5317649984611327,-1.5681864291091574,-1.4320155892949833,-0.8310638202256104,1.0125554695901813,0.6904618077371967,0.2274345215959199,0.6229931545883579,0.547641059636388,0.7103183893180921
1605,0.27860410032032223,-1.5681864291091574,0.14431693449478036,-0.0034980532973608127,-0.31369703512154284,0.6904618077371967,0.12612229718960846,0.4357857244524066,0.4688405150850598,0.41273827062861246
1606,-0.8817166828250593,0.06508561858584352,-0.38112724010180754,0.8240677136308887,-0.10428874490389983,0.2429283581329067,0.040694894543909045,-0.9638126818020863,-0.9057912065325429,-0.9334575043952245
1607,0.4473780324141958,-1.5681864291091574,-0.38112724010180754,0.410284830166764,-0.10428874490389983,-0.2046050914713833,0.28651118312702545,0.6051638755277915,0.617685988126457,0.5969545345792426
1608,1.5655053325361088,-1.5681864291091574,1.1952052836879563,1.6516334805591384,-0.4533025619332999,-1.0996719906799632,0.8088508739308293,1.5768595843286817,1.5720481388036465,1.4896948906476815
1609,-0.1644274714260963,0.8817216424333439,-1.4320155892949833,0.8240677136308887,0.24472507212550018,-1.5472054402842532,0.1960367635339744,0.007883026998803893,0.022304095960870397,0.044305742727351584
1610,-1.0082971318954645,0.8817216424333439,0.14431693449478036,0.8240677136308887,0.1051195453137382,-0.2046050914713833,0.0380385698347766,-1.2045079491197386,-1.1597040723090428,-1.1601852138729227
1611,0.4262812909024616,-0.751550405261657,0.14431693449478036,-1.2448467036897353,1.4313720500254572,0.2429283581329067,0.2436381023216278,0.4892735616341074,0.4250624347787669,0.6394659801063115
1612,0.23641061729685378,-0.751550405261657,-0.38112724010180754,-1.2448467036897353,1.3615692866195812,1.1379952573414867,0.17154544971577326,0.3822978872707065,0.3112394259824049,0.5119316435251055
1613,0.23641061729685378,-0.751550405261657,0.6697611090913683,-1.2448467036897353,1.5709775768372194,0.2429283581329067,0.12474100834085959,0.24857829431645526,0.223683265369819,0.4269087524709683
1614,0.4262812909024616,0.06508561858584352,-0.38112724010180754,-1.2448467036897353,0.6635416525607812,1.1379952573414867,0.23742230250225788,0.5071028406946738,0.44257366690128447,0.5544430890521743
1615,-1.050490614918933,-1.5681864291091574,1.7206494582845442,0.410284830166764,1.1521609964019384,-0.2046050914713833,0.025128831748392925,-1.3114836234831393,-1.326060777472957,-1.2026966593999917
1616,0.17312039276165112,-1.5681864291091574,0.14431693449478036,1.6516334805591384,0.1749223087196192,0.6904618077371967,0.2683950486107422,0.3198954105587225,0.3462618902274394,0.3560563432591877
1617,-0.9028134243367935,0.06508561858584352,-0.38112724010180754,1.6516334805591384,-0.31369703512154284,0.2429283581329067,0.03963236466025607,-1.0083858794535039,-0.9670805189613535,-1.004309913607005
1618,-1.050490614918933,0.8817216424333439,-1.4320155892949833,1.6516334805591384,-0.24389427171566183,-1.0996719906799632,0.05594219837432928,-1.240166507240872,-1.2034821526153359,-1.231037623084704
1619,-0.5652655601490462,0.8817216424333439,-0.38112724010180754,-1.2448467036897353,-0.4533025619332999,-1.0996719906799632,0.06614248525739787,-0.437848949515366,-0.39796547497954293,-0.46583160359747056
1620,0.4473780324141958,1.6983576662808442,-1.4320155892949833,-1.2448467036897353,2.1293996840842575,0.2429283581329067,0.238006693938267,0.5427613988158074,0.48635174720757746,0.7811707985298727
1621,-1.0082971318954645,0.06508561858584352,-0.38112724010180754,0.410284830166764,-0.03448598149801883,0.6904618077371967,0.026828879562237687,-1.2312518677105888,-1.1684596883703013,-1.1885261775576352
1622,-0.9450069073602619,-1.5681864291091574,1.1952052836879563,-0.4172809367614856,0.3145278355313812,0.2429283581329067,0.05546405992668544,-1.1421054724077544,-1.0633922956351987,-1.0609918409764298
1623,-0.6074590431725145,-1.5681864291091574,1.1952052836879563,-1.2448467036897353,-1.430541249615619,0.2429283581329067,0.06699250916432024,-0.4735075076364996,-0.4154767071020606,-0.5933659401786759
1624,-0.7762329752663882,0.8817216424333439,-0.9065714146983955,-1.2448467036897353,-0.17409150830978082,-0.6521385410756733,0.056526589810338417,-0.7676906121358518,-0.8007238137974394,-0.7917526859716626
1625,-0.8184264582898567,0.8817216424333439,-1.4320155892949833,0.410284830166764,0.1749223087196192,-0.6521385410756733,0.05307336768846624,-0.8390077283781191,-0.888279974410026,-0.8342641314987308
1626,-0.14333072991436205,0.8817216424333439,1.1952052836879563,1.2378505970950135,-0.03448598149801883,-0.2046050914713833,0.22217499867183765,0.03462694558965351,0.0573265602059049,0.044305742727351584
1627,-0.8184264582898567,0.06508561858584352,-1.4320155892949833,0.410284830166764,-0.31369703512154284,0.2429283581329067,0.04967327206077671,-0.8835809260295359,-0.8269906619812155,-0.8767755770257997
1628,-0.7973297167781225,0.06508561858584352,1.1952052836879563,-1.2448467036897353,-0.10428874490389983,1.5855287069457766,0.04685756786909632,-0.8122638097872686,-0.8269906619812155,-0.8200936496563749
1629,-0.9661036488719961,0.8817216424333439,-0.9065714146983955,0.8240677136308887,0.5937388891549003,-0.6521385410756733,0.05105456090952558,-1.079702995695771,-1.0896591438189738,-1.0184803954493615
1630,0.5528617399728669,0.8817216424333439,1.1952052836879563,0.410284830166764,0.1051195453137382,-1.5472054402842532,0.3660415449184508,0.7210541894214756,0.7402646129840774,0.7386593530028038
1631,-0.14333072991436205,0.8817216424333439,-0.9065714146983955,-0.8310638202256104,0.1051195453137382,-0.2046050914713833,0.1358444456250332,0.025712306059370308,0.06608217626716334,0.058476224569708087
1632,-0.8184264582898567,0.8817216424333439,1.1952052836879563,1.6516334805591384,0.035316781907857205,-0.6521385410756733,0.05349837964192743,-0.8835809260295359,-0.8357462780424739,-0.8484346133410873
1633,0.9115063456723483,0.8817216424333439,-0.38112724010180754,-0.0034980532973608127,0.035316781907857205,-0.6521385410756733,0.21771237316049513,1.0508958520419613,0.9766662466380598,1.0078985080075717
1634,-1.1348775809658698,0.8817216424333439,-0.38112724010180754,0.8240677136308887,0.1051195453137382,-1.0996719906799632,0.0238006693938267,-1.454117855967674,-1.4048613220242845,-1.4010834051929784
1635,-0.6285557846842488,0.06508561858584352,0.14431693449478036,-1.2448467036897353,0.4541333623431382,-0.2046050914713833,0.09764649630770865,-0.5359099843484837,-0.5555665640821986,-0.4941725672821829
1636,-0.5652655601490462,0.06508561858584352,1.1952052836879563,-1.2448467036897353,0.24472507212550018,2.033062156550067,0.06407055198427455,-0.5180807052879165,-0.5292997158984225,-0.4941725672821829
1637,-1.1981678055010725,-1.5681864291091574,-1.4320155892949833,1.2378505970950135,-1.2909357228038618,-1.0996719906799632,0.036232269032566544,-1.5521788908007907,-1.4048613220242845,-1.5711291873012518
1638,0.4262812909024616,0.06508561858584352,1.7206494582845442,-1.2448467036897353,0.1051195453137382,2.033062156550067,0.18743027147638527,0.5605906778763746,0.521374211452612,0.5544430890521743
1639,1.903053196723856,0.06508561858584352,0.6697611090913683,0.410284830166764,-0.03448598149801883,0.6904618077371967,0.5980449450140786,1.6927498982223659,1.7033823797225252,1.6739111545983116
1640,-1.1770710639893383,0.8817216424333439,1.7206494582845442,1.6516334805591384,0.7333444159666572,-0.2046050914713833,0.022950645486904318,-1.5789228093916412,-1.5712180271881981,-1.5002767780894712
1641,-0.7762329752663882,0.8817216424333439,-0.9065714146983955,0.8240677136308887,0.24472507212550018,-1.0996719906799632,0.06715188864686819,-0.776605251666135,-0.791968197736181,-0.7492412404445943
1642,-0.3121046620082356,0.06508561858584352,-1.4320155892949833,-0.8310638202256104,0.5937388891549003,0.6904618077371967,0.09706210487169951,-0.17040976360686422,-0.21409753769311196,-0.12574003938092204
1643,-0.1644274714260963,0.06508561858584352,-0.38112724010180754,-0.8310638202256104,0.035316781907857205,-0.6521385410756733,0.11390320352759921,0.05245622465022072,-0.003962752222904903,0.03013526088499571
1644,0.6372487060198039,-1.5681864291091574,1.1952052836879563,-1.2448467036897353,-1.639949539833262,0.2429283581329067,0.2654730914306965,0.8815177009665764,0.9241325502705084,0.6678069437910232
1645,-1.050490614918933,0.8817216424333439,0.14431693449478036,-0.4172809367614856,-1.360738486209743,0.2429283581329067,0.04637942942145248,-1.2134225886500216,-1.11592599200275,-1.2735490686117723
1646,0.5950552229963354,0.8817216424333439,0.14431693449478036,0.410284830166764,0.1051195453137382,-1.0996719906799632,0.37772937363863357,0.7567127475426092,0.7927983093516288,0.7811707985298727
1647,-0.8606199413133251,0.8817216424333439,0.14431693449478036,-0.8310638202256104,0.3145278355313812,-1.0996719906799632,0.031185252085214898,-0.9370687632112367,-0.8970355904712844,-0.8767755770257997
1648,1.481118366489172,0.06508561858584352,-1.4320155892949833,-0.8310638202256104,0.8729499427784192,0.6904618077371967,0.4819635552249907,1.3450789565413135,1.2656015766595943,1.4188424814359009
1649,0.4473780324141958,-0.751550405261657,1.1952052836879563,-1.2448467036897353,-2.337977173892062,1.5855287069457766,0.26834192211655955,0.6943102708306251,0.7665314611678535,0.41273827062861246
1650,0.48957151543766425,0.8817216424333439,0.14431693449478036,-0.0034980532973608127,-0.4533025619332999,-1.0996719906799632,0.18631461509854966,0.7210541894214756,0.6789753005552669,0.6394659801063115
1651,0.46847477392593007,0.8817216424333439,-0.9065714146983955,-1.2448467036897353,0.3145278355313812,-0.6521385410756733,0.33682197311799394,0.6229931545883579,0.6439528363102324,0.6536364619486673
1652,-0.8817166828250593,-1.5681864291091574,1.1952052836879563,0.8240677136308887,0.1051195453137382,-1.5472054402842532,0.03681666046857568,-0.9638126818020863,-0.9145468225938014,-0.9192870225528679
1653,-0.8395231998015908,0.8817216424333439,1.1952052836879563,0.8240677136308887,0.38433059893725724,-0.2046050914713833,0.055782818891781334,-0.8924955655598191,-0.9233024386550606,-0.8626050951834432
1654,0.8482161211371456,-1.5681864291091574,1.1952052836879563,1.2378505970950135,-0.5929080887450618,0.6904618077371967,0.4855230303352282,1.0152372939208278,0.9241325502705084,0.8803641714263664
1655,0.23641061729685378,-1.5681864291091574,0.14431693449478036,-0.8310638202256104,-0.8023163789626999,-0.6521385410756733,0.2168092227593901,0.4803589221038234,0.49510736326883587,0.38439730694390006
1656,1.0380867947427537,0.8817216424333439,0.6697611090913683,-1.2448467036897353,0.1051195453137382,-0.6521385410756733,0.3385220209318387,1.1043836892236614,1.1342673357407154,1.1212623627464213
1657,0.4473780324141958,0.8817216424333439,1.1952052836879563,1.6516334805591384,-0.5929080887450618,-0.6521385410756733,0.42655262179248793,0.6943102708306251,0.7139977648003013,0.6252954982639549
1658,6.755303744422724,-1.5681864291091574,0.6697611090913683,-0.0034980532973608127,1.0823582329960573,0.2429283581329067,0.8491738830154598,3.814434106429814,3.682151609566973,3.927017767532943
1659,-0.6074590431725145,0.8817216424333439,-0.38112724010180754,-0.8310638202256104,0.24472507212550018,-1.0996719906799632,0.05397651808957127,-0.5448246238787668,-0.5205440998371641,-0.5083430491245388
1660,0.8482161211371456,-1.5681864291091574,1.7206494582845442,-0.8310638202256104,-0.38349979852741883,0.2429283581329067,0.24029113318812093,0.9260908986179933,0.9503993984542844,0.8803641714263664
1661,-1.0082971318954645,-0.751550405261657,0.14431693449478036,-0.8310638202256104,1.4313720500254572,-1.0996719906799632,0.0286883068586304,-1.2312518677105888,-1.2209933847378536,-1.0893328046611421
1662,2.746922857193225,-1.5681864291091574,1.7206494582845442,0.410284830166764,-0.17409150830978082,1.451268672064491,0.7087074323965361,2.165225793327386,2.167430030969233,2.113196091711354
1663,1.5444085910243748,0.06508561858584352,-1.4320155892949833,-1.2448467036897353,-0.6627108521509428,1.1379952573414867,0.6640280507889285,1.585774223858965,1.4844919781910597,1.4188424814359009
1664,-0.8184264582898567,0.8817216424333439,0.14431693449478036,1.6516334805591384,-0.5231053253391809,-0.6521385410756733,0.05923604101365351,-0.8479223679084023,-0.8007238137974394,-0.8626050951834432
1665,-0.8184264582898567,0.06508561858584352,-0.9065714146983955,-0.8310638202256104,-0.38349979852741883,0.6904618077371967,0.03628539552674919,-0.8568370074386863,-0.818235045919957,-0.8626050951834432
1666,-1.050490614918933,-1.5681864291091574,-0.38112724010180754,-1.2448467036897353,0.8031471793725382,-0.2046050914713833,0.022950645486904318,-1.347142181604273,-1.282282697166664,-1.231037623084704
1667,-0.7973297167781225,0.8817216424333439,-0.9065714146983955,1.2378505970950135,0.035316781907857205,-1.0996719906799632,0.08611804707007385,-0.785519891196419,-0.791968197736181,-0.777582204129306
1668,0.4262812909024616,0.06508561858584352,-0.9065714146983955,-0.8310638202256104,0.4541333623431382,0.2429283581329067,0.2512883174839292,0.5338467592855243,0.547641059636388,0.5969545345792426
1669,0.7427324135784745,0.06508561858584352,-0.38112724010180754,-1.2448467036897353,0.1749223087196192,0.2429283581329067,0.29251447696966476,0.9260908986179933,0.8103095414741465,0.8803641714263664
1670,0.9326030871840826,0.8817216424333439,-1.4320155892949833,0.410284830166764,0.8031471793725382,-0.6521385410756733,0.484035488498114,0.9884933753299773,0.9241325502705084,1.0645804353769965
1671,0.48957151543766425,0.06508561858584352,-0.9065714146983955,-0.8310638202256104,0.5239361257490193,-1.5472054402842532,0.2530946182861393,0.685395631300342,0.6001747560039394,0.7103183893180921
1672,-1.0082971318954645,0.8817216424333439,-0.9065714146983955,-1.2448467036897353,-0.6627108521509428,-0.2046050914713833,0.031291505073580195,-1.1777640305288881,-1.1334372241252668,-1.2026966593999917
1673,0.004346460667777534,0.06508561858584352,0.14431693449478036,-0.8310638202256104,-0.24389427171566183,0.2429283581329067,0.13000053126494182,0.1950904571347552,0.17114956900226685,0.15766959746620107
1674,0.46847477392593007,1.6983576662808442,0.14431693449478036,1.6516334805591384,2.1293996840842575,0.2429283581329067,0.36460712957551933,0.4357857244524066,0.477596131146319,0.7244888711604479
1675,-0.05894376386742515,0.8817216424333439,-0.9065714146983955,-0.8310638202256104,0.24472507212550018,-0.6521385410756733,0.15385432715295116,0.08811478277135434,0.13612710475723236,0.1434991156238452
1676,0.4262812909024616,1.6983576662808442,1.1952052836879563,-1.2448467036897353,1.8501886304607433,-0.2046050914713833,0.22817829251447697,0.524932119755241,0.477596131146319,0.7386593530028038
1677,-1.1137808394541355,-1.5681864291091574,-1.4320155892949833,0.8240677136308887,-1.081527432586219,0.2429283581329067,0.024969452265844978,-1.3738861001951226,-1.326060777472957,-1.4294243688776906
1678,0.4473780324141958,-1.5681864291091574,0.6697611090913683,-0.8310638202256104,0.035316781907857205,1.1379952573414867,0.20639642989959092,0.5427613988158074,0.5563966756976465,0.5544430890521743
1679,0.6794421890432724,0.8817216424333439,0.14431693449478036,0.410284830166764,-0.38349979852741883,-0.6521385410756733,0.428358922594698,0.8369445033151597,0.871598853902957,0.8095117622145858
1680,0.48957151543766425,0.8817216424333439,1.1952052836879563,0.8240677136308887,0.1749223087196192,-0.2046050914713833,0.37820751208627745,0.6408224336489251,0.6527084523714916,0.6536364619486673
1681,-0.8184264582898567,0.06508561858584352,-1.4320155892949833,0.410284830166764,0.24472507212550018,0.2429283581329067,0.05307336768846624,-0.8479223679084023,-0.8620131262262499,-0.8200936496563749
1682,-1.050490614918933,0.06508561858584352,-0.9065714146983955,-0.8310638202256104,0.8031471793725382,0.2429283581329067,0.030494607660840462,-1.2847397048922888,-1.2910383132279224,-1.2026966593999917
1683,-1.050490614918933,0.06508561858584352,1.1952052836879563,-0.4172809367614856,-1.221132959397981,0.6904618077371967,0.05078892843861234,-1.240166507240872,-1.2385046168603704,-1.330230995981197
1684,0.9536998286958168,0.06508561858584352,-0.38112724010180754,0.8240677136308887,-0.31369703512154284,-1.0996719906799632,0.43027147638527335,1.095469049693378,1.0467111751281288,1.0220689898499276
1685,-1.050490614918933,0.8817216424333439,-0.9065714146983955,1.6516334805591384,-0.03448598149801883,-0.2046050914713833,0.04324496626467619,-1.2490811467711553,-1.2034821526153359,-1.2168671412423475
1686,0.9536998286958168,0.8817216424333439,1.1952052836879563,-0.8310638202256104,-0.4533025619332999,-1.0996719906799632,0.33846889443765604,1.086554410163095,1.0992448714956808,1.0220689898499276
1687,0.5950552229963354,0.8817216424333439,0.6697611090913683,-1.2448467036897353,-1.0117246691803428,1.1379952573414867,0.25272273282686075,0.8369445033151597,0.7752870772291119,0.6678069437910232
1688,1.2490542098600954,0.06508561858584352,0.6697611090913683,-1.2448467036897353,0.24472507212550018,-0.2046050914713833,0.35562875205865163,1.3272496774807463,1.1780454160470084,1.2771376630123397
1689,0.5950552229963354,-1.5681864291091574,-0.9065714146983955,0.8240677136308887,-0.8721191423685809,0.2429283581329067,0.45226584497689,0.7121395498911923,0.7840426932903704,0.6252954982639549
1690,-1.0082971318954645,0.06508561858584352,0.14431693449478036,0.410284830166764,-0.38349979852741883,0.6904618077371967,0.043988737183233276,-1.1688493909986049,-1.1684596883703013,-1.1885261775576352
1691,0.5106682569493985,-0.751550405261657,0.14431693449478036,0.410284830166764,1.3615692866195812,0.2429283581329067,0.35095362057057855,0.5427613988158074,0.6089303720651978,0.752829834845161
1692,-0.12223398840262782,-1.5681864291091574,1.7206494582845442,-0.8310638202256104,-1.8493578300509,0.2429283581329067,0.10216224831323381,0.177261178074188,0.223683265369819,-0.026546666484429042
1693,0.21531387578511957,-1.5681864291091574,0.14431693449478036,0.8240677136308887,-0.17409150830978082,-1.0996719906799632,0.2745045954417468,0.462529643043257,0.477596131146319,0.44107923431332485
1694,-1.050490614918933,0.06508561858584352,0.14431693449478036,-0.4172809367614856,-0.10428874490389983,0.2429283581329067,0.05764224618817404,-1.240166507240872,-1.256015848982888,-1.24520810492706
1695,-0.8606199413133251,0.8817216424333439,0.14431693449478036,1.2378505970950135,0.24472507212550018,-1.0996719906799632,0.05971417946129735,-0.9281541236809527,-0.8970355904712844,-0.8767755770257997
1696,-1.0082971318954645,0.06508561858584352,0.6697611090913683,1.2378505970950135,-1.1513301959920998,1.5855287069457766,0.04016362960208256,-1.1421054724077544,-1.1684596883703013,-1.24520810492706
1697,-0.8184264582898567,0.8817216424333439,-0.9065714146983955,0.8240677136308887,-0.31369703512154284,-1.5472054402842532,0.06114859480422887,-0.8300930888478358,-0.791968197736181,-0.8342641314987308
1698,-1.0293938734071988,0.06508561858584352,0.14431693449478036,0.410284830166764,-0.17409150830978082,-0.6521385410756733,0.042607448334484405,-1.1777640305288881,-1.2209933847378536,-1.2026966593999917
1699,1.481118366489172,0.8817216424333439,-0.38112724010180754,0.410284830166764,0.7333444159666572,-0.2046050914713833,0.592838548584179,1.3985667937230135,1.3268908890884048,1.4613539269629696
1700,0.02544320217951176,0.8817216424333439,-1.4320155892949833,-0.8310638202256104,-1.081527432586219,-0.2046050914713833,0.15608563990862243,0.3288100500890057,0.28497257779862883,0.17184007930855758
1701,-0.8184264582898567,0.8817216424333439,0.14431693449478036,1.6516334805591384,-0.03448598149801883,-0.2046050914713833,0.06332678106571747,-0.8300930888478358,-0.8795243583487669,-0.8484346133410873
1702,-0.438685111078641,-1.5681864291091574,0.14431693449478036,0.410284830166764,0.8031471793725382,-1.0996719906799632,0.08617117356425649,-0.36653183327309874,-0.3016536983056986,-0.23910389411977154
1703,0.8482161211371456,-0.751550405261657,1.1952052836879563,0.410284830166764,0.3145278355313812,0.2429283581329067,0.3920735270679488,0.8815177009665764,0.8978657020867323,0.9228756169534352
1704,-0.9450069073602619,-1.5681864291091574,-0.9065714146983955,0.8240677136308887,-0.6627108521509428,-0.6521385410756733,0.05408277107793657,-1.0440444375746376,-1.0108585992676464,-1.0751623228187863
1705,-0.20662095444956474,-1.5681864291091574,0.14431693449478036,-1.2448467036897353,0.5937388891549003,-0.6521385410756733,0.11666578122509695,-0.06343408924346336,-0.012718368284164113,0.03013526088499571
1706,-0.1855242129378305,0.06508561858584352,-0.38112724010180754,-1.2448467036897353,0.38433059893725724,1.5855287069457766,0.10885618658024757,-0.07234872877374655,-0.10903014495800843,-0.040717148326785545
1707,0.06763668520297998,-0.751550405261657,-0.38112724010180754,-0.8310638202256104,1.5011748134313383,-0.6521385410756733,0.12304096052701483,0.177261178074188,0.223683265369819,0.38439730694390006
1708,-1.050490614918933,0.06508561858584352,-1.4320155892949833,0.410284830166764,0.4541333623431382,0.6904618077371967,0.04483876109015566,-1.2758250653620058,-1.2910383132279224,-1.231037623084704
1709,2.599245666611085,0.06508561858584352,1.7206494582845442,-0.8310638202256104,0.6635416525607812,0.6904618077371967,0.6657280986027732,2.093908677085119,2.001073325805318,2.1415370553960655
1710,-0.9661036488719961,-0.751550405261657,-1.4320155892949833,-1.2448467036897353,1.2219637598078192,-1.0996719906799632,0.029538330765552782,-1.1510201119380377,-1.1071703759414915,-1.004309913607005
1711,0.8482161211371456,0.8817216424333439,-0.9065714146983955,0.410284830166764,0.38433059893725724,-0.6521385410756733,0.5265898103384158,0.9617494567391269,0.9153769342092499,0.97955754432286
1712,0.700538930555006,0.8817216424333439,0.14431693449478036,0.410284830166764,0.24472507212550018,-0.6521385410756733,0.39148913563193966,0.8191152242545933,0.8540876217804394,0.8661936895840104
1713,0.4473780324141958,-0.751550405261657,-1.4320155892949833,1.6516334805591384,1.5011748134313383,0.2429283581329067,0.4552409286511183,0.5695053174066579,0.5038629793300943,0.7244888711604479
1714,-1.050490614918933,0.8817216424333439,0.6697611090913683,1.6516334805591384,0.5937388891549003,-0.6521385410756733,0.027360144504064175,-1.3114836234831393,-1.256015848982888,-1.2168671412423475
1715,-1.0715873564306673,-1.5681864291091574,0.14431693449478036,1.2378505970950135,-1.360738486209743,1.5855287069457766,0.03235403495723317,-1.2669104258317225,-1.212237768676595,-1.3444014778235536
1716,-0.8184264582898567,0.8817216424333439,-0.38112724010180754,1.6516334805591384,0.5239361257490193,-0.6521385410756733,0.04776071827020135,-0.8835809260295359,-0.8445018941037331,-0.8059231678140184
1717,0.46847477392593007,0.8817216424333439,-1.4320155892949833,-0.8310638202256104,0.4541333623431382,-1.0996719906799632,0.2336503214152898,0.6319077941186418,0.6439528363102324,0.6961479074757362
1718,1.5022151080009063,-0.751550405261657,-1.4320155892949833,-1.2448467036897353,-0.9419219057744619,1.5855287069457766,0.535940073314562,1.425310712313864,1.4319582818235084,1.2771376630123397
1719,0.9747965702075511,1.6983576662808442,-0.38112724010180754,-0.8310638202256104,2.1992024474901433,1.1379952573414867,0.20618392392286033,0.86368842190601,0.7752870772291119,1.1070918809040653
1720,0.4262812909024616,1.6983576662808442,0.14431693449478036,-1.2448467036897353,3.7348632424194954,-0.2046050914713833,0.22993146682250437,0.2931514919678721,0.3199950420436633,0.7670003166875169
1721,0.6583454475315381,0.06508561858584352,-0.38112724010180754,-0.8310638202256104,0.1051195453137382,0.6904618077371967,0.2641980555703129,0.7745420266031756,0.7227533808615598,0.752829834845161
1722,0.4262812909024616,-1.5681864291091574,-1.4320155892949833,-1.2448467036897353,1.2219637598078192,1.5855287069457766,0.27487648090102534,0.5338467592855243,0.44257366690128447,0.6394659801063115
1723,-0.8184264582898567,0.8817216424333439,0.14431693449478036,0.8240677136308887,-0.31369703512154284,-1.0996719906799632,0.05349837964192743,-0.8390077283781191,-0.791968197736181,-0.8342641314987308
1724,-0.9661036488719961,0.8817216424333439,-0.9065714146983955,0.410284830166764,0.38433059893725724,-1.0996719906799632,0.0548796684906763,-1.115361553816904,-1.1246816080640083,-1.0751623228187863
1725,-1.0293938734071988,0.8817216424333439,-0.38112724010180754,1.6516334805591384,-0.4533025619332999,-0.6521385410756733,0.033204058864155554,-1.2490811467711553,-1.1947265365540773,-1.24520810492706
1726,1.481118366489172,-1.5681864291091574,0.14431693449478036,0.8240677136308887,-0.10428874490389983,0.2429283581329067,0.7980661956117516,1.4431399913744305,1.4844919781910597,1.4330129632782567
1727,-0.8817166828250593,-1.5681864291091574,1.1952052836879563,0.410284830166764,-1.779555066645019,1.1379952573414867,0.040694894543909045,-0.9192394841506695,-0.8795243583487669,-1.0609918409764298
1728,-0.05894376386742515,0.8817216424333439,-0.38112724010180754,-1.2448467036897353,-0.31369703512154284,-0.6521385410756733,0.1641077405302024,0.12377334089248797,0.15363833687975,0.10098767009677634
1729,0.46847477392593007,0.8817216424333439,0.14431693449478036,0.8240677136308887,0.1749223087196192,-0.2046050914713833,0.45885353025553843,0.6764809917700587,0.617685988126457,0.6678069437910232
1730,1.5655053325361088,-1.5681864291091574,-0.9065714146983955,0.8240677136308887,-1.8493578300509,0.6904618077371967,0.8898687775593689,1.585774223858965,1.5895593709261633,1.2913081448546955
1731,-1.0082971318954645,0.06508561858584352,0.6697611090913683,0.8240677136308887,-0.5231053253391809,1.1379952573414867,0.026828879562237687,-1.1688493909986049,-1.1071703759414915,-1.1743556957152792
1732,-0.20662095444956474,0.8817216424333439,0.6697611090913683,0.8240677136308887,-0.17409150830978082,-0.6521385410756733,0.13228497051479574,-0.0010316125314793153,0.022304095960870397,-0.012376184642073167
1733,-0.8395231998015908,0.8817216424333439,0.14431693449478036,1.6516334805591384,-0.4533025619332999,-0.2046050914713833,0.05163895234553472,-0.8924955655598191,-0.818235045919957,-0.8909460588681556
1734,-0.7762329752663882,-1.5681864291091574,0.14431693449478036,-1.2448467036897353,0.8031471793725382,0.6904618077371967,0.042076183392657916,-0.8390077283781191,-0.7832125816749225,-0.7209002767598819
1735,-0.5441688186373119,-1.5681864291091574,-0.9065714146983955,0.410284830166764,-0.4533025619332999,0.6904618077371967,0.08409924029113319,-0.4289343099850828,-0.38920985891828447,-0.451661121755114
1736,-1.050490614918933,-1.5681864291091574,-0.38112724010180754,1.2378505970950135,0.38433059893725724,-0.6521385410756733,0.0332571853583382,-1.3114836234831393,-1.2472602329216296,-1.231037623084704
1737,5.489499253718671,1.6983576662808442,-0.9065714146983955,-0.0034980532973608127,3.5254549522018572,-2.4422723394928334,0.8481113531318069,3.288470374143094,3.156814645891456,3.8703358401635186
1738,-0.5441688186373119,0.8817216424333439,0.14431693449478036,0.8240677136308887,0.035316781907857205,-1.5472054402842532,0.09159007597088668,-0.437848949515366,-0.4067210910408021,-0.40914967622804577
1739,0.3629910663672589,0.06508561858584352,0.14431693449478036,-0.8310638202256104,-1.2909357228038618,0.6904618077371967,0.212134091271317,0.6408224336489251,0.5651522917589049,0.4269087524709683
1740,-1.050490614918933,-1.5681864291091574,0.6697611090913683,1.6516334805591384,0.1051195453137382,1.5855287069457766,0.027944535940073314,-1.293654344422572,-1.2385046168603704,-1.24520810492706
1741,1.586602074047843,-1.5681864291091574,-1.4320155892949833,-0.0034980532973608127,-0.10428874490389983,0.2429283581329067,0.31737767624714447,1.5055424680864145,1.5632925227423873,1.5038653724900373
1742,-1.050490614918933,0.8817216424333439,1.1952052836879563,-0.4172809367614856,0.1051195453137382,-1.0996719906799632,0.04584816447962599,-1.2490811467711553,-1.2034821526153359,-1.2026966593999917
1743,-0.9661036488719961,0.8817216424333439,1.1952052836879563,-1.2448467036897353,0.6635416525607812,-0.2046050914713833,0.03224778196886787,-1.0886176352260544,-1.0984147598802323,-1.0184803954493615
1744,-0.7973297167781225,0.8817216424333439,-0.9065714146983955,0.410284830166764,0.24472507212550018,-1.5472054402842532,0.05859852308346172,-0.8033491702569854,-0.818235045919957,-0.777582204129306
1745,0.21531387578511957,0.06508561858584352,1.1952052836879563,-1.2448467036897353,-0.5231053253391809,0.6904618077371967,0.20884024863199277,0.4981882011643906,0.3812843544724739,0.3702268251015436
1746,-1.0082971318954645,0.8817216424333439,-1.4320155892949833,-0.4172809367614856,0.1749223087196192,-1.0996719906799632,0.05015141050842055,-1.2134225886500216,-1.1597040723090428,-1.1601852138729227
1747,-1.1770710639893383,-1.5681864291091574,0.14431693449478036,1.6516334805591384,0.38433059893725724,0.2429283581329067,0.029325824788822185,-1.5878374489219242,-1.5361955629431636,-1.5144472599318273
1748,1.5022151080009063,-1.5681864291091574,-0.38112724010180754,-0.8310638202256104,-0.6627108521509428,0.2429283581329067,0.41029591457259734,1.4877131890258481,1.5545369066811288,1.404671999593545
1749,0.4262812909024616,-1.5681864291091574,0.6697611090913683,0.8240677136308887,-0.4533025619332999,1.093241912381057,0.26611060936088826,0.5695053174066579,0.5914191399426809,0.5119316435251055
1750,-1.050490614918933,-1.5681864291091574,-0.38112724010180754,1.6516334805591384,0.8729499427784192,-0.6521385410756733,0.030866493120119003,-1.3293129025437058,-1.282282697166664,-1.2168671412423475
1751,0.27860410032032223,0.06508561858584352,1.1952052836879563,0.8240677136308887,0.24472507212550018,0.6904618077371967,0.2546352866174361,0.4268710849221234,0.3725287384112155,0.4269087524709683
1752,2.578148925099351,0.06508561858584352,1.1952052836879563,-0.8310638202256104,0.8729499427784192,0.6904618077371967,0.7976411836582904,2.067164758494269,1.9397840133765083,2.113196091711354
1753,0.4473780324141958,-1.5681864291091574,-0.9065714146983955,-1.2448467036897353,0.3145278355313812,0.2429283581329067,0.2721139032035276,0.5605906778763746,0.5826635238814225,0.6111250164215991
1754,-1.0715873564306673,-1.5681864291091574,-0.38112724010180754,1.6516334805591384,0.3145278355313812,-1.5472054402842532,0.02475694628911438,-1.338227542073989,-1.2910383132279224,-1.2735490686117723
1755,0.4262812909024616,0.06508561858584352,1.1952052836879563,-0.8310638202256104,0.035316781907857205,0.2429283581329067,0.22945332837486054,0.5873345964672243,0.6089303720651978,0.5969545345792426
1756,0.046539943691245755,-1.5681864291091574,-1.4320155892949833,-1.2448467036897353,0.1749223087196192,1.1379952573414867,0.1791956648780747,0.2040050966650384,0.23243888143107744,0.2426924885203382
1757,1.5022151080009063,0.06508561858584352,0.14431693449478036,-0.4172809367614856,-0.8721191423685809,1.5855287069457766,0.9616957976943101,1.5768595843286817,1.4582251300072844,1.2913081448546955
1758,-1.1348775809658698,0.8817216424333439,-1.4320155892949833,0.8240677136308887,0.035316781907857205,-1.0996719906799632,0.030813366625936353,-1.4273739373768235,-1.439883786269319,-1.4152538870353342
1759,-0.5863623016607803,-1.5681864291091574,-0.9065714146983955,0.8240677136308887,0.5937388891549003,0.6904618077371967,0.09881527917972693,-0.6250563796513173,-0.5292997158984225,-0.5083430491245388
1760,-0.9872003903837303,0.8817216424333439,-1.4320155892949833,-0.4172809367614856,0.24472507212550018,-1.0996719906799632,0.06848005100143442,-1.1599347514683216,-1.11592599200275,-1.1035032865034986
1761,0.48957151543766425,-0.751550405261657,-0.9065714146983955,-1.2448467036897353,-1.1513301959920998,2.033062156550067,0.2703076024013175,0.7299688289517587,0.6964865326777845,0.5544430890521743
1762,-0.41758836956690676,0.8817216424333439,-0.9065714146983955,1.2378505970950135,0.38433059893725724,-1.0996719906799632,0.2045370026031982,-0.3130439960913987,-0.2928980822444394,-0.25327437596212804
1763,-0.8184264582898567,-1.5681864291091574,-1.4320155892949833,0.410284830166764,-1.430541249615619,0.2429283581329067,0.046007543962173936,-0.8390077283781191,-0.8007238137974394,-0.9476279862375803
1764,-0.5230720771255777,0.8817216424333439,-1.4320155892949833,0.410284830166764,0.1749223087196192,-0.6521385410756733,0.08707432396536152,-0.4200196704547996,-0.424232323163319,-0.3949791943856899
1765,2.282794543935072,-1.5681864291091574,-0.38112724010180754,0.410284830166764,0.9427527061843003,-1.0996719906799632,0.6555278117197046,1.8977866074188843,1.8172053885188872,1.9856617551301483
1766,0.700538930555006,0.8817216424333439,0.6697611090913683,0.8240677136308887,0.035316781907857205,-0.2046050914713833,0.37082292939488926,0.8280298637848764,0.845332005719181,0.8378527258992975
1767,-0.05894376386742515,0.8817216424333439,0.14431693449478036,0.8240677136308887,-0.38349979852741883,-0.6521385410756733,0.19375232428412048,0.15051725948333838,0.17114956900226685,0.11515815193913284
1768,-1.050490614918933,-1.5681864291091574,1.1952052836879563,-1.2448467036897353,-0.24389427171566183,-0.2046050914713833,0.023747542899644054,-1.2669104258317225,-1.212237768676595,-1.24520810492706
1769,0.29970084183205625,0.06508561858584352,1.1952052836879563,-0.8310638202256104,0.8729499427784192,0.6904618077371967,0.1646390054720289,0.3822978872707065,0.3199950420436633,0.4552497161556807
1770,0.4262812909024616,-1.5681864291091574,-1.4320155892949833,0.410284830166764,1.4313720500254572,0.6904618077371967,0.3354938107634277,0.462529643043257,0.5126185953913535,0.6678069437910232
1771,0.6583454475315381,-0.751550405261657,-1.4320155892949833,0.410284830166764,-2.268174410486181,0.2429283581329067,0.39738617648621366,0.9260908986179933,0.9679106305768014,0.6252954982639549
1772,-0.6074590431725145,0.06508561858584352,1.1952052836879563,0.8240677136308887,0.38433059893725724,0.2429283581329067,0.09461828613929767,-0.5359099843484837,-0.5730777962047154,-0.5083430491245388
1773,-0.1855242129378305,-1.5681864291091574,1.1952052836879563,0.410284830166764,0.9427527061843003,-1.5472054402842532,0.13674759602613823,-0.08126336830403057,-0.03022960040668098,0.058476224569708087
1774,1.481118366489172,0.8817216424333439,1.1952052836879563,0.8240677136308887,0.38433059893725724,-0.2046050914713833,0.7473303936673219,1.3539935960715968,1.3881802015172156,1.4188424814359009
1775,-0.9872003903837303,0.06508561858584352,0.14431693449478036,0.410284830166764,-0.6627108521509428,0.2429283581329067,0.04537002603198215,-1.124276193347188,-1.1334372241252668,-1.1743556957152792
1776,0.8693128626488799,-0.751550405261657,0.6697611090913683,-1.2448467036897353,0.6635416525607812,0.6904618077371967,0.27902034744727194,0.801285945194026,0.8540876217804394,0.9087051351110781
1777,-0.8395231998015908,0.8817216424333439,1.1952052836879563,1.2378505970950135,0.5937388891549003,-0.2046050914713833,0.052860861711735645,-0.9548980422718031,-0.8795243583487669,-0.8484346133410873
1778,0.4262812909024616,0.06508561858584352,-0.38112724010180754,-0.8310638202256104,-0.38349979852741883,0.6904618077371967,0.2045370026031982,0.578419956936941,0.6001747560039394,0.5402726072098178
1779,2.6414391496345533,0.06508561858584352,0.6697611090913683,-0.8310638202256104,0.1749223087196192,0.2429283581329067,0.5232959676990916,2.1384818747365366,2.05360702217287,2.0990256098689968
1780,0.23641061729685378,-0.751550405261657,0.14431693449478036,-1.2448467036897353,1.3615692866195812,0.2429283581329067,0.212134091271317,0.3288100500890057,0.3812843544724739,0.5261021253674619
1781,-0.5230720771255777,0.8817216424333439,-0.9065714146983955,-1.2448467036897353,0.24472507212550018,-0.6521385410756733,0.0834617223609414,-0.4645928681062164,-0.424232323163319,-0.40914967622804577
1782,0.8693128626488799,-1.5681864291091574,1.1952052836879563,-1.2448467036897353,0.3145278355313812,1.1379952573414867,0.3288529989905966,0.8726030614362933,0.871598853902957,0.9087051351110781
1783,-1.0082971318954645,0.8817216424333439,-1.4320155892949833,-0.8310638202256104,-0.31369703512154284,-0.6521385410756733,0.024225681347287892,-1.1688493909986049,-1.1246816080640083,-1.1601852138729227
1784,-1.050490614918933,0.8817216424333439,-1.4320155892949833,0.410284830166764,0.1749223087196192,-1.0996719906799632,0.03495723317218297,-1.3203982630134226,-1.256015848982888,-1.2593785867694165
1785,-0.20662095444956474,-1.5681864291091574,1.1952052836879563,0.410284830166764,1.2219637598078192,-0.2046050914713833,0.12383785793975456,-0.045604810182896936,-0.06525206465171549,0.08681718825442046
1786,1.67098904009478,0.06508561858584352,0.6697611090913683,0.410284830166764,-1.2909357228038618,1.1379952573414867,0.4942889018753652,1.6392620610406659,1.6420930672937155,1.4330129632782567
1787,-0.8184264582898567,0.06508561858584352,0.14431693449478036,0.8240677136308887,-0.4533025619332999,0.2429283581329067,0.05349837964192743,-0.8835809260295359,-0.8357462780424739,-0.8909460588681556
1788,1.291247692883564,0.06508561858584352,-0.38112724010180754,0.410284830166764,-0.38349979852741883,1.1379952573414867,0.4597566806566435,1.2826764798293295,1.2918684248433703,1.2204557356429149
1789,-1.0082971318954645,0.8817216424333439,-0.9065714146983955,-1.2448467036897353,-0.17409150830978082,-0.6521385410756733,0.037985443340593956,-1.1777640305288881,-1.1334372241252668,-1.1601852138729227
1790,-0.8184264582898567,-1.5681864291091574,1.1952052836879563,-1.2448467036897353,0.7333444159666572,0.2429283581329067,0.0356478775965574,-0.9014102050901031,-0.8707687422875084,-0.8059231678140184
1791,-0.9239101658485277,0.8817216424333439,1.1952052836879563,-1.2448467036897353,0.6635416525607812,-1.0996719906799632,0.036604154491845085,-1.0173005189837871,-1.045881063512681,-0.9617984680799367
1792,-1.0082971318954645,0.06508561858584352,0.14431693449478036,0.410284830166764,-0.8023163789626999,0.6904618077371967,0.03426658874780853,-1.1866786700591714,-1.1334372241252668,-1.2168671412423475
1793,-0.4808785941021094,0.06508561858584352,-1.4320155892949833,0.410284830166764,-0.5231053253391809,0.2429283581329067,0.10354353716198268,-0.3487025542125323,-0.37169862679576765,-0.40914967622804577
1794,-0.3542981450317041,0.8817216424333439,-1.4320155892949833,0.410284830166764,-0.17409150830978082,-0.6521385410756733,0.13350687988099666,-0.22389760078856427,-0.170319457386819,-0.21076293043505917
1795,-1.1137808394541355,0.06508561858584352,-1.4320155892949833,0.8240677136308887,-1.081527432586219,0.6904618077371967,0.03203527599213728,-1.3293129025437058,-1.343572009595474,-1.4152538870353342
1796,0.5106682569493985,0.06508561858584352,1.1952052836879563,0.8240677136308887,-0.17409150830978082,1.5855287069457766,0.3620039313605695,0.738883468482042,0.6789753005552669,0.681977425633379
1797,-1.050490614918933,-1.5681864291091574,1.1952052836879563,1.6516334805591384,0.8031471793725382,0.2429283581329067,0.03389470328852999,-1.3114836234831393,-1.2647714650441464,-1.2026966593999917
1798,-0.5230720771255777,-1.5681864291091574,-0.9065714146983955,1.6516334805591384,-0.31369703512154284,-0.2046050914713833,0.13733198746214736,-0.4200196704547996,-0.39796547497954293,-0.43749063991275816
1799,0.48957151543766425,0.06508561858584352,-0.38112724010180754,0.410284830166764,0.5937388891549003,-0.6521385410756733,0.2849705147957286,0.6229931545883579,0.5651522917589049,0.6678069437910232
1800,0.6161519645080696,0.06508561858584352,1.1952052836879563,-0.8310638202256104,-0.7325136155568189,-0.2046050914713833,0.21500292195718004,0.8815177009665764,0.7752870772291119,0.7386593530028038
1801,-1.050490614918933,-0.751550405261657,1.7206494582845442,-1.2448467036897353,1.5709775768372194,-1.0996719906799632,0.01800988152791797,-1.3203982630134226,-1.273527081105405,-1.146014732030567
1802,-1.0082971318954645,0.06508561858584352,1.1952052836879563,0.410284830166764,0.24472507212550018,1.1379952573414867,0.029803963236466027,-1.240166507240872,-1.1772153044315605,-1.1743556957152792
1803,0.046539943691245755,0.06508561858584352,-0.38112724010180754,0.8240677136308887,0.5239361257490193,0.6904618077371967,0.15980449450140785,0.2040050966650384,0.17990518506352607,0.25686297036269473
1804,-0.41758836956690676,-1.5681864291091574,-0.9065714146983955,-1.2448467036897353,0.3145278355313812,-0.6521385410756733,0.10072783297030229,-0.2952147170308315,-0.2578756179994049,-0.23910389411977154
1805,-0.41758836956690676,-1.5681864291091574,-0.38112724010180754,0.8240677136308887,-1.081527432586219,1.1379952573414867,0.08919938373266748,-0.2506415193794147,-0.2228531537543704,-0.35246774885862103
1806,-0.5863623016607803,0.8817216424333439,1.1952052836879563,-0.8310638202256104,0.24472507212550018,-0.6521385410756733,0.06428305796100516,-0.5359099843484837,-0.4855216355921296,-0.4800020854398264
1807,0.46847477392593007,0.8817216424333439,1.1952052836879563,1.6516334805591384,-1.779555066645019,0.2429283581329067,0.43069648833873453,0.738883468482042,0.7752870772291119,0.5119316435251055
1808,-0.6074590431725145,0.8817216424333439,-1.4320155892949833,-1.2448467036897353,0.7333444159666572,-0.6521385410756733,0.08213356000637517,-0.5180807052879165,-0.5818334122659738,-0.46583160359747056
1809,-0.5863623016607803,0.8817216424333439,-0.38112724010180754,-0.4172809367614856,-0.24389427171566183,-0.6521385410756733,0.12968177229984593,-0.48242214716678283,-0.44174355528583586,-0.4800020854398264
1810,-1.050490614918933,0.06508561858584352,0.6697611090913683,0.8240677136308887,-1.0117246691803428,0.2429283581329067,0.025128831748392925,-1.2579957863014386,-1.2209933847378536,-1.316060514138841
1811,-0.6074590431725145,0.8817216424333439,-0.9065714146983955,-0.8310638202256104,-0.5929080887450618,-0.6521385410756733,0.07347394145460341,-0.4913367866970668,-0.4680104034696119,-0.5366840128092512
1812,-1.050490614918933,-0.751550405261657,1.1952052836879563,1.2378505970950135,1.0823582329960573,-1.0996719906799632,0.04191680391010997,-1.3114836234831393,-1.256015848982888,-1.1743556957152792
1813,0.21531387578511957,-1.5681864291091574,-0.38112724010180754,-1.2448467036897353,0.38433059893725724,2.4805956061543566,0.17993943579663177,0.3555539686798561,0.28497257779862883,0.3702268251015436
1814,0.7216356720667403,0.06508561858584352,1.1952052836879563,0.410284830166764,-0.38349979852741883,0.2429283581329067,0.351644264994953,0.9082616195574269,0.8540876217804394,0.8236822440569416
1815,-1.050490614918933,0.8817216424333439,1.1952052836879563,1.2378505970950135,-0.4533025619332999,-0.2046050914713833,0.04058864155554375,-1.2579957863014386,-1.212237768676595,-1.2593785867694165
1816,-1.0293938734071988,0.8817216424333439,-1.4320155892949833,1.6516334805591384,-0.5231053253391809,-0.6521385410756733,0.05557031291505073,-1.1599347514683216,-1.1772153044315605,-1.2026966593999917
1817,0.27860410032032223,0.8817216424333439,-1.4320155892949833,-0.8310638202256104,0.24472507212550018,-1.0996719906799632,0.21197471178876906,0.4803589221038234,0.48635174720757746,0.5119316435251055
1818,0.9958933117192852,0.06508561858584352,-0.38112724010180754,0.410284830166764,-1.221132959397981,1.5855287069457766,0.3986080858524146,1.1578715264053623,1.0992448714956808,1.0220689898499276
1819,-0.9661036488719961,0.06508561858584352,0.6697611090913683,1.2378505970950135,0.5937388891549003,0.2429283581329067,0.04266057482866706,-1.124276193347188,-1.1246816080640083,-1.0609918409764298
1820,1.903053196723856,0.8817216424333439,0.6697611090913683,-1.2448467036897353,0.8031471793725382,-0.2046050914713833,0.5260054189024066,1.6392620610406659,1.5457812906198702,1.7022521182830246
1821,-0.6285557846842488,0.8817216424333439,0.6697611090913683,-0.8310638202256104,0.3145278355313812,-1.9947388898885432,0.047548212293470754,-0.5537392634090501,-0.5205440998371641,-0.4941725672821829
1822,-0.20662095444956474,-1.5681864291091574,0.14431693449478036,-1.2448467036897353,-0.03448598149801883,1.5855287069457766,0.11847208202730702,-0.054519449713180144,-0.03022960040668098,-0.040717148326785545
1823,-1.0293938734071988,0.8817216424333439,-0.9065714146983955,-0.8310638202256104,-0.31369703512154284,-0.6521385410756733,0.024544440312383786,-1.2223372281803049,-1.1597040723090428,-1.2026966593999917
1824,-0.5652655601490462,0.06508561858584352,-0.9065714146983955,0.410284830166764,-0.17409150830978082,0.2429283581329067,0.10391542262126122,-0.437848949515366,-0.4680104034696119,-0.46583160359747056
1825,0.46847477392593007,0.8817216424333439,1.1952052836879563,0.410284830166764,-0.8721191423685809,-0.2046050914713833,0.33767199702491635,0.6943102708306251,0.7139977648003013,0.5827840527368867
1826,-1.1348775809658698,0.8817216424333439,-0.38112724010180754,0.8240677136308887,0.035316781907857205,-0.6521385410756733,0.0238006693938267,-1.4362885769071065,-1.396105705963026,-1.4010834051929784
1827,-0.20662095444956474,-0.751550405261657,0.6697611090913683,-1.2448467036897353,1.2219637598078192,0.6904618077371967,0.10088721245285023,-0.09909264736459697,-0.07400768071297392,0.058476224569708087
1828,0.5106682569493985,0.8817216424333439,-0.38112724010180754,0.8240677136308887,0.1749223087196192,-1.5472054402842532,0.33830951495510814,0.7032249103609084,0.7052421487390429,0.7244888711604479
1829,0.5528617399728669,0.06508561858584352,-0.38112724010180754,0.410284830166764,0.1749223087196192,0.2429283581329067,0.3128619242416193,0.7477981080123259,0.6702196844940084,0.7244888711604479
1830,-1.050490614918933,-1.5681864291091574,-1.4320155892949833,0.8240677136308887,-1.081527432586219,-0.2046050914713833,0.034691600701269726,-1.2134225886500216,-1.256015848982888,-1.316060514138841
1831,-0.9661036488719961,0.8817216424333439,1.1952052836879563,-0.4172809367614856,-0.38349979852741883,-0.6521385410756733,0.051745205333900014,-1.0707883561654872,-1.0371254474514224,-1.0751623228187863
1832,0.02544320217951176,-1.5681864291091574,1.1952052836879563,-0.8310638202256104,0.8031471793725382,-0.24935843643181294,0.13244434999734367,0.14160261995305437,0.19741641718604294,0.2710334522050506
1833,-0.9450069073602619,0.06508561858584352,-1.4320155892949833,1.6516334805591384,-1.081527432586219,0.2429283581329067,0.05440153004303246,-0.9548980422718031,-0.9845917510838703,-1.0609918409764298
1834,1.481118366489172,0.06508561858584352,-0.38112724010180754,0.410284830166764,-0.8023163789626999,1.5855287069457766,0.5667534399404983,1.4342253518441472,1.3794245854559561,1.2771376630123397
1835,0.4473780324141958,0.8817216424333439,-1.4320155892949833,1.6516334805591384,-1.221132959397981,-1.0996719906799632,0.5035860383573288,0.7745420266031756,0.7227533808615598,0.5827840527368867
1836,1.481118366489172,-1.5681864291091574,1.7206494582845442,0.8240677136308887,-0.31369703512154284,0.6904618077371967,0.46018169261010466,1.4520546309047144,1.466980746068543,1.404671999593545
1837,-0.9661036488719961,0.8817216424333439,0.6697611090913683,0.8240677136308887,0.4541333623431382,-1.0996719906799632,0.028528927376082452,-1.124276193347188,-1.072147911696457,-1.0468213591340738
1838,0.4473780324141958,-0.751550405261657,-1.4320155892949833,-1.2448467036897353,1.5709775768372194,1.1379952573414867,0.3093555756255645,0.578419956936941,0.477596131146319,0.7244888711604479
1839,0.4473780324141958,-1.5681864291091574,1.1952052836879563,1.6516334805591384,0.7333444159666572,0.2429283581329067,0.3843170589172821,0.578419956936941,0.6001747560039394,0.681977425633379
1840,-1.0293938734071988,0.8817216424333439,-0.9065714146983955,1.6516334805591384,0.3145278355313812,-1.5472054402842532,0.044626255113425065,-1.240166507240872,-1.185970920492819,-1.1743556957152792
1841,-1.050490614918933,0.8817216424333439,0.14431693449478036,-0.4172809367614856,-1.639949539833262,1.1379952573414867,0.04637942942145248,-1.2134225886500216,-1.1772153044315605,-1.330230995981197
1842,-0.9872003903837303,0.8817216424333439,-0.38112724010180754,-0.4172809367614856,-0.5231053253391809,-1.0996719906799632,0.050948307921160285,-1.0975322747563376,-1.0896591438189738,-1.1318442501882104
1843,0.5106682569493985,0.8817216424333439,1.1952052836879563,-0.8310638202256104,-0.24389427171566183,-0.2046050914713833,0.23667853158370078,0.7210541894214756,0.6527084523714916,0.6536364619486673
1844,-1.0082971318954645,0.06508561858584352,-0.9065714146983955,1.6516334805591384,-0.17409150830978082,1.1379952573414867,0.049195133613132866,-1.2134225886500216,-1.1597040723090428,-1.1885261775576352
1845,1.5022151080009063,-0.751550405261657,1.1952052836879563,-1.2448467036897353,-2.058766120268543,2.033062156550067,0.5427402645699411,1.4877131890258481,1.537025674558612,1.192114771958202
1846,0.21531387578511957,-1.5681864291091574,0.6697611090913683,-1.2448467036897353,-0.8721191423685809,0.2429283581329067,0.1710673112681294,0.4357857244524066,0.4688405150850598,0.3418858614168312
1847,-0.1855242129378305,0.8817216424333439,-0.38112724010180754,-0.8310638202256104,0.5937388891549003,-0.6521385410756733,0.095627689528768,0.0167976665290871,-0.03898521646793941,0.058476224569708087
1848,2.5359554420758825,-1.5681864291091574,1.7206494582845442,-0.8310638202256104,0.5937388891549003,-0.2046050914713833,0.6556871912022526,1.9780183631914348,1.9748064776215428,2.056514164341929
1849,2.5570521835876163,-1.5681864291091574,-0.38112724010180754,-1.2448467036897353,-1.1513301959920998,1.1379952573414867,0.9284386123359719,2.2454575490999367,2.158674414907973,1.9856617551301483
1850,-1.0293938734071988,0.8817216424333439,-1.4320155892949833,1.6516334805591384,0.035316781907857205,0.2429283581329067,0.03771981086968071,-1.2758250653620058,-1.2209933847378536,-1.231037623084704
1851,0.6583454475315381,0.8817216424333439,-1.4320155892949833,-0.8310638202256104,-0.8023163789626999,-0.6521385410756733,0.3167401583169527,0.91717625908771,0.9153769342092499,0.7953412803722286
1852,-0.8395231998015908,0.8817216424333439,-0.38112724010180754,-1.2448467036897353,-0.31369703512154284,-0.2046050914713833,0.03745417839876747,-0.8568370074386863,-0.8269906619812155,-0.8626050951834432
1853,1.0169900532310194,-0.751550405261657,0.6697611090913683,0.410284830166764,-2.477582700703819,2.928129055758647,0.2825798225575094,1.2113593635870623,1.1342673357407154,0.8095117622145858
1854,1.0802802777662222,0.8817216424333439,-0.38112724010180754,0.8240677136308887,0.5239361257490193,-0.6521385410756733,0.4661318599585613,1.1578715264053623,1.0642224072506465,1.177944290115846
1855,2.2406010609116036,0.06508561858584352,-0.38112724010180754,-0.8310638202256104,0.38433059893725724,-0.2046050914713833,0.6120172129841152,1.8888719678886003,1.8259610045801464,1.9006388640760106
1856,-0.9661036488719961,0.8817216424333439,-0.9065714146983955,0.8240677136308887,-0.5929080887450618,-0.6521385410756733,0.04595441746799129,-1.0886176352260544,-1.0283698313901641,-1.1035032865034986
1857,2.5570521835876163,0.06508561858584352,1.7206494582845442,-1.2448467036897353,-0.8721191423685809,0.6904618077371967,0.6741752111778144,2.1295672352062516,1.9923177097440596,1.9006388640760106
1858,1.7764727476534508,-1.5681864291091574,1.1952052836879563,-0.8310638202256104,-0.5929080887450618,-0.2046050914713833,0.4671943898422143,1.6392620610406659,1.6420930672937155,1.5322063361747504
1859,0.7427324135784745,0.8817216424333439,1.7206494582845442,0.8240677136308887,-0.17409150830978082,-1.0996719906799632,0.2737076980290071,0.9617494567391269,0.8978657020867323,0.8945346532687222
1860,-0.8395231998015908,0.8817216424333439,1.1952052836879563,1.6516334805591384,0.4541333623431382,-0.6521385410756733,0.05217021728736121,-0.9014102050901031,-0.8707687422875084,-0.8342641314987308
1861,0.8482161211371456,0.06508561858584352,1.1952052836879563,0.8240677136308887,-2.337977173892062,1.5855287069457766,0.43441534293151995,1.086554410163095,1.029199943005612,0.7244888711604479
1862,1.6076988155595773,0.8817216424333439,-0.38112724010180754,0.410284830166764,-0.10428874490389983,-0.2046050914713833,0.63337406364554,1.585774223858965,1.5020032103135774,1.5180358543323944
1863,0.6161519645080696,0.8817216424333439,-0.38112724010180754,0.410284830166764,0.8031471793725382,0.2429283581329067,0.34282526696063326,0.738883468482042,0.6789753005552669,0.8095117622145858
1864,-0.20662095444956474,0.06508561858584352,1.1952052836879563,-1.2448467036897353,-2.1983716470803,2.033062156550067,0.12617542368379112,0.08811478277135434,0.0573265602059049,-0.1824219667503468
1865,0.4473780324141958,-0.751550405261657,-0.38112724010180754,-1.2448467036897353,0.8031471793725382,-0.2046050914713833,0.2388567178451894,0.4803589221038234,0.547641059636388,0.6111250164215991
1866,1.5022151080009063,0.8817216424333439,-1.4320155892949833,0.8240677136308887,0.3145278355313812,-0.2046050914713833,0.9376294958295702,1.4609692704349977,1.3881802015172156,1.4613539269629696
1867,0.21531387578511957,0.06508561858584352,0.14431693449478036,-0.0034980532973608127,0.1051195453137382,0.6904618077371967,0.12304096052701483,0.40012716633127293,0.3725287384112155,0.398567788786256
1868,0.004346460667777534,0.06508561858584352,0.14431693449478036,-1.2448467036897353,0.6635416525607812,0.2429283581329067,0.15411995962386443,0.1594318990136216,0.17114956900226685,0.2426924885203382
1869,-0.9661036488719961,-1.5681864291091574,1.1952052836879563,1.6516334805591384,-0.9419219057744619,-0.2046050914713833,0.037879190352228656,-1.0707883561654872,-1.0283698313901641,-1.1318442501882104
1870,1.481118366489172,0.06508561858584352,-0.38112724010180754,-0.8310638202256104,-0.38349979852741883,1.5855287069457766,0.3707698029007066,1.4342253518441472,1.3444021212109216,1.3196491085394073
1871,-0.8606199413133251,0.06508561858584352,-1.4320155892949833,1.2378505970950135,-0.7325136155568189,0.2429283581329067,0.07235828507676778,-0.8924955655598191,-0.9145468225938014,-0.9617984680799367
1872,-0.1855242129378305,0.06508561858584352,-0.9065714146983955,-1.2448467036897353,-0.03448598149801883,-0.6521385410756733,0.15210115284492376,0.06137086418050393,-0.04774083252919862,0.0017942972002833347
1873,0.4473780324141958,-1.5681864291091574,1.1952052836879563,0.410284830166764,0.1051195453137382,0.2429283581329067,0.3212559103224778,0.5695053174066579,0.6001747560039394,0.5969545345792426
1874,1.1435705023014249,-1.5681864291091574,-0.9065714146983955,-0.8310638202256104,0.38433059893725724,0.6904618077371967,0.38410455294055146,1.1222129682842286,1.1342673357407154,1.177944290115846
1875,-0.8184264582898567,-1.5681864291091574,-1.4320155892949833,1.6516334805591384,0.9427527061843003,0.2429283581329067,0.06019231790894119,-0.8746662864992527,-0.888279974410026,-0.777582204129306
1876,-0.9872003903837303,0.8817216424333439,0.6697611090913683,-0.4172809367614856,-0.38349979852741883,-0.6521385410756733,0.04579503798544334,-1.1331908328774714,-1.0896591438189738,-1.1318442501882104
1877,-0.1855242129378305,0.8817216424333439,1.1952052836879563,0.8240677136308887,-0.24389427171566183,-0.6521385410756733,0.14641661796738034,0.025712306059370308,-0.003962752222904903,-0.012376184642073167
1878,-0.9872003903837303,0.8817216424333439,-1.4320155892949833,1.2378505970950135,-0.38349979852741883,-1.0996719906799632,0.062370504170429795,-1.115361553816904,-1.072147911696457,-1.1176737683458546
1879,1.903053196723856,0.8817216424333439,-0.38112724010180754,0.410284830166764,0.4541333623431382,-0.2046050914713833,0.7268235669128195,1.6749206191617994,1.5983149869874218,1.6880816364406688
1880,-1.050490614918933,-1.5681864291091574,-0.9065714146983955,1.6516334805591384,0.8729499427784192,-0.6521385410756733,0.04005737661371726,-1.2847397048922888,-1.2472602329216296,-1.1743556957152792
1881,-0.9661036488719961,0.8817216424333439,-1.4320155892949833,1.2378505970950135,0.1051195453137382,-0.6521385410756733,0.053870265101205975,-1.124276193347188,-1.072147911696457,-1.0751623228187863
1882,-1.050490614918933,0.8817216424333439,0.6697611090913683,0.8240677136308887,0.5239361257490193,-1.5472054402842532,0.024278807841470542,-1.2758250653620058,-1.2209933847378536,-1.1885261775576352
1883,-1.050490614918933,-1.5681864291091574,1.1952052836879563,0.8240677136308887,-0.03448598149801883,-0.6521385410756733,0.03214152898050258,-1.2847397048922888,-1.2297490007991119,-1.24520810492706
1884,0.4473780324141958,0.8817216424333439,0.6697611090913683,-1.2448467036897353,0.5239361257490193,-0.6521385410756733,0.2666950007968974,0.5962492359975082,0.547641059636388,0.6394659801063115
1885,0.700538930555006,-1.5681864291091574,0.6697611090913683,-0.8310638202256104,-1.8493578300509,2.4805956061543566,0.2118153323062211,0.9974080148602605,0.9503993984542844,0.7103183893180921
1886,0.9747965702075511,0.06508561858584352,-0.38112724010180754,-1.2448467036897353,0.24472507212550018,-0.2046050914713833,0.3418689900653456,1.0776397706328118,1.0029330948218358,1.0645804353769965
1887,0.4473780324141958,0.06508561858584352,-0.38112724010180754,0.410284830166764,0.5239361257490193,0.2429283581329067,0.2980927588588429,0.6051638755277915,0.521374211452612,0.6252954982639549
1888,-0.7762329752663882,-1.5681864291091574,0.14431693449478036,0.410284830166764,-0.10428874490389983,0.6904618077371967,0.04807947723529724,-0.8479223679084023,-0.7569457334911465,-0.8059231678140184
1889,-0.8184264582898567,0.8817216424333439,1.1952052836879563,0.8240677136308887,-0.24389427171566183,-1.0996719906799632,0.05105456090952558,-0.8300930888478358,-0.8357462780424739,-0.8484346133410873
1890,0.5317649984611327,0.8817216424333439,-1.4320155892949833,1.6516334805591384,0.4541333623431382,-0.6521385410756733,0.4858949157945067,0.7032249103609084,0.66146406843275,0.7386593530028038
1891,-1.050490614918933,0.06508561858584352,-0.9065714146983955,-1.2448467036897353,-0.8023163789626999,1.1379952573414867,0.03766668437549806,-1.2579957863014386,-1.256015848982888,-1.316060514138841
1892,0.21531387578511957,-1.5681864291091574,-0.9065714146983955,-1.2448467036897353,0.5239361257490193,0.6904618077371967,0.24326621686234925,0.3377246896192897,0.36377312234995707,0.41273827062861246
1893,1.5233118495126405,-1.5681864291091574,-0.38112724010180754,0.410284830166764,-1.430541249615619,-1.0996719906799632,0.6205705785475216,1.532286386677265,1.4757363621298014,1.2771376630123397
1894,-0.8395231998015908,-1.5681864291091574,1.7206494582845442,0.8240677136308887,0.24472507212550018,-0.2046050914713833,0.032194655474685224,-0.9281541236809527,-0.888279974410026,-0.8767755770257997
1895,1.6076988155595773,-0.751550405261657,0.6697611090913683,0.410284830166764,-3.1756103347626192,2.033062156550067,0.5197896190830367,1.7729816539949161,1.6858711476000083,1.2204557356429149
1896,-1.050490614918933,0.8817216424333439,1.1952052836879563,0.410284830166764,-0.6627108521509428,-0.2046050914713833,0.0334696913350688,-1.2045079491197386,-1.2297490007991119,-1.2593785867694165
1897,-0.8817166828250593,0.8817216424333439,1.1952052836879563,0.410284830166764,-0.5231053253391809,-1.0996719906799632,0.03830420230568985,-0.9459834027415199,-0.8970355904712844,-0.9617984680799367
1898,2.5570521835876163,0.06508561858584352,0.6697611090913683,-1.2448467036897353,-1.988963356862662,0.6904618077371967,0.7307549274823354,2.25437218863022,2.1761856470304917,1.8581274185489418
1899,-1.0293938734071988,0.06508561858584352,-0.9065714146983955,-1.2448467036897353,-1.221132959397981,1.5855287069457766,0.038888593741698986,-1.1599347514683216,-1.1597040723090428,-1.2593785867694165
1900,-0.1855242129378305,0.06508561858584352,-0.9065714146983955,-1.2448467036897353,-2.5473854641097,1.5855287069457766,0.11948148541677735,0.07028550371078714,0.04857094414464647,-0.23910389411977154
1901,0.46847477392593007,0.8817216424333439,0.6697611090913683,-0.8310638202256104,0.8031471793725382,-0.6521385410756733,0.18705838601710673,0.6408224336489251,0.5563966756976465,0.6961479074757362
1902,0.29970084183205625,0.06508561858584352,-0.38112724010180754,0.410284830166764,-1.1513301959920998,0.6904618077371967,0.2459225415714817,0.524932119755241,0.5388854435751288,0.38439730694390006
1903,-0.6074590431725145,0.8817216424333439,-1.4320155892949833,0.410284830166764,-0.24389427171566183,-0.2046050914713833,0.09461828613929767,-0.5091660657576332,-0.5292997158984225,-0.5366840128092512
1904,-1.0293938734071988,0.8817216424333439,1.1952052836879563,-1.2448467036897353,-0.10428874490389983,-1.0996719906799632,0.033310311852520855,-1.2134225886500216,-1.1772153044315605,-1.1885261775576352
1905,1.481118366489172,-1.5681864291091574,1.7206494582845442,1.6516334805591384,0.7333444159666572,2.033062156550067,0.41651171439196727,1.3272496774807463,1.3268908890884048,1.4188424814359009
1906,-0.8817166828250593,0.8817216424333439,-0.9065714146983955,0.8240677136308887,0.1749223087196192,-0.2046050914713833,0.05004515752005525,-0.9192394841506695,-0.9145468225938014,-0.8909460588681556
1907,1.5022151080009063,0.8817216424333439,-1.4320155892949833,0.410284830166764,0.7333444159666572,-0.6521385410756733,0.78860967964724,1.4074814332532968,1.3181352730271465,1.4613539269629696
1908,0.29970084183205625,0.06508561858584352,-1.4320155892949833,-1.2448467036897353,0.1749223087196192,0.2429283581329067,0.2433193433565319,0.4803589221038234,0.44257366690128447,0.4835906798403931
1909,0.4262812909024616,-1.5681864291091574,-0.9065714146983955,0.8240677136308887,-0.38349979852741883,2.033062156550067,0.40200818148010414,0.5516760383460907,0.5739079078201633,0.5119316435251055
1910,1.586602074047843,0.8817216424333439,-0.9065714146983955,-1.2448467036897353,-0.03448598149801883,-0.2046050914713833,0.5081549168570366,1.5501156657378312,1.4844919781910597,1.4896948906476815
1911,0.004346460667777534,-1.5681864291091574,-1.4320155892949833,-1.2448467036897353,0.9427527061843003,-0.2046050914713833,0.1749455453434628,0.186175817604472,0.10986025657345705,0.25686297036269473
1912,0.46847477392593007,0.06508561858584352,0.14431693449478036,-0.8310638202256104,-0.17409150830978082,0.2429283581329067,0.2368910375604314,0.6140785150580746,0.66146406843275,0.6111250164215991
1913,-0.1855242129378305,-1.5681864291091574,-0.9065714146983955,0.410284830166764,-1.430541249615619,-1.0996719906799632,0.17016416086702438,0.10594406183192076,0.12737148869597392,-0.054887630169141416
1914,-0.4808785941021094,-1.5681864291091574,0.14431693449478036,-1.2448467036897353,-2.1983716470803,-0.2046050914713833,0.07246453806513309,-0.3219586356216819,-0.12654137708052607,-0.46583160359747056
1915,-1.0926840979424013,-1.5681864291091574,0.14431693449478036,0.8240677136308887,-0.6627108521509428,0.2429283581329067,0.025872602666950007,-1.3293129025437058,-1.273527081105405,-1.3444014778235536
1916,-1.0293938734071988,0.8817216424333439,-0.9065714146983955,0.410284830166764,0.5239361257490193,-0.6521385410756733,0.05004515752005525,-1.2579957863014386,-1.2647714650441464,-1.2026966593999917
1917,-0.20662095444956474,0.06508561858584352,1.7206494582845442,-0.4172809367614856,-0.8721191423685809,0.6904618077371967,0.1142219624926951,-0.054519449713180144,-0.003962752222904903,-0.12574003938092204
1918,-0.9872003903837303,0.8817216424333439,1.1952052836879563,-0.4172809367614856,-0.17409150830978082,-1.0996719906799632,0.05025766349678585,-1.115361553816904,-1.0809035277577155,-1.1035032865034986
1919,0.19421713427338533,-1.5681864291091574,-1.4320155892949833,-1.2448467036897353,0.6635416525607812,-0.2046050914713833,0.2126653562131435,0.3109807710284393,0.3462618902274394,0.41273827062861246
1920,-1.050490614918933,0.06508561858584352,0.6697611090913683,1.2378505970950135,0.3145278355313812,0.2429283581329067,0.03766668437549806,-1.2669104258317225,-1.273527081105405,-1.231037623084704
1921,0.21531387578511957,-1.5681864291091574,-0.9065714146983955,0.8240677136308887,0.8729499427784192,-0.6521385410756733,0.3058492270095096,0.3555539686798561,0.39003997053373235,0.4835906798403931
1922,2.5359554420758825,0.06508561858584352,1.7206494582845442,0.410284830166764,0.8031471793725382,1.1379952573414867,0.6357116293895766,2.0136769213125683,1.9397840133765083,2.0848551280266405
1923,-0.9450069073602619,-1.5681864291091574,-0.9065714146983955,-1.2448467036897353,1.0823582329960573,-0.6521385410756733,0.04101365350900494,-1.0707883561654872,-1.0809035277577155,-0.9617984680799367
1924,0.8482161211371456,0.8817216424333439,1.1952052836879563,0.8240677136308887,0.4541333623431382,-0.15985174651095369,0.46209424640068003,0.8815177009665764,0.9241325502705084,0.97955754432286
1925,0.5739584814846012,-1.5681864291091574,0.6697611090913683,-1.2448467036897353,-2.337977173892062,1.1379952573414867,0.2125591032247782,0.8458591428454428,0.9153769342092499,0.5544430890521743
1926,0.7216356720667403,0.06508561858584352,0.14431693449478036,-1.2448467036897353,0.5239361257490193,0.6904618077371967,0.27774531158688837,0.8369445033151597,0.8015539254128881,0.8803641714263664
1927,-0.016750280843956692,0.8817216424333439,0.14431693449478036,-1.2448467036897353,-0.6627108521509428,-1.0996719906799632,0.17053604632630293,0.22183437572560563,0.27621696173737037,0.17184007930855758
1928,-0.5230720771255777,-1.5681864291091574,0.14431693449478036,0.410284830166764,0.24472507212550018,-0.920658610838248,0.09440578016256707,-0.4289343099850828,-0.4067210910408021,-0.3949791943856899
1929,-0.20662095444956474,-1.5681864291091574,1.7206494582845442,-0.8310638202256104,-0.03448598149801883,0.6904618077371967,0.09499017159857621,-0.08126336830403057,-0.056496448590457056,-0.0690581120114973
1930,0.4473780324141958,-1.5681864291091574,0.14431693449478036,-0.8310638202256104,0.5239361257490193,0.2429283581329067,0.2491632577166233,0.5873345964672243,0.5914191399426809,0.6536364619486673
1931,-0.9450069073602619,0.8817216424333439,-1.4320155892949833,-0.4172809367614856,-0.24389427171566183,-0.6521385410756733,0.06662062370504171,-1.0440444375746376,-1.0546366795739395,-1.0609918409764298
1932,1.0169900532310194,-1.5681864291091574,1.7206494582845442,-1.2448467036897353,1.1521609964019384,0.6904618077371967,0.26387929660521703,1.0330665729813941,0.9679106305768014,1.149603326431133
1933,-0.5441688186373119,0.8817216424333439,-1.4320155892949833,-1.2448467036897353,-0.8721191423685809,-0.2046050914713833,0.08696807097699623,-0.38436111233366593,-0.39796547497954293,-0.4800020854398264
1934,0.46847477392593007,-0.751550405261657,-0.9065714146983955,-1.2448467036897353,1.2219637598078192,1.5855287069457766,0.29203633852202093,0.4803589221038234,0.5388854435751288,0.6678069437910232
1935,-0.9872003903837303,0.8817216424333439,0.6697611090913683,0.8240677136308887,-0.03448598149801883,-1.0996719906799632,0.030441481166657812,-1.1510201119380377,-1.1071703759414915,-1.1176737683458546
1936,-0.37539488654343833,0.8817216424333439,-1.4320155892949833,-1.2448467036897353,-0.7325136155568189,-0.6521385410756733,0.114540721457791,-0.17040976360686422,-0.14405260920304294,-0.23910389411977154
1937,-0.5652655601490462,0.06508561858584352,0.14431693449478036,-0.8310638202256104,0.5239361257490193,-0.2046050914713833,0.06598310577484992,-0.5002514262273501,-0.5468109480209394,-0.46583160359747056
1938,-0.6074590431725145,-1.5681864291091574,-0.38112724010180754,-1.2448467036897353,-0.5231053253391809,-1.0996719906799632,0.09020878712213781,-0.4913367866970668,-0.4592547874083535,-0.5225135309668953
1939,0.5950552229963354,0.8817216424333439,0.6697611090913683,-1.2448467036897353,0.5937388891549003,-1.591958785244683,0.26823566912819424,0.6943102708306251,0.7227533808615598,0.7811707985298727
1940,0.4473780324141958,0.06508561858584352,-0.38112724010180754,0.8240677136308887,-0.5929080887450618,2.033062156550067,0.26563247091324443,0.7032249103609084,0.66146406843275,0.5969545345792426
1941,-0.7973297167781225,0.8817216424333439,0.14431693449478036,1.2378505970950135,0.1749223087196192,-1.0996719906799632,0.06550496732720608,-0.8300930888478358,-0.7832125816749225,-0.777582204129306
1942,-0.7973297167781225,0.06508561858584352,-0.9065714146983955,1.6516334805591384,-1.5003440130215,0.6904618077371967,0.06013919141475854,-0.7409466935450014,-0.678145188939819,-0.8484346133410873
1943,0.4262812909024616,0.06508561858584352,0.14431693449478036,-1.2448467036897353,-0.6627108521509428,0.6904618077371967,0.2249375763693354,0.6319077941186418,0.5651522917589049,0.5119316435251055
1944,-0.6285557846842488,0.06508561858584352,-0.9065714146983955,0.410284830166764,-0.38349979852741883,1.1379952573414867,0.0980183817669872,-0.5448246238787668,-0.5730777962047154,-0.5933659401786759
1945,-0.8395231998015908,-1.5681864291091574,1.7206494582845442,-0.4172809367614856,0.6635416525607812,1.1379952573414867,0.043988737183233276,-0.9727273213323704,-0.9057912065325429,-0.8626050951834432
1946,1.5233118495126405,0.06508561858584352,0.14431693449478036,0.410284830166764,-0.24389427171566183,0.2429283581329067,0.8389735961323912,1.5055424680864145,1.4319582818235084,1.4188424814359009
1947,-1.0293938734071988,0.8817216424333439,-0.38112724010180754,1.6516334805591384,0.4541333623431382,-0.2046050914713833,0.042607448334484405,-1.2223372281803049,-1.2385046168603704,-1.1743556957152792
1948,-1.050490614918933,-1.5681864291091574,1.1952052836879563,1.6516334805591384,1.2219637598078192,-0.6521385410756733,0.046645061892365725,-1.240166507240872,-1.2647714650441464,-1.1318442501882104
1949,-0.7973297167781225,0.8817216424333439,-0.9065714146983955,0.8240677136308887,0.035316781907857205,-0.2046050914713833,0.07373957392551665,-0.8122638097872686,-0.8269906619812155,-0.8059231678140184
1950,-0.8395231998015908,0.06508561858584352,1.1952052836879563,-1.2448467036897353,-0.24389427171566183,1.1379952573414867,0.03729479891621952,-0.9459834027415199,-0.8970355904712844,-0.9334575043952245
1951,0.48957151543766425,0.06508561858584352,0.14431693449478036,1.2378505970950135,-1.430541249615619,1.1379952573414867,0.5602720076502151,0.801285945194026,0.731508996922819,0.5686135708945302
1952,0.48957151543766425,-1.5681864291091574,0.14431693449478036,-0.8310638202256104,-0.4533025619332999,0.6904618077371967,0.224087552462413,0.6943102708306251,0.7402646129840774,0.6536364619486673
1953,-0.6074590431725145,-1.5681864291091574,0.14431693449478036,0.410284830166764,-0.8721191423685809,2.4805956061543566,0.09461828613929767,-0.5002514262273501,-0.5468109480209394,-0.6075364220210324
1954,-0.9872003903837303,0.8817216424333439,0.14431693449478036,1.2378505970950135,-0.31369703512154284,-1.0996719906799632,0.0498857780375073,-1.1421054724077544,-1.11592599200275,-1.146014732030567
1955,-0.5652655601490462,0.8817216424333439,0.14431693449478036,0.410284830166764,-0.10428874490389983,-0.6521385410756733,0.12165967167826595,-0.4200196704547996,-0.44174355528583586,-0.43749063991275816
1956,0.4473780324141958,-0.751550405261657,1.1952052836879563,-1.2448467036897353,1.2917665232137003,-0.2046050914713833,0.24374435530999308,0.5338467592855243,0.5563966756976465,0.7103183893180921
1957,-0.8817166828250593,0.8817216424333439,-0.9065714146983955,0.410284830166764,-0.6627108521509428,-0.2046050914713833,0.041810550921744676,-0.9548980422718031,-0.9233024386550606,-0.9901394317646491
1958,0.5528617399728669,-1.5681864291091574,-0.9065714146983955,-1.2448467036897353,-1.7097523032391428,1.1379952573414867,0.32205280773521755,0.8102005847243092,0.8540876217804394,0.5969545345792426
1959,-1.050490614918933,-1.5681864291091574,-1.4320155892949833,-0.8310638202256104,1.2219637598078192,-1.0996719906799632,0.0286883068586304,-1.2758250653620058,-1.282282697166664,-1.1601852138729227
1960,-0.6285557846842488,-0.751550405261657,-1.4320155892949833,-1.2448467036897353,1.5709775768372194,-0.6521385410756733,0.06093608882749827,-0.6250563796513173,-0.7306788853073704,-0.5083430491245388
1961,0.46847477392593007,-0.751550405261657,0.14431693449478036,-0.8310638202256104,1.6407803402430954,1.1379952573414867,0.2220156191892897,0.462529643043257,0.48635174720757746,0.681977425633379
1962,-0.5441688186373119,0.06508561858584352,1.1952052836879563,-0.8310638202256104,-0.24389427171566183,0.6904618077371967,0.06348616054826542,-0.437848949515366,-0.4592547874083535,-0.46583160359747056
1963,-0.9450069073602619,0.8817216424333439,0.14431693449478036,0.410284830166764,-0.17409150830978082,-0.2046050914713833,0.037507304892950115,-1.079702995695771,-1.0283698313901641,-1.0609918409764298
1964,-0.8817166828250593,-1.5681864291091574,-0.9065714146983955,-1.2448467036897353,0.3145278355313812,-1.6367121302051126,0.04414811666578122,-0.9638126818020863,-0.9145468225938014,-0.9051165407105121
1965,0.48957151543766425,-1.5681864291091574,1.1952052836879563,-0.8310638202256104,0.9427527061843003,0.2429283581329067,0.21569356638155449,0.6051638755277915,0.5563966756976465,0.6961479074757362
1966,-0.9872003903837303,0.06508561858584352,0.6697611090913683,1.2378505970950135,0.1051195453137382,1.1379952573414867,0.032300908463050525,-1.1777640305288881,-1.1334372241252668,-1.1318442501882104
1967,-0.20662095444956474,0.8817216424333439,1.7206494582845442,-1.2448467036897353,0.5937388891549003,-0.6521385410756733,0.1029060192317909,-0.06343408924346336,-0.04774083252919862,0.015964779042639207
1968,-1.050490614918933,0.06508561858584352,-1.4320155892949833,-0.4172809367614856,-0.5231053253391809,0.6904618077371967,0.05827976411836583,-1.2490811467711553,-1.2647714650441464,-1.2877195504541288
1969,-0.8184264582898567,0.06508561858584352,-0.9065714146983955,0.410284830166764,0.4541333623431382,1.1379952573414867,0.05349837964192743,-0.9103248446203863,-0.8620131262262499,-0.8342641314987308
1970,-0.2699111789847672,0.06508561858584352,1.1952052836879563,-1.2448467036897353,-0.8721191423685809,1.1379952573414867,0.10168410986558997,-0.03669017065261294,-0.07400768071297392,-0.1540810030656344
1971,3.12666420440444,0.06508561858584352,-0.38112724010180754,-1.2448467036897353,-1.7097523032391428,0.2429283581329067,0.7394676725282898,2.5574699326598553,2.4738765931132844,2.19821898276549
1972,1.9452466797473245,0.06508561858584352,0.14431693449478036,-0.0034980532973608127,-0.8721191423685809,0.6904618077371967,0.37661371726079795,1.8442987702371836,1.7296492279063014,1.631399709071244
1973,-0.05894376386742515,0.8817216424333439,0.14431693449478036,-0.8310638202256104,-0.03448598149801883,-0.6521385410756733,0.12755671253253997,0.1594318990136216,0.19741641718604294,0.17184007930855758
1974,-0.7762329752663882,0.8817216424333439,0.6697611090913683,1.2378505970950135,0.3145278355313812,-0.2046050914713833,0.04807947723529724,-0.8211784493175527,-0.7832125816749225,-0.7634117222869502
1975,1.5233118495126405,0.8817216424333439,1.1952052836879563,-0.8310638202256104,-0.31369703512154284,-0.2046050914713833,0.4702757265048079,1.478798549495564,1.4232026657622499,1.390501517751188
1976,-0.5863623016607803,-1.5681864291091574,-1.4320155892949833,-1.2448467036897353,1.0823582329960573,-0.2046050914713833,0.06794878605960793,-0.5537392634090501,-0.5292997158984225,-0.4233201580704017
1977,2.5570521835876163,-1.5681864291091574,0.14431693449478036,-0.8310638202256104,0.1749223087196192,-1.5472054402842532,0.9034160335759444,2.0493354794337013,2.0886294864179042,2.0848551280266405
1978,-0.9661036488719961,-1.5681864291091574,1.1952052836879563,0.8240677136308887,-0.03448598149801883,1.1379952573414867,0.03644477500929714,-1.1421054724077544,-1.0896591438189738,-1.1035032865034986
1979,0.48957151543766425,-1.5681864291091574,-0.38112724010180754,-0.8310638202256104,0.9427527061843003,-0.6521385410756733,0.17467991287254955,0.6229931545883579,0.5651522917589049,0.7103183893180921
1980,-1.050490614918933,0.8817216424333439,1.1952052836879563,0.8240677136308887,0.3145278355313812,-1.0996719906799632,0.04122615948573553,-1.2669104258317225,-1.273527081105405,-1.231037623084704
1981,-0.8606199413133251,-1.5681864291091574,1.7206494582845442,1.2378505970950135,0.7333444159666572,0.2429283581329067,0.038144822823141904,-0.99947123992322,-0.9408136707775774,-0.8909460588681556
1982,-0.8817166828250593,0.8817216424333439,-0.9065714146983955,0.8240677136308887,-0.31369703512154284,-0.6521385410756733,0.048823248153854325,-0.9370687632112367,-0.888279974410026,-0.9334575043952245
1983,0.4262812909024616,0.06508561858584352,0.14431693449478036,-1.2448467036897353,0.5937388891549003,1.1379952573414867,0.2811454072145779,0.524932119755241,0.49510736326883587,0.5827840527368867
1984,-0.5230720771255777,0.06508561858584352,-0.9065714146983955,1.6516334805591384,-0.38349979852741883,-0.2046050914713833,0.12569728523614726,-0.38436111233366593,-0.4154767071020606,-0.43749063991275816
1985,0.48957151543766425,-0.751550405261657,-0.38112724010180754,-0.8310638202256104,1.4313720500254572,2.4805956061543566,0.3064336184455188,0.5605906778763746,0.49510736326883587,0.7103183893180921
1986,-0.7762329752663882,-1.5681864291091574,-0.38112724010180754,-1.2448467036897353,-1.081527432586219,-0.2046050914713833,0.0380385698347766,-0.7320320540147182,-0.704412037123595,-0.8200936496563749
1987,0.46847477392593007,0.06508561858584352,-0.9065714146983955,-0.8310638202256104,-0.5929080887450618,1.5855287069457766,0.23274717101418477,0.5873345964672243,0.5038629793300943,0.4694201979980372
1988,0.4262812909024616,-0.751550405261657,1.7206494582845442,-1.2448467036897353,-1.5701467764273809,1.5855287069457766,0.19210540296445838,0.6497370731792083,0.6877309166165253,0.4552497161556807
1989,-0.9239101658485277,0.06508561858584352,-0.9065714146983955,0.410284830166764,0.035316781907857205,0.2429283581329067,0.04526377304361685,-1.0529590771049209,-1.0108585992676464,-1.0184803954493615
1990,-0.1855242129378305,0.8817216424333439,0.14431693449478036,0.8240677136308887,-0.31369703512154284,-0.6521385410756733,0.19709929341762736,-0.03669017065261294,0.013548479899611962,-0.040717148326785545
1991,-0.755136233754654,0.06508561858584352,0.6697611090913683,1.2378505970950135,-0.17409150830978082,0.2429283581329067,0.0525952292408224,-0.6963734958935845,-0.7569457334911465,-0.7350707586022378
1992,-0.5652655601490462,-0.751550405261657,-1.4320155892949833,-1.2448467036897353,-3.524624151792019,0.6904618077371967,0.06619561175158051,-0.3041293565611155,-0.3191649304282155,-0.6925593130751695
1993,-0.20662095444956474,0.06508561858584352,-0.9065714146983955,0.410284830166764,-1.5003440130215,1.5855287069457766,0.15188864686819317,0.06137086418050393,0.031059712022128826,-0.12574003938092204
1994,-0.7973297167781225,0.8817216424333439,-0.9065714146983955,0.8240677136308887,0.035316781907857205,-0.6521385410756733,0.06013919141475854,-0.8122638097872686,-0.7657013495524049,-0.777582204129306
1995,0.46847477392593007,1.6983576662808442,1.1952052836879563,-0.8310638202256104,2.4784135011136574,0.2429283581329067,0.20119003346969133,0.5338467592855243,0.4250624347787669,0.7953412803722286
1996,-0.9872003903837303,0.8817216424333439,1.1952052836879563,1.2378505970950135,-0.03448598149801883,-1.0996719906799632,0.044520002125059764,-1.1510201119380377,-1.0984147598802323,-1.1176737683458546
1997,-0.3121046620082356,0.06508561858584352,0.14431693449478036,0.410284830166764,-1.5003440130215,0.2429283581329067,0.10465919353981831,-0.07234872877374655,-0.10027452889675,-0.25327437596212804
1998,0.8482161211371456,1.6983576662808442,1.1952052836879563,-0.0034980532973608127,1.8501886304607433,-1.0996719906799632,0.1410508420549328,0.9260908986179933,0.7665314611678535,1.0929213990617082
1999,-0.8606199413133251,0.06508561858584352,-1.4320155892949833,0.8240677136308887,-1.5003440130215,1.1379952573414867,0.05450778303139776,-0.9014102050901031,-0.8620131262262499,-1.0184803954493615
2000,0.8904096041606141,0.8817216424333439,0.14431693449478036,-0.8310638202256104,0.5239361257490193,-0.6521385410756733,0.34627848908250547,0.9974080148602605,0.9416437823930253,1.0362394716922834
2001,1.9241499382355902,0.06508561858584352,1.1952052836879563,0.410284830166764,-0.31369703512154284,0.2429283581329067,0.5860914838229825,1.701664537752649,1.6333374512324563,1.603058745386531
2002,1.5022151080009063,0.06508561858584352,0.14431693449478036,0.410284830166764,0.1051195453137382,0.6904618077371967,0.7615151676140891,1.4074814332532968,1.4494695139460252,1.4330129632782567
2003,-0.1855242129378305,1.6983576662808442,0.6697611090913683,0.410284830166764,2.0595969206783815,1.1379952573414867,0.11730329915528874,-0.17040976360686422,-0.24036438587688802,0.03013526088499571
2004,1.67098904009478,0.8817216424333439,1.1952052836879563,1.6516334805591384,0.5937388891549003,-1.0996719906799632,0.8406205174520534,1.5501156657378312,1.493247594252319,1.603058745386531
2005,-1.0293938734071988,0.06508561858584352,-0.38112724010180754,-1.2448467036897353,0.6635416525607812,0.2429283581329067,0.02964458375391808,-1.240166507240872,-1.2472602329216296,-1.1743556957152792
2006,-0.8817166828250593,0.8817216424333439,0.14431693449478036,0.410284830166764,0.24472507212550018,-0.2046050914713833,0.04250119534611911,-0.99947123992322,-0.932058054716319,-0.9334575043952245
2007,-0.8184264582898567,0.8817216424333439,-1.4320155892949833,0.410284830166764,0.035316781907857205,-0.2046050914713833,0.05307336768846624,-0.8479223679084023,-0.8532575101649915,-0.8342641314987308
2008,-0.9872003903837303,0.8817216424333439,-1.4320155892949833,0.410284830166764,0.38433059893725724,-0.2046050914713833,0.049301386601498166,-1.1599347514683216,-1.1947265365540773,-1.1318442501882104
2009,0.7638291550902088,0.8817216424333439,-0.38112724010180754,-1.2448467036897353,0.3145278355313812,-1.5472054402842532,0.32067151888646866,0.8815177009665764,0.8891100860254739,0.9228756169534352
2010,-0.45978185259037524,0.06508561858584352,0.14431693449478036,0.410284830166764,0.4541333623431382,-1.0996719906799632,0.09929341762737078,-0.3130439960913987,-0.3279205464894739,-0.2674448578044839
2011,0.21531387578511957,0.8817216424333439,1.1952052836879563,0.410284830166764,-0.03448598149801883,-0.6521385410756733,0.25357275673378316,0.409041805861557,0.46008489902380134,0.4269087524709683
2012,1.5022151080009063,0.06508561858584352,-0.38112724010180754,1.2378505970950135,-0.8023163789626999,1.1379952573414867,0.6494182648887,1.4877131890258481,1.4757363621298014,1.3479900722241203
2013,-0.438685111078641,0.8817216424333439,1.1952052836879563,1.6516334805591384,-0.5231053253391809,-0.2046050914713833,0.10752802422568135,-0.2863000775005483,-0.2578756179994049,-0.3241267851739087
2014,1.5655053325361088,0.8817216424333439,1.1952052836879563,0.410284830166764,-0.24389427171566183,-0.2046050914713833,0.7492429474578972,1.5501156657378312,1.4757363621298014,1.4613539269629696
2015,-0.1644274714260963,0.06508561858584352,1.7206494582845442,1.2378505970950135,-0.24389427171566183,1.5855287069457766,0.1170376666843755,0.03462694558965351,-0.03022960040668098,-0.026546666484429042
2016,0.9536998286958168,0.8817216424333439,0.14431693449478036,0.8240677136308887,0.1749223087196192,-1.0996719906799632,0.5092705732348722,1.0508958520419613,1.0642224072506465,1.0787509172193523
2017,-0.5652655601490462,-1.5681864291091574,1.1952052836879563,0.8240677136308887,-0.38349979852741883,-0.2046050914713833,0.08755246241300536,-0.4556782285759332,-0.4154767071020606,-0.4800020854398264
2018,0.4473780324141958,-1.5681864291091574,-0.9065714146983955,-1.2448467036897353,-1.360738486209743,-0.6521385410756733,0.2865643096212081,0.7477981080123259,0.7577758451065942,0.5686135708945302
2019,0.21531387578511957,-1.5681864291091574,0.14431693449478036,-1.2448467036897353,-0.31369703512154284,0.2429283581329067,0.20081814801041278,0.3109807710284393,0.3462618902274394,0.28520393404740707
2020,2.578148925099351,0.8817216424333439,1.7206494582845442,-1.2448467036897353,0.3145278355313812,-0.2046050914713833,0.6976571216065451,2.0760793980245524,2.0798738703566455,2.113196091711354
2021,0.48957151543766425,0.8817216424333439,0.14431693449478036,1.6516334805591384,0.1749223087196192,-0.6521385410756733,0.49115443871858894,0.6408224336489251,0.6527084523714916,0.6678069437910232
2022,-0.438685111078641,-0.751550405261657,0.14431693449478036,-1.2448467036897353,-1.5701467764273809,2.033062156550067,0.07002071933273123,-0.2506415193794147,-0.20534192163185352,-0.3949791943856899
2023,-0.4808785941021094,0.8817216424333439,-1.4320155892949833,0.410284830166764,-0.03448598149801883,-0.6521385410756733,0.09833714073208309,-0.3487025542125323,-0.3279205464894739,-0.33829726701626517
2024,-0.9239101658485277,0.8817216424333439,-1.4320155892949833,0.8240677136308887,0.4541333623431382,-1.0996719906799632,0.04526377304361685,-1.0173005189837871,-0.9845917510838703,-0.9476279862375803
2025,0.21531387578511957,-0.751550405261657,0.14431693449478036,0.410284830166764,0.9427527061843003,-0.2046050914713833,0.23216277957817563,0.3555539686798561,0.3725287384112155,0.4835906798403931
2026,2.0085369042825274,0.06508561858584352,-0.38112724010180754,0.410284830166764,-0.17409150830978082,0.2429283581329067,0.5060829835839133,1.7997255725857666,1.7121379957837843,1.7164226001253804
2027,0.02544320217951176,-1.5681864291091574,0.14431693449478036,-1.2448467036897353,-0.31369703512154284,-0.2046050914713833,0.15183552037401052,0.25749293384673844,0.27621696173737037,0.22852200667798234
2028,0.7638291550902088,0.8817216424333439,1.1952052836879563,0.410284830166764,0.38433059893725724,-0.2046050914713833,0.3826701375976199,0.8815177009665764,0.8103095414741465,0.8945346532687222
2029,-0.8606199413133251,0.8817216424333439,0.6697611090913683,-1.2448467036897353,0.24472507212550018,-1.0996719906799632,0.03235403495723317,-0.9548980422718031,-0.8970355904712844,-0.8909460588681556
2030,2.5570521835876163,0.8817216424333439,0.6697611090913683,-1.2448467036897353,0.7333444159666572,-0.2046050914713833,0.5519311480635393,2.0582501189639846,1.9660508615602845,2.113196091711354
2031,0.6372487060198039,0.8817216424333439,-0.9065714146983955,1.6516334805591384,0.1749223087196192,-0.2046050914713833,0.5914041332412474,0.7477981080123259,0.7752870772291119,0.7811707985298727
2032,-0.9661036488719961,0.06508561858584352,0.14431693449478036,0.410284830166764,-0.7325136155568189,1.1379952573414867,0.04675131488073102,-1.0975322747563376,-1.11592599200275,-1.1601852138729227
2033,-1.1137808394541355,-1.5681864291091574,1.1952052836879563,1.2378505970950135,0.8031471793725382,-1.0996719906799632,0.03006959570737927,-1.4273739373768235,-1.3873500899017668,-1.330230995981197
2034,0.46847477392593007,0.8817216424333439,-1.4320155892949833,0.410284830166764,0.6635416525607812,-0.6521385410756733,0.36412899112787545,0.6319077941186418,0.5651522917589049,0.681977425633379
2035,-0.14333072991436205,0.06508561858584352,1.1952052836879563,1.6516334805591384,0.3145278355313812,-0.6521385410756733,0.1550762365191521,0.05245622465022072,0.013548479899611962,0.07264670641206396
2036,1.396731400442235,-1.5681864291091574,0.14431693449478036,-1.2448467036897353,0.7333444159666572,0.6904618077371967,0.5190458481644796,1.2470179217081958,1.2656015766595943,1.3479900722241203
2037,-0.5441688186373119,0.06508561858584352,0.14431693449478036,0.410284830166764,0.035316781907857205,0.2429283581329067,0.08829623333156245,-0.4556782285759332,-0.38920985891828447,-0.40914967622804577
2038,0.7427324135784745,0.8817216424333439,1.1952052836879563,-0.8310638202256104,0.38433059893725724,-0.6521385410756733,0.2570259788556553,0.8369445033151597,0.8891100860254739,0.9087051351110781
2039,-1.0293938734071988,0.8817216424333439,0.6697611090913683,-0.8310638202256104,-0.5231053253391809,-0.6521385410756733,0.02013494129522393,-1.1955933095894553,-1.142192840186526,-1.2026966593999917
2040,-0.20662095444956474,0.8817216424333439,1.1952052836879563,-1.2448467036897353,-0.5231053253391809,-0.6521385410756733,0.13175370557296923,0.03462694558965351,0.0573265602059049,-0.012376184642073167
2041,-0.9661036488719961,1.6983576662808442,-1.4320155892949833,1.2378505970950135,-5.4092987637507814,-0.6521385410756733,0.053764012112840674,-0.8300930888478358,-0.8532575101649915,-1.3585719596659094
2042,0.4262812909024616,-1.5681864291091574,-0.9065714146983955,-0.8310638202256104,1.0125554695901813,-0.6521385410756733,0.21064654943420283,0.578419956936941,0.521374211452612,0.681977425633379
2043,0.4473780324141958,0.06508561858584352,1.1952052836879563,0.8240677136308887,-0.7325136155568189,0.2429283581329067,0.3750199224353185,0.7032249103609084,0.66146406843275,0.5827840527368867
2044,-0.6918460092194515,0.8817216424333439,0.6697611090913683,1.2378505970950135,-0.10428874490389983,-1.0996719906799632,0.07251766455931573,-0.6607149377724509,-0.6343671086335261,-0.6500478675481006
2045,0.21531387578511957,-1.5681864291091574,0.14431693449478036,1.6516334805591384,-0.5231053253391809,2.4805956061543566,0.29240822398129945,0.3555539686798561,0.3112394259824049,0.2710334522050506
2046,-0.1644274714260963,0.8817216424333439,0.6697611090913683,1.6516334805591384,-0.03448598149801883,-1.0996719906799632,0.1344100302821017,-0.018860891592046524,0.022304095960870397,0.0017942972002833347
2047,1.6076988155595773,-0.751550405261657,-0.38112724010180754,-1.2448467036897353,1.3615692866195812,-0.2046050914713833,0.41768049726398554,1.4342253518441472,1.3268908890884048,1.5747177817018192
2048,-1.0926840979424013,-1.5681864291091574,-1.4320155892949833,0.8240677136308887,-1.919160593456781,1.1379952573414867,0.024013175370557298,-1.3114836234831393,-1.2385046168603704,-1.4294243688776906
2049,-0.20662095444956474,0.8817216424333439,0.14431693449478036,0.8240677136308887,0.1749223087196192,-1.0996719906799632,0.14482282314190087,-0.018860891592046524,0.0047928638383535295,0.015964779042639207
2050,-0.5652655601490462,0.8817216424333439,0.14431693449478036,1.6516334805591384,-0.10428874490389983,-1.0996719906799632,0.11321255910322478,-0.4645928681062164,-0.43298793922457746,-0.451661121755114
2051,1.586602074047843,0.06508561858584352,-0.38112724010180754,0.410284830166764,-0.31369703512154284,1.5855287069457766,0.6220049938904532,1.5412010262075482,1.4494695139460252,1.4330129632782567
2052,2.599245666611085,-1.5681864291091574,0.6697611090913683,-0.8310638202256104,-0.38349979852741883,-1.0996719906799632,0.675450247038198,2.14739651426682,2.2112081112755253,2.0990256098689968
2053,1.5022151080009063,0.06508561858584352,1.7206494582845442,1.6516334805591384,0.5239361257490193,0.6904618077371967,0.46591935398183076,1.3896521541927305,1.4056914336397324,1.4613539269629696
2054,0.23641061729685378,-0.751550405261657,1.7206494582845442,0.410284830166764,-0.31369703512154284,1.5855287069457766,0.17478616586091483,0.40012716633127293,0.45132928296254293,0.38439730694390006
2055,-0.9239101658485277,0.8817216424333439,-1.4320155892949833,0.410284830166764,-0.38349979852741883,-0.6521385410756733,0.04191680391010997,-1.0173005189837871,-0.9670805189613535,-1.0184803954493615
2056,0.5739584814846012,0.8817216424333439,-0.9065714146983955,-1.2448467036897353,-0.7325136155568189,-0.2046050914713833,0.34994421718110824,0.7834566661334595,0.7927983093516288,0.681977425633379
2057,0.5528617399728669,0.8817216424333439,-0.38112724010180754,-1.2448467036897353,-0.24389427171566183,-1.0996719906799632,0.2759390107846783,0.7923713056637428,0.7402646129840774,0.7244888711604479
2058,-0.14333072991436205,-1.5681864291091574,0.14431693449478036,0.8240677136308887,0.1749223087196192,-0.2046050914713833,0.17000478138447644,-0.0010316125314793153,0.013548479899611962,0.03013526088499571
2059,-0.7973297167781225,-1.5681864291091574,0.6697611090913683,0.8240677136308887,-0.9419219057744619,1.1379952573414867,0.04202305689847527,-0.8122638097872686,-0.7481901174298881,-0.8626050951834432
2060,0.46847477392593007,0.8817216424333439,-0.38112724010180754,-0.0034980532973608127,0.24472507212550018,-0.6521385410756733,0.2118153323062211,0.6408224336489251,0.5826635238814225,0.6394659801063115
2061,1.5233118495126405,0.06508561858584352,0.6697611090913683,-1.2448467036897353,0.7333444159666572,2.033062156550067,0.4938107634277214,1.3896521541927305,1.309379656965888,1.4471834451206125
2062,0.21531387578511957,1.6983576662808442,1.1952052836879563,-1.2448467036897353,2.548216264519543,0.6904618077371967,0.16708282420443074,0.2753222129073057,0.23243888143107744,0.5686135708945302
2063,1.481118366489172,-1.5681864291091574,-1.4320155892949833,0.410284830166764,-1.639949539833262,2.033062156550067,0.6626998884343622,1.4877131890258481,1.5282700584973534,1.2487966993276265
2064,-0.8184264582898567,0.06508561858584352,1.1952052836879563,0.410284830166764,0.1051195453137382,0.6904618077371967,0.05636721032779047,-0.8568370074386863,-0.8795243583487669,-0.8484346133410873
2065,-1.050490614918933,-1.5681864291091574,-0.38112724010180754,1.6516334805591384,0.1749223087196192,-0.6521385410756733,0.029697710248100726,-1.293654344422572,-1.256015848982888,-1.24520810492706
2066,1.396731400442235,0.06508561858584352,1.7206494582845442,-0.8310638202256104,-1.1513301959920998,0.2429283581329067,0.33931891834457845,1.5144571076166977,1.4056914336397324,1.2771376630123397
2067,0.46847477392593007,0.06508561858584352,1.1952052836879563,0.410284830166764,0.5239361257490193,0.2429283581329067,0.34085958667587524,0.6497370731792083,0.5914191399426809,0.681977425633379
2068,-0.20662095444956474,0.8817216424333439,0.6697611090913683,0.410284830166764,-0.4533025619332999,-0.2046050914713833,0.1121500292195718,-0.02777553112232973,0.013548479899611962,-0.054887630169141416
2069,-0.1644274714260963,0.8817216424333439,1.1952052836879563,0.410284830166764,0.1051195453137382,0.2429283581329067,0.14859480422886895,-0.009946252061763314,0.013548479899611962,0.015964779042639207
2070,-0.5863623016607803,0.8817216424333439,0.14431693449478036,-0.8310638202256104,0.035316781907857205,-1.0996719906799632,0.05626095733942517,-0.5002514262273501,-0.4592547874083535,-0.46583160359747056
2071,-0.5230720771255777,0.8817216424333439,-1.4320155892949833,-1.2448467036897353,-0.24389427171566183,-1.0996719906799632,0.08861499229665834,-0.39327575186394914,-0.4154767071020606,-0.4233201580704017
2072,0.7216356720667403,0.06508561858584352,0.14431693449478036,-1.2448467036897353,-1.5003440130215,0.2429283581329067,0.31477447803219466,0.9350055381482772,0.9328881663317669,0.7244888711604479
2073,-0.1011372468908936,0.06508561858584352,-0.9065714146983955,-0.8310638202256104,-0.31369703512154284,0.6904618077371967,0.09870902619136163,0.13268798042277116,0.08359340838968098,0.07264670641206396
2074,0.9115063456723483,0.06508561858584352,0.14431693449478036,1.6516334805591384,-0.10428874490389983,0.6904618077371967,0.6072358285076768,0.9528348172088437,1.0204443269443535,0.9653870624805029
2075,-1.0082971318954645,0.06508561858584352,1.1952052836879563,-1.2448467036897353,0.5937388891549003,0.2429283581329067,0.03251341443978112,-1.2134225886500216,-1.212237768676595,-1.146014732030567
2076,-0.9872003903837303,0.8817216424333439,-0.38112724010180754,1.2378505970950135,0.24472507212550018,-1.0996719906799632,0.038782340753333686,-1.1331908328774714,-1.0809035277577155,-1.0751623228187863
2077,0.29970084183205625,0.8817216424333439,1.1952052836879563,1.2378505970950135,0.4541333623431382,0.2429283581329067,0.34468469425702597,0.4357857244524066,0.4688405150850598,0.5119316435251055
2078,-0.6074590431725145,-0.751550405261657,-0.9065714146983955,0.410284830166764,1.2219637598078192,-0.6521385410756733,0.08861499229665834,-0.6161417401210341,-0.5555665640821986,-0.451661121755114
2079,1.1857639853248934,0.06508561858584352,0.6697611090913683,-0.8310638202256104,0.6635416525607812,0.2429283581329067,0.31679328481113533,1.202444724056779,1.1167561036181979,1.2487966993276265
2080,2.5359554420758825,1.6983576662808442,0.6697611090913683,-0.8310638202256104,2.4086107377077814,0.6904618077371967,0.5569250385167083,1.7908109330554836,1.7121379957837843,2.113196091711354
2081,0.5528617399728669,-1.5681864291091574,-0.38112724010180754,-1.2448467036897353,0.3145278355313812,0.2429283581329067,0.2591510386229613,0.6408224336489251,0.6964865326777845,0.7103183893180921
2082,-0.9661036488719961,0.8817216424333439,1.1952052836879563,1.2378505970950135,-0.31369703512154284,-1.0996719906799632,0.04584816447962599,-1.061873716635204,-1.0283698313901641,-1.0609918409764298
2083,-0.45978185259037524,-1.5681864291091574,-1.4320155892949833,0.410284830166764,-1.5003440130215,0.6904618077371967,0.10125909791212878,-0.2952147170308315,-0.2578756179994049,-0.43749063991275816
2084,-1.0293938734071988,0.8817216424333439,-0.9065714146983955,0.410284830166764,0.24472507212550018,-0.6521385410756733,0.038994846730064286,-1.240166507240872,-1.212237768676595,-1.1885261775576352
2085,0.6583454475315381,0.06508561858584352,-1.4320155892949833,0.8240677136308887,-0.38349979852741883,0.2429283581329067,0.4424905700472826,0.8547737823757269,0.8015539254128881,0.7670003166875169
2086,0.5106682569493985,0.8817216424333439,-0.38112724010180754,0.8240677136308887,0.6635416525607812,-1.0996719906799632,0.29628645805663284,0.6229931545883579,0.66146406843275,0.7244888711604479
2087,0.4262812909024616,1.6983576662808442,-1.4320155892949833,0.410284830166764,3.2462438985783435,-2.889805789097123,0.238006693938267,0.5160174802249571,0.4250624347787669,0.8803641714263664
2088,0.46847477392593007,-1.5681864291091574,-0.9065714146983955,-1.2448467036897353,0.7333444159666572,0.2429283581329067,0.3045741911491261,0.5695053174066579,0.5914191399426809,0.6678069437910232
2089,-1.0293938734071988,0.8817216424333439,-0.38112724010180754,0.8240677136308887,0.5937388891549003,-1.0996719906799632,0.028900812835360994,-1.240166507240872,-1.185970920492819,-1.146014732030567
2090,0.4473780324141958,-1.5681864291091574,-0.38112724010180754,-0.8310638202256104,-2.058766120268543,0.2429283581329067,0.22132497476491525,0.7477981080123259,0.7752870772291119,0.4835906798403931
2091,0.4473780324141958,0.06508561858584352,1.1952052836879563,0.410284830166764,0.24472507212550018,0.6904618077371967,0.31153376188705306,0.6229931545883579,0.5651522917589049,0.6252954982639549
2092,-0.12223398840262782,-1.5681864291091574,-0.38112724010180754,-0.8310638202256104,0.9427527061843003,-1.0996719906799632,0.11358444456250331,-0.009946252061763314,0.03981532808338804,0.1293286337814887
2093,-0.6918460092194515,0.06508561858584352,0.6697611090913683,-0.8310638202256104,-0.17409150830978082,2.033062156550067,0.04324496626467619,-0.6428856587118845,-0.6869008050010774,-0.678388831232813
2094,-0.4808785941021094,0.8817216424333439,-0.9065714146983955,-0.8310638202256104,-0.24389427171566183,-0.6521385410756733,0.07506773628008288,-0.35761719374281553,-0.31040931436695707,-0.35246774885862103
2095,-1.050490614918933,0.06508561858584352,-1.4320155892949833,-0.4172809367614856,0.1051195453137382,0.2429283581329067,0.05450778303139776,-1.3114836234831393,-1.256015848982888,-1.2593785867694165
2096,-0.1855242129378305,-1.5681864291091574,0.6697611090913683,0.410284830166764,-0.4533025619332999,1.1379952573414867,0.12665356213143494,-0.009946252061763314,0.031059712022128826,-0.040717148326785545
2097,-0.4808785941021094,0.8817216424333439,-1.4320155892949833,0.410284830166764,-0.10428874490389983,-0.6521385410756733,0.09833714073208309,-0.35761719374281553,-0.31040931436695707,-0.33829726701626517
2098,-1.050490614918933,0.06508561858584352,-0.38112724010180754,0.410284830166764,0.5937388891549003,0.2429283581329067,0.032300908463050525,-1.293654344422572,-1.326060777472957,-1.24520810492706
2099,-0.20662095444956474,0.06508561858584352,-1.4320155892949833,-1.2448467036897353,-0.31369703512154284,0.2429283581329067,0.12675981511980025,-0.018860891592046524,0.09234902445093941,0.0017942972002833347
2100,0.4473780324141958,0.8817216424333439,-1.4320155892949833,-0.8310638202256104,0.3145278355313812,-1.5472054402842532,0.2478882218562397,0.5873345964672243,0.6089303720651978,0.6394659801063115
2101,-0.7340394922429198,0.8817216424333439,0.6697611090913683,-0.4172809367614856,0.1749223087196192,-1.5472054402842532,0.055410933432502786,-0.7052881354238678,-0.6693895728785606,-0.6642183493904572
2102,-0.8395231998015908,0.8817216424333439,0.14431693449478036,1.2378505970950135,0.5239361257490193,-0.2046050914713833,0.07028635180364448,-0.8746662864992527,-0.888279974410026,-0.8200936496563749
2103,0.5739584814846012,1.6983576662808442,1.1952052836879563,-0.0034980532973608127,2.1293996840842575,-0.6521385410756733,0.12617542368379112,0.7121395498911923,0.6089303720651978,0.937046098795791
2104,-1.050490614918933,0.8817216424333439,1.1952052836879563,1.6516334805591384,-0.8023163789626999,-0.2046050914713833,0.03633852202093184,-1.2490811467711553,-1.212237768676595,-1.2877195504541288
2105,-0.9450069073602619,0.8817216424333439,-1.4320155892949833,0.8240677136308887,-0.10428874490389983,-0.2046050914713833,0.04404186367741593,-1.0975322747563376,-1.0546366795739395,-1.0751623228187863
2106,-0.7973297167781225,0.06508561858584352,0.6697611090913683,-1.2448467036897353,-0.38349979852741883,1.1379952573414867,0.04266057482866706,-0.8122638097872686,-0.8357462780424739,-0.8484346133410873
2107,1.1224737607896906,0.06508561858584352,0.6697611090913683,-0.8310638202256104,0.38433059893725724,0.6904618077371967,0.30627423896297085,1.140042247344795,1.0904892554344225,1.16377380827349
2108,-1.1770710639893383,-1.5681864291091574,-1.4320155892949833,1.2378505970950135,0.3145278355313812,0.6904618077371967,0.029325824788822185,-1.5521788908007907,-1.5011730986981295,-1.4861062962471148
2109,-1.0293938734071988,0.8817216424333439,0.14431693449478036,-0.4172809367614856,0.1749223087196192,-1.0996719906799632,0.04786697125856665,-1.2134225886500216,-1.1597040723090428,-1.1601852138729227
2110,-0.14333072991436205,0.8817216424333439,1.1952052836879563,-1.2448467036897353,-0.5929080887450618,-0.2046050914713833,0.1641077405302024,0.07028550371078714,0.10110464051219785,0.015964779042639207
2111,1.5022151080009063,1.6983576662808442,0.6697611090913683,0.410284830166764,2.1293996840842575,1.1379952573414867,0.47171014184773946,1.2915911193596128,1.1955566481695252,1.5463768180171062
2112,0.6161519645080696,0.8817216424333439,1.1952052836879563,-1.2448467036897353,0.3145278355313812,-0.6521385410756733,0.2668012537852627,0.7745420266031756,0.7139977648003013,0.7811707985298727
2113,-1.050490614918933,-0.751550405261657,1.1952052836879563,1.2378505970950135,1.1521609964019384,-0.6521385410756733,0.04191680391010997,-1.3025689839528563,-1.2472602329216296,-1.1601852138729227
2114,2.6836326326580218,0.8817216424333439,0.6697611090913683,-1.2448467036897353,-0.38349979852741883,-0.2046050914713833,0.7893003240716145,2.1295672352062516,2.18494126309175,2.0706846461842847
2115,-0.8184264582898567,0.06508561858584352,1.1952052836879563,1.6516334805591384,-0.10428874490389983,0.2429283581329067,0.05349837964192743,-0.8835809260295359,-0.818235045919957,-0.8484346133410873
2116,-0.14333072991436205,0.8817216424333439,-1.4320155892949833,1.2378505970950135,0.1749223087196192,-0.6521385410756733,0.25660096690219414,0.0167976665290871,0.04857094414464647,0.058476224569708087
2117,0.7638291550902088,-1.5681864291091574,-0.38112724010180754,-0.8310638202256104,1.0125554695901813,-0.2046050914713833,0.23667853158370078,0.8280298637848764,0.845332005719181,0.9653870624805029
2118,-0.9661036488719961,0.06508561858584352,1.1952052836879563,0.410284830166764,-0.31369703512154284,0.2429283581329067,0.031663390532858736,-1.0886176352260544,-1.0546366795739395,-1.0893328046611421
2119,-1.0293938734071988,-1.5681864291091574,-1.4320155892949833,0.410284830166764,0.5937388891549003,-0.6521385410756733,0.036126016044201244,-1.2758250653620058,-1.2297490007991119,-1.1885261775576352
2120,-0.8606199413133251,0.8817216424333439,0.14431693449478036,0.8240677136308887,-0.31369703512154284,-0.6521385410756733,0.047920097752749295,-0.9192394841506695,-0.888279974410026,-0.9192870225528679
2121,0.21531387578511957,-1.5681864291091574,0.6697611090913683,0.410284830166764,-2.337977173892062,2.033062156550067,0.1771237316049514,0.4981882011643906,0.5388854435751288,0.21435152483562583
2122,-0.1855242129378305,-1.5681864291091574,-0.38112724010180754,-1.2448467036897353,0.5239361257490193,1.1379952573414867,0.11135313180683207,-0.045604810182896936,0.013548479899611962,0.044305742727351584
2123,-0.8184264582898567,0.8817216424333439,-1.4320155892949833,0.8240677136308887,0.24472507212550018,-1.0996719906799632,0.061254847792594165,-0.8300930888478358,-0.8445018941037331,-0.8059231678140184
2124,-0.6074590431725145,-0.751550405261657,1.1952052836879563,-1.2448467036897353,1.2917665232137003,-1.0996719906799632,0.06970196036763535,-0.5983124610604676,-0.6168558765110084,-0.46583160359747056
2125,-0.8606199413133251,-0.751550405261657,0.14431693449478036,1.6516334805591384,1.2219637598078192,0.2429283581329067,0.0525952292408224,-0.99947123992322,-0.9495692868388359,-0.8484346133410873
2126,-0.438685111078641,0.8817216424333439,1.1952052836879563,0.8240677136308887,1.6407803402430954,-1.5472054402842532,0.09578706901131594,-0.3219586356216819,-0.38045424285702606,-0.1682514849079909
2127,0.5739584814846012,0.8817216424333439,0.6697611090913683,0.8240677136308887,0.1749223087196192,-0.2046050914713833,0.2816766721564044,0.738883468482042,0.6702196844940084,0.7244888711604479
2128,1.5444085910243748,0.06508561858584352,0.6697611090913683,0.8240677136308887,0.4541333623431382,0.6904618077371967,0.5803538224512564,1.4342253518441472,1.3706689693946978,1.4613539269629696
2129,0.5106682569493985,0.8817216424333439,1.1952052836879563,0.8240677136308887,-0.17409150830978082,-1.0996719906799632,0.3629070817616745,0.7210541894214756,0.7139977648003013,0.681977425633379
2130,1.481118366489172,0.06508561858584352,0.14431693449478036,0.8240677136308887,0.5937388891549003,0.2429283581329067,0.7925410402167561,1.4074814332532968,1.3356465051496633,1.4471834451206125
2131,-0.8817166828250593,0.8817216424333439,-0.38112724010180754,0.8240677136308887,-0.03448598149801883,-1.0996719906799632,0.050735801944429684,-0.9638126818020863,-0.9057912065325429,-0.9192870225528679
2132,-1.0715873564306673,0.8817216424333439,-0.9065714146983955,0.8240677136308887,-0.03448598149801883,-0.2046050914713833,0.03437284173617383,-1.3114836234831393,-1.3173051614116977,-1.3018900322964846
2133,-0.6074590431725145,0.06508561858584352,1.1952052836879563,0.410284830166764,-0.38349979852741883,1.1379952573414867,0.0763958986346491,-0.5448246238787668,-0.49427725165338804,-0.5508544946516076
2134,0.4262812909024616,1.6983576662808442,-0.9065714146983955,-0.8310638202256104,3.3160466619842195,0.6904618077371967,0.21064654943420283,0.4536150035129738,0.4163068187175084,0.8520232077416533
2135,0.5950552229963354,0.8817216424333439,1.1952052836879563,0.8240677136308887,0.4541333623431382,-1.0996719906799632,0.42102746639749244,0.7477981080123259,0.7840426932903704,0.8236822440569416
2136,0.8693128626488799,0.06508561858584352,0.14431693449478036,-0.8310638202256104,-0.17409150830978082,1.5855287069457766,0.2861924241619296,0.970664096269411,0.9066213181479907,0.9087051351110781
2137,-0.12223398840262782,0.8817216424333439,-0.9065714146983955,-0.8310638202256104,-0.4533025619332999,-0.2046050914713833,0.1429102693513255,0.07028550371078714,0.09234902445093941,0.03013526088499571
2138,0.8482161211371456,-1.5681864291091574,-0.38112724010180754,-1.2448467036897353,-0.6627108521509428,0.2429283581329067,0.3228497051479573,0.9528348172088437,0.9766662466380598,0.8661936895840104
2139,-0.7129427507311856,-1.5681864291091574,-1.4320155892949833,0.8240677136308887,-1.0117246691803428,0.779968497658056,0.07528024225681347,-0.6874588563633014,-0.6256114925722677,-0.7492412404445943
2140,-0.1644274714260963,0.8817216424333439,0.14431693449478036,-1.2448467036897353,0.035316781907857205,-0.2046050914713833,0.12962864580566327,-0.045604810182896936,0.0047928638383535295,-0.012376184642073167
2141,-0.9450069073602619,-0.751550405261657,1.1952052836879563,-1.2448467036897353,1.4313720500254572,-1.5472054402842532,0.02773202996334272,-1.1331908328774714,-1.0984147598802323,-0.9759689499222927
2142,-0.8395231998015908,0.06508561858584352,-0.9065714146983955,0.410284830166764,-0.03448598149801883,0.6904618077371967,0.05217021728736121,-0.8924955655598191,-0.8532575101649915,-0.8626050951834432
2143,0.21531387578511957,0.8817216424333439,1.1952052836879563,-0.8310638202256104,-0.17409150830978082,-0.2046050914713833,0.21420602454444032,0.409041805861557,0.43381805084002606,0.398567788786256
2144,-1.1981678055010725,-1.5681864291091574,-1.4320155892949833,1.6516334805591384,-0.10428874490389983,-0.2046050914713833,0.026828879562237687,-1.5878374489219242,-1.5449511790044221,-1.556958705458896
2145,0.21531387578511957,-1.5681864291091574,0.6697611090913683,0.410284830166764,1.1521609964019384,-0.6521385410756733,0.18535833820326197,0.3198954105587225,0.33750627416618095,0.4694201979980372
2146,2.346084768470274,0.06508561858584352,0.6697611090913683,-1.2448467036897353,0.8729499427784192,0.6904618077371967,0.7101418477394676,1.942359805070301,1.8697390848864393,2.028173200657216
2147,2.915696789287099,0.8817216424333439,0.6697611090913683,-0.8310638202256104,0.5239361257490193,-1.0996719906799632,0.8420549327949849,2.325689304872487,2.254986191581819,2.3540942830314084
2148,-0.1855242129378305,-1.5681864291091574,0.14431693449478036,1.2378505970950135,1.0125554695901813,1.1379952573414867,0.1520480263507411,-0.07234872877374655,-0.10903014495800843,0.03013526088499571
2149,0.23641061729685378,-0.751550405261657,1.1952052836879563,0.410284830166764,1.2917665232137003,0.2429283581329067,0.22615948573553632,0.3288100500890057,0.3550175062886978,0.4977611616827496
2150,0.4473780324141958,-1.5681864291091574,0.14431693449478036,0.8240677136308887,1.0823582329960573,1.1379952573414867,0.3786325240397386,0.5516760383460907,0.5126185953913535,0.6678069437910232
2151,0.21531387578511957,0.06508561858584352,-0.9065714146983955,-1.2448467036897353,-0.24389427171566183,2.033062156550067,0.23412845986293365,0.409041805861557,0.27621696173737037,0.31354489773211885
2152,-1.1981678055010725,0.8817216424333439,-1.4320155892949833,0.8240677136308887,0.1051195453137382,-1.0996719906799632,0.031132125591032248,-1.596752088452208,-1.5361955629431636,-1.5427882236165396
2153,-0.6285557846842488,0.8817216424333439,1.1952052836879563,0.410284830166764,0.1749223087196192,-0.6521385410756733,0.07698029007065824,-0.5715685424696173,-0.5468109480209394,-0.5366840128092512
2154,-0.5019753356138434,-1.5681864291091574,0.14431693449478036,-1.2448467036897353,1.5011748134313383,0.6904618077371967,0.07570525421027466,-0.5091660657576332,-0.45049917134709505,-0.3099563033315528
2155,0.08873342671471421,0.06508561858584352,0.14431693449478036,-1.2448467036897353,-1.919160593456781,0.6904618077371967,0.1654890293789513,0.40012716633127293,0.3462618902274394,0.1293286337814887
2156,0.7427324135784745,-0.751550405261657,-0.38112724010180754,0.410284830166764,0.9427527061843003,-0.6521385410756733,0.2999521861552356,0.7923713056637428,0.845332005719181,0.937046098795791
2157,-0.5863623016607803,0.06508561858584352,-1.4320155892949833,0.410284830166764,0.7333444159666572,-1.0996719906799632,0.092599479360357,-0.5180807052879165,-0.5468109480209394,-0.451661121755114
2158,-0.4808785941021094,-1.5681864291091574,-1.4320155892949833,-0.8310638202256104,-2.058766120268543,-0.07034505659009758,0.07352706794878607,-0.2773854379702651,-0.24036438587688802,-0.46583160359747056
2159,-0.9872003903837303,0.8817216424333439,-1.4320155892949833,0.410284830166764,0.38433059893725724,-0.6521385410756733,0.038410455294055144,-1.1331908328774714,-1.1071703759414915,-1.0751623228187863
2160,-0.20662095444956474,0.8817216424333439,-1.4320155892949833,-0.8310638202256104,0.3145278355313812,-0.6521385410756733,0.13600382510758116,-0.054519449713180144,-0.08276329677423314,-0.026546666484429042
2161,-0.9661036488719961,0.8817216424333439,1.1952052836879563,-1.2448467036897353,-0.17409150830978082,-1.0996719906799632,0.0286883068586304,-1.106446914286621,-1.0633922956351987,-1.0893328046611421
2162,1.5022151080009063,0.06508561858584352,1.1952052836879563,0.410284830166764,-1.779555066645019,1.5855287069457766,0.6496838973596133,1.5590303052681154,1.493247594252319,1.2487966993276265
2163,0.21531387578511957,-1.5681864291091574,-0.9065714146983955,0.410284830166764,0.8729499427784192,2.033062156550067,0.24799447484460502,0.2931514919678721,0.3462618902274394,0.4269087524709683
2164,2.578148925099351,-1.5681864291091574,1.1952052836879563,-0.8310638202256104,1.0125554695901813,-1.5472054402842532,0.720076502151623,1.986933002721718,1.8259610045801464,2.056514164341929
2165,-0.3121046620082356,0.06508561858584352,1.1952052836879563,1.2378505970950135,-1.7097523032391428,-0.2046050914713833,0.1333475003984487,-0.1258365659554474,-0.23160876981562958,-0.36663823070097756
2166,-0.9239101658485277,0.8817216424333439,0.14431693449478036,1.2378505970950135,-0.5231053253391809,-1.0996719906799632,0.05461403601976306,-1.0083858794535039,-0.9758361350226119,-1.0326508772917173
2167,-0.9872003903837303,-1.5681864291091574,0.6697611090913683,-1.2448467036897353,1.0125554695901813,0.2429283581329067,0.03038835467247516,-1.2045079491197386,-1.2034821526153359,-1.1035032865034986
2168,-0.8184264582898567,0.8817216424333439,-0.9065714146983955,0.410284830166764,0.3145278355313812,-0.2046050914713833,0.05349837964192743,-0.9014102050901031,-0.8532575101649915,-0.8342641314987308
2169,-0.6285557846842488,1.6983576662808442,-0.38112724010180754,-1.2448467036897353,0.38433059893725724,1.1379952573414867,0.0572703607288955,-0.5715685424696173,-0.5905890283272331,-0.5366840128092512
2170,-0.9661036488719961,0.8817216424333439,-0.9065714146983955,1.2378505970950135,0.035316781907857205,-1.5472054402842532,0.06757690060032938,-1.106446914286621,-1.045881063512681,-1.0609918409764298
2171,0.02544320217951176,0.06508561858584352,-1.4320155892949833,-0.8310638202256104,0.5239361257490193,0.6904618077371967,0.15411995962386443,0.21291973619532162,0.14488272081849157,0.2426924885203382
2172,-0.20662095444956474,-1.5681864291091574,0.6697611090913683,0.410284830166764,-0.4533025619332999,1.1379952573414867,0.11507198639961749,-0.054519449713180144,0.013548479899611962,-0.0690581120114973
2173,-1.050490614918933,0.06508561858584352,-1.4320155892949833,-0.8310638202256104,-0.03448598149801883,1.5855287069457766,0.0286883068586304,-1.2490811467711553,-1.2647714650441464,-1.24520810492706
2174,0.4262812909024616,-0.751550405261657,1.1952052836879563,-1.2448467036897353,1.5011748134313383,0.2429283581329067,0.224087552462413,0.4714442825735402,0.5126185953913535,0.681977425633379
2175,0.784925896601943,0.8817216424333439,0.14431693449478036,-1.2448467036897353,0.8729499427784192,-1.5472054402842532,0.2673325187270892,0.8726030614362933,0.8103095414741465,0.951216580638147
2176,2.662535891146288,0.06508561858584352,0.6697611090913683,-0.8310638202256104,-1.1513301959920998,0.2429283581329067,0.7959411358444456,2.3078600258119204,2.2112081112755253,2.042343682499573
2177,0.21531387578511957,-0.751550405261657,0.6697611090913683,0.8240677136308887,0.7333444159666572,-0.2046050914713833,0.1805238272326409,0.3020661314981561,0.3725287384112155,0.4269087524709683
2178,-1.1137808394541355,0.8817216424333439,0.14431693449478036,1.2378505970950135,0.5239361257490193,-0.6521385410756733,0.04037613557881315,-1.454117855967674,-1.396105705963026,-1.3727424415082659
2179,-0.5019753356138434,0.8817216424333439,-0.9065714146983955,0.410284830166764,-0.4533025619332999,-0.6521385410756733,0.10428730808053976,-0.38436111233366593,-0.35418739467325,-0.40914967622804577
2180,-0.8395231998015908,0.8817216424333439,0.6697611090913683,0.8240677136308887,0.8729499427784192,-0.6521385410756733,0.050204537002603196,-0.9014102050901031,-0.9233024386550606,-0.8200936496563749
2181,-0.6074590431725145,0.06508561858584352,0.14431693449478036,0.8240677136308887,-0.24389427171566183,0.2429283581329067,0.09265260585453966,-0.5180807052879165,-0.4855216355921296,-0.5225135309668953
2182,-0.1855242129378305,0.8817216424333439,1.1952052836879563,-1.2448467036897353,-0.4533025619332999,-0.2046050914713833,0.12256282207937098,0.05245622465022072,-0.003962752222904903,-0.026546666484429042
2183,-0.5863623016607803,-1.5681864291091574,-1.4320155892949833,-0.8310638202256104,0.5937388891549003,0.2429283581329067,0.06322052807735218,-0.5537392634090501,-0.5205440998371641,-0.46583160359747056
2184,0.48957151543766425,0.06508561858584352,1.1952052836879563,0.8240677136308887,0.24472507212550018,0.6904618077371967,0.34420655580938214,0.6675663522397756,0.5826635238814225,0.6536364619486673
2185,-1.0082971318954645,0.06508561858584352,1.1952052836879563,-1.2448467036897353,0.7333444159666572,-0.6521385410756733,0.03251341443978112,-1.2223372281803049,-1.2209933847378536,-1.146014732030567
2186,-1.1348775809658698,-0.751550405261657,0.14431693449478036,1.2378505970950135,1.0823582329960573,-0.2046050914713833,0.029963342719013974,-1.4986910536190907,-1.4573950183918358,-1.3727424415082659
2187,0.21531387578511957,0.06508561858584352,-0.9065714146983955,0.410284830166764,0.5937388891549003,0.6904618077371967,0.2610635924135366,0.3912125268009897,0.3550175062886978,0.44107923431332485
2188,-0.9028134243367935,0.8817216424333439,0.14431693449478036,0.410284830166764,-0.4533025619332999,-0.2046050914713833,0.050842054932794985,-0.9459834027415199,-0.9670805189613535,-0.9901394317646491
2189,0.004346460667777534,0.8817216424333439,-0.9065714146983955,0.410284830166764,-0.31369703512154284,-0.6521385410756733,0.25399776868724433,0.21291973619532162,0.23243888143107744,0.18601056115091347
2190,-1.0082971318954645,0.8817216424333439,1.1952052836879563,0.410284830166764,0.24472507212550018,-0.6521385410756733,0.03570100409074005,-1.1866786700591714,-1.2034821526153359,-1.1601852138729227
2191,0.4473780324141958,-1.5681864291091574,-1.4320155892949833,1.6516334805591384,-0.17409150830978082,0.2429283581329067,0.47824470063220526,0.5962492359975082,0.617685988126457,0.5827840527368867
2192,-0.6285557846842488,0.06508561858584352,-0.9065714146983955,-1.2448467036897353,0.24472507212550018,0.2429283581329067,0.08787122137810126,-0.562653902939334,-0.5818334122659738,-0.5366840128092512
2193,-0.9239101658485277,0.8817216424333439,0.6697611090913683,-0.4172809367614856,0.1051195453137382,-1.5472054402842532,0.03904797322424693,-1.0351297980443537,-0.9933473671451296,-0.9901394317646491
2194,-0.5230720771255777,0.8817216424333439,1.7206494582845442,0.8240677136308887,0.38433059893725724,-0.6521385410756733,0.08234606598310577,-0.4200196704547996,-0.43298793922457746,-0.3808087125433334
2195,0.46847477392593007,0.06508561858584352,-1.4320155892949833,-1.2448467036897353,0.5937388891549003,0.2429283581329067,0.27535461934866917,0.6319077941186418,0.6439528363102324,0.7244888711604479
2196,0.7216356720667403,-1.5681864291091574,1.1952052836879563,0.410284830166764,1.0125554695901813,-0.6521385410756733,0.3418689900653456,0.8369445033151597,0.7840426932903704,0.937046098795791
2197,0.9326030871840826,0.06508561858584352,-0.38112724010180754,-1.2448467036897353,-1.081527432586219,1.1379952573414867,0.3616851723954736,1.0776397706328118,1.029199943005612,0.8945346532687222
2198,-0.20662095444956474,0.06508561858584352,-1.4320155892949833,0.410284830166764,0.7333444159666572,1.5855287069457766,0.14540721457791,-0.06343408924346336,-0.10027452889675,0.0017942972002833347
2199,-0.5019753356138434,0.8817216424333439,0.14431693449478036,1.6516334805591384,-0.38349979852741883,-0.2046050914713833,0.11698454019019285,-0.3754464728033827,-0.3366761625507331,-0.3949791943856899
2200,-0.9239101658485277,0.8817216424333439,-0.9065714146983955,0.410284830166764,-1.221132959397981,-0.6521385410756733,0.049567019072411414,-0.9370687632112367,-0.9408136707775774,-1.0468213591340738
2201,-0.1855242129378305,-1.5681864291091574,-1.4320155892949833,-1.2448467036897353,0.8031471793725382,-0.2046050914713833,0.13669446953195558,-0.06343408924346336,-0.03022960040668098,0.044305742727351584
2202,-0.6074590431725145,0.8817216424333439,-0.38112724010180754,-0.8310638202256104,0.035316781907857205,-1.9947388898885432,0.052223343781543856,-0.5269953448182004,-0.4855216355921296,-0.4941725672821829
2203,0.06763668520297998,0.8817216424333439,-1.4320155892949833,0.8240677136308887,0.3145278355313812,-0.6521385410756733,0.2736545715348244,0.23074901525588884,0.2587057296148535,0.28520393404740707
2204,-0.3121046620082356,0.8817216424333439,-1.4320155892949833,-1.2448467036897353,0.035316781907857205,-1.0996719906799632,0.09892153216809223,-0.14366584501601382,-0.11778576101926763,-0.12574003938092204
2205,-0.9450069073602619,0.8817216424333439,-1.4320155892949833,-0.4172809367614856,0.3145278355313812,-0.6521385410756733,0.06662062370504171,-1.079702995695771,-1.072147911696457,-1.0326508772917173
2206,1.0169900532310194,0.8817216424333439,-0.38112724010180754,-0.0034980532973608127,0.1051195453137382,-0.6521385410756733,0.17823938798278702,1.086554410163095,1.029199943005612,1.0645804353769965
2207,0.21531387578511957,0.8817216424333439,1.1952052836879563,1.6516334805591384,0.1051195453137382,-0.6521385410756733,0.27848908250544546,0.4357857244524066,0.36377312234995707,0.41273827062861246
2208,0.5528617399728669,0.8817216424333439,-1.4320155892949833,-1.2448467036897353,0.035316781907857205,-0.6521385410756733,0.3248153854327153,0.7656273870728924,0.6877309166165253,0.7244888711604479
2209,-1.155974322477604,0.06508561858584352,-1.4320155892949833,1.2378505970950135,-0.7325136155568189,1.1379952573414867,0.03060086064920576,-1.463032495497957,-1.4223725541468013,-1.4861062962471148
2210,-1.0293938734071988,-0.751550405261657,-0.38112724010180754,0.410284830166764,0.9427527061843003,-0.2046050914713833,0.025978855655315304,-1.3025689839528563,-1.2385046168603704,-1.1743556957152792
2211,-0.9450069073602619,-1.5681864291091574,1.1952052836879563,1.2378505970950135,-0.38349979852741883,-0.2046050914713833,0.044732508101790365,-1.0529590771049209,-1.0108585992676464,-1.0609918409764298
2212,-1.050490614918933,0.06508561858584352,1.1952052836879563,-1.2448467036897353,0.8031471793725382,0.6904618077371967,0.030494607660840462,-1.293654344422572,-1.3085495453504394,-1.2168671412423475
2213,-1.0293938734071988,0.8817216424333439,0.14431693449478036,0.410284830166764,0.1051195453137382,-1.0996719906799632,0.033204058864155554,-1.2134225886500216,-1.1772153044315605,-1.1743556957152792
2214,1.481118366489172,-0.751550405261657,0.6697611090913683,0.8240677136308887,1.0823582329960573,0.2429283581329067,0.47335706316740156,1.3005057588898967,1.3181352730271465,1.4613539269629696
2215,0.5739584814846012,0.8817216424333439,1.1952052836879563,-1.2448467036897353,-0.03448598149801883,-1.5472054402842532,0.29389576581841365,0.7656273870728924,0.7665314611678535,0.752829834845161
2216,0.23641061729685378,-0.751550405261657,-1.4320155892949833,-0.0034980532973608127,-2.826596517733219,2.4805956061543566,0.11820644955639377,0.5071028406946738,0.5388854435751288,0.15766959746620107
2217,0.21531387578511957,-1.5681864291091574,-1.4320155892949833,-1.2448467036897353,-1.0117246691803428,0.2429283581329067,0.2614354778728152,0.4714442825735402,0.5126185953913535,0.3560563432591877
2218,0.48957151543766425,0.8817216424333439,-0.9065714146983955,-0.8310638202256104,0.035316781907857205,-1.5472054402842532,0.27121075280242257,0.7032249103609084,0.6351972202489738,0.6678069437910232
2219,-0.9450069073602619,-0.751550405261657,-0.38112724010180754,-1.2448467036897353,1.0823582329960573,-1.5472054402842532,0.02677575306805504,-1.0886176352260544,-1.0546366795739395,-0.9617984680799367
2220,-0.5230720771255777,-1.5681864291091574,-0.9065714146983955,0.410284830166764,0.3145278355313812,1.1379952573414867,0.0954151835520374,-0.4735075076364996,-0.424232323163319,-0.40914967622804577
2221,-0.7973297167781225,0.06508561858584352,0.14431693449478036,-1.2448467036897353,0.035316781907857205,0.2429283581329067,0.0527014822291877,-0.7944345307267022,-0.8094794298586986,-0.7917526859716626
2222,0.4262812909024616,0.06508561858584352,1.1952052836879563,-0.8310638202256104,0.8031471793725382,1.1379952573414867,0.22456569091005685,0.5516760383460907,0.49510736326883587,0.6252954982639549
2223,2.5359554420758825,1.6983576662808442,0.14431693449478036,-0.0034980532973608127,2.1992024474901433,-0.2046050914713833,0.3855920947776656,2.0136769213125683,1.8259610045801464,2.269071391977271
2224,0.7216356720667403,0.8817216424333439,0.6697611090913683,-1.2448467036897353,0.38433059893725724,0.2429283581329067,0.29054879668490674,0.8191152242545933,0.845332005719181,0.8803641714263664
2225,-1.0082971318954645,0.06508561858584352,1.1952052836879563,1.6516334805591384,0.5937388891549003,0.2429283581329067,0.04972639855495936,-1.2134225886500216,-1.212237768676595,-1.146014732030567
2226,1.1013770192779564,0.06508561858584352,0.6697611090913683,-0.8310638202256104,-0.6627108521509428,0.2429283581329067,0.24990702863518036,1.1578715264053623,1.2043122642307844,1.0787509172193523
2227,-0.9028134243367935,0.8817216424333439,-0.38112724010180754,-0.4172809367614856,0.035316781907857205,-1.0996719906799632,0.04972639855495936,-0.9638126818020863,-0.932058054716319,-0.9334575043952245
2228,0.8904096041606141,0.06508561858584352,-0.38112724010180754,-1.2448467036897353,0.1051195453137382,-0.6521385410756733,0.33756574403655104,1.0330665729813941,0.9679106305768014,1.0078985080075717
2229,-0.08004050537915937,0.06508561858584352,-1.4320155892949833,-0.8310638202256104,-0.17409150830978082,0.2429283581329067,0.1428040163629602,0.11485870136220476,0.06608217626716334,0.07264670641206396
2230,0.46847477392593007,0.8817216424333439,-0.9065714146983955,-1.2448467036897353,-0.31369703512154284,-0.6521385410756733,0.3270998246825692,0.6675663522397756,0.6964865326777845,0.6394659801063115
2231,0.21531387578511957,-1.5681864291091574,-1.4320155892949833,0.410284830166764,1.1521609964019384,0.6904618077371967,0.20687456834723478,0.409041805861557,0.32875065810492254,0.5119316435251055
2232,-0.37539488654343833,0.8817216424333439,-0.38112724010180754,0.8240677136308887,-0.24389427171566183,-0.6521385410756733,0.0997715560750146,-0.23281224031884826,-0.1965863055705951,-0.23910389411977154
2233,1.0169900532310194,0.8817216424333439,1.1952052836879563,-0.4172809367614856,-0.6627108521509428,-0.2046050914713833,0.6041544918450832,1.1489568868750781,1.1517785678632324,1.0504099535346405
2234,-1.0293938734071988,0.8817216424333439,-0.9065714146983955,0.8240677136308887,0.035316781907857205,-1.0996719906799632,0.03628539552674919,-1.240166507240872,-1.2034821526153359,-1.2026966593999917
2235,0.48957151543766425,-1.5681864291091574,0.6697611090913683,-1.2448467036897353,0.8729499427784192,-1.0996719906799632,0.2575572437974818,0.5695053174066579,0.6001747560039394,0.6961479074757362
2236,0.6372487060198039,0.8817216424333439,1.1952052836879563,0.410284830166764,0.5239361257490193,-1.5472054402842532,0.3758168198480582,0.7656273870728924,0.7752870772291119,0.8236822440569416
2237,-0.1855242129378305,0.06508561858584352,1.1952052836879563,-0.8310638202256104,-1.2909357228038618,0.6904618077371967,0.09121819051160814,0.05245622465022072,0.07483779232842254,-0.0832285938538538
2238,2.578148925099351,0.06508561858584352,0.6697611090913683,-1.2448467036897353,-0.5929080887450618,1.1379952573414867,0.869574456781597,2.1384818747365366,2.071118254295387,1.9856617551301483
2239,0.8482161211371456,0.06508561858584352,-0.9065714146983955,-0.8310638202256104,0.5937388891549003,-0.2046050914713833,0.29490516920788395,0.9884933753299773,0.8803544699642155,1.0078985080075717
2240,-0.6074590431725145,0.8817216424333439,0.14431693449478036,0.410284830166764,0.5937388891549003,-1.0996719906799632,0.09961217659246667,-0.5180807052879165,-0.5555665640821986,-0.46583160359747056
2241,3.12666420440444,0.8817216424333439,1.1952052836879563,-0.8310638202256104,-0.10428874490389983,-0.2046050914713833,0.7388301545980981,2.4148357001753205,2.3075198879493697,2.3257533193466955
2242,0.4262812909024616,0.06508561858584352,-1.4320155892949833,0.410284830166764,0.8031471793725382,0.6904618077371967,0.33783137650746425,0.578419956936941,0.4688405150850598,0.6252954982639549
2243,0.4473780324141958,0.06508561858584352,0.14431693449478036,0.410284830166764,-0.10428874490389983,0.6904618077371967,0.34994421718110824,0.5873345964672243,0.6089303720651978,0.5827840527368867
2244,-0.8184264582898567,0.8817216424333439,0.14431693449478036,0.8240677136308887,0.38433059893725724,-1.0996719906799632,0.05349837964192743,-0.8568370074386863,-0.8269906619812155,-0.7917526859716626
2245,-0.5652655601490462,-0.751550405261657,0.14431693449478036,-1.2448467036897353,1.4313720500254572,0.2429283581329067,0.06736439462359879,-0.5448246238787668,-0.49427725165338804,-0.36663823070097756
2246,-0.649652526195983,0.06508561858584352,1.1952052836879563,-1.2448467036897353,0.4541333623431382,0.2429283581329067,0.056951601763799604,-0.6072271005907509,-0.6518783407560429,-0.57919545833632
2247,0.4473780324141958,1.6983576662808442,0.14431693449478036,0.410284830166764,3.0368356083606955,1.5855287069457766,0.2545290336290708,0.3288100500890057,0.26746134567611196,0.6678069437910232
2248,-0.37539488654343833,0.8817216424333439,-0.38112724010180754,0.410284830166764,-0.38349979852741883,-1.5472054402842532,0.0858524145991606,-0.19715368219771465,-0.11778576101926763,-0.1965924485927033
2249,2.6203424081228195,0.06508561858584352,-0.38112724010180754,-1.2448467036897353,-0.8023163789626999,1.5855287069457766,0.6616373585507093,2.1563111537971027,2.062362638234129,1.9573207914454354
2250,0.4262812909024616,0.06508561858584352,-1.4320155892949833,0.410284830166764,0.6635416525607812,0.6904618077371967,0.35063486160548263,0.5160174802249571,0.5651522917589049,0.6252954982639549
2251,1.987440162770793,-1.5681864291091574,-0.38112724010180754,-0.8310638202256104,0.24472507212550018,0.6904618077371967,0.5358338203261966,1.710579177282933,1.790938540335112,1.7731045274948052
2252,0.4473780324141958,-1.5681864291091574,-0.38112724010180754,-1.2448467036897353,1.1521609964019384,-1.0996719906799632,0.22573447378207512,0.524932119755241,0.4688405150850598,0.6394659801063115
2253,-1.0715873564306673,-1.5681864291091574,-0.38112724010180754,1.6516334805591384,-0.38349979852741883,-0.6521385410756733,0.028741433352813046,-1.3114836234831393,-1.2647714650441464,-1.316060514138841
2254,1.6498922985830458,0.8817216424333439,-1.4320155892949833,0.410284830166764,0.6635416525607812,-0.6521385410756733,0.827657652871487,1.532286386677265,1.5895593709261633,1.6455701909135998
2255,-0.1644274714260963,0.06508561858584352,-0.38112724010180754,-1.2448467036897353,0.3145278355313812,-0.2046050914713833,0.12277532805610158,0.0167976665290871,-0.012718368284164113,0.044305742727351584
2256,1.6920857816065142,0.8817216424333439,-0.38112724010180754,-0.8310638202256104,0.24472507212550018,-0.6521385410756733,0.5017266110609361,1.585774223858965,1.4844919781910597,1.560547299859462
2257,-0.1644274714260963,-1.5681864291091574,0.6697611090913683,0.410284830166764,1.0823582329960573,-0.2046050914713833,0.1271317005790788,-0.06343408924346336,-0.012718368284164113,0.08681718825442046
2258,-0.8184264582898567,0.8817216424333439,0.14431693449478036,-0.4172809367614856,-0.24389427171566183,-0.6521385410756733,0.07644902512883175,-0.8568370074386863,-0.8094794298586986,-0.8484346133410873
2259,-0.03784702235569092,0.8817216424333439,-1.4320155892949833,-0.8310638202256104,-0.5231053253391809,-0.6521385410756733,0.16219518673962705,0.1683465385439048,0.2149276493085606,0.1293286337814887
2260,1.3123444343952981,0.06508561858584352,-0.38112724010180754,-1.2448467036897353,0.38433059893725724,0.2429283581329067,0.43043085586782126,1.264847200768763,1.2743571927208535,1.3196491085394073
2261,-0.20662095444956474,-0.751550405261657,-1.4320155892949833,0.8240677136308887,2.618019027925419,-0.2046050914713833,0.1411570950432981,-0.24172687984913147,-0.170319457386819,0.08681718825442046
2262,0.4473780324141958,-0.751550405261657,-1.4320155892949833,-1.2448467036897353,1.2917665232137003,1.1379952573414867,0.27763905859852306,0.578419956936941,0.5126185953913535,0.7103183893180921
2263,0.4262812909024616,-0.751550405261657,0.6697611090913683,-1.2448467036897353,2.4086107377077814,-0.6521385410756733,0.20379323168464114,0.4268710849221234,0.4688405150850598,0.752829834845161
2264,-1.050490614918933,0.8817216424333439,-1.4320155892949833,0.410284830166764,-0.17409150830978082,-1.0996719906799632,0.03495723317218297,-1.293654344422572,-1.2472602329216296,-1.2735490686117723
2265,-0.6074590431725145,0.8817216424333439,1.1952052836879563,-0.4172809367614856,-0.31369703512154284,-0.6521385410756733,0.11491260691706955,-0.5180807052879165,-0.4767660195308704,-0.5366840128092512
2266,-1.1348775809658698,-1.5681864291091574,-1.4320155892949833,1.6516334805591384,-0.24389427171566183,-0.2046050914713833,0.026882006056420337,-1.454117855967674,-1.4048613220242845,-1.4435948507200465
2267,-0.8395231998015908,0.8817216424333439,-1.4320155892949833,-0.8310638202256104,-0.38349979852741883,-1.0996719906799632,0.03538224512564416,-0.8835809260295359,-0.8445018941037331,-0.8909460588681556
2268,-0.37539488654343833,0.8817216424333439,-1.4320155892949833,1.6516334805591384,0.1749223087196192,-0.6521385410756733,0.15427933910641237,-0.22389760078856427,-0.18783068950933665,-0.1824219667503468
2269,-0.20662095444956474,-1.5681864291091574,-0.38112724010180754,0.410284830166764,0.8729499427784192,-0.920658610838248,0.13350687988099666,-0.054519449713180144,-0.03022960040668098,0.058476224569708087
2270,0.4473780324141958,-1.5681864291091574,1.1952052836879563,-0.8310638202256104,0.6635416525607812,0.2429283581329067,0.2016681719173352,0.524932119755241,0.6089303720651978,0.6536364619486673
2271,-0.9028134243367935,-0.751550405261657,-0.38112724010180754,0.410284830166764,1.3615692866195812,-1.0996719906799632,0.039791744142804016,-1.0440444375746376,-1.045881063512681,-0.9051165407105121
2272,-0.3964916280551725,0.8817216424333439,-1.4320155892949833,1.2378505970950135,0.3145278355313812,-0.6521385410756733,0.16384210805928917,-0.2684707984399819,-0.23160876981562958,-0.21076293043505917
2273,1.1013770192779564,0.06508561858584352,0.14431693449478036,-1.2448467036897353,-1.430541249615619,1.1379952573414867,0.4081708548052914,1.2291886426476295,1.2480903445370775,1.0220689898499276
2274,0.21531387578511957,-1.5681864291091574,0.6697611090913683,1.2378505970950135,1.1521609964019384,-0.2046050914713833,0.20570578547521648,0.3198954105587225,0.33750627416618095,0.4694201979980372
2275,0.5950552229963354,0.8817216424333439,1.1952052836879563,-1.2448467036897353,0.035316781907857205,-0.6521385410756733,0.28433299686553687,0.7567127475426092,0.7139977648003013,0.7386593530028038
2276,-1.1137808394541355,0.8817216424333439,0.6697611090913683,1.6516334805591384,0.1749223087196192,-1.3234387154821083,0.02188811560325134,-1.4095446583162563,-1.3523276256567323,-1.3585719596659094
2277,-0.7340394922429198,0.06508561858584352,-0.9065714146983955,1.2378505970950135,-0.17409150830978082,-1.0996719906799632,0.09222759390107847,-0.6339710191816014,-0.6693895728785606,-0.6642183493904572
2278,1.6498922985830458,0.8817216424333439,-1.4320155892949833,-1.2448467036897353,-0.24389427171566183,-1.0996719906799632,0.6000106252988365,1.6036035029195321,1.5457812906198702,1.5180358543323944
2279,-1.050490614918933,0.06508561858584352,-0.9065714146983955,-1.2448467036897353,0.38433059893725724,0.2429283581329067,0.029325824788822185,-1.293654344422572,-1.2385046168603704,-1.2168671412423475
2280,-0.20662095444956474,0.06508561858584352,-1.4320155892949833,0.8240677136308887,0.035316781907857205,0.2429283581329067,0.16022950645486905,-0.018860891592046524,0.013548479899611962,0.0017942972002833347
2281,-1.1981678055010725,-1.5681864291091574,1.1952052836879563,1.6516334805591384,0.7333444159666572,-1.0996719906799632,0.02289751899272167,-1.6056667279824912,-1.5624624111269394,-1.5144472599318273
2282,0.6794421890432724,0.8817216424333439,-1.4320155892949833,-1.2448467036897353,-0.10428874490389983,-1.0996719906799632,0.3430908994315465,0.8547737823757269,0.8103095414741465,0.8095117622145858
2283,-0.6285557846842488,-1.5681864291091574,-0.38112724010180754,0.8240677136308887,0.8729499427784192,-0.6521385410756733,0.07490835679753494,-0.6339710191816014,-0.5993446443884916,-0.5225135309668953
2284,1.903053196723856,-1.5681864291091574,0.6697611090913683,-1.2448467036897353,0.9427527061843003,-0.2046050914713833,0.5493810763427721,1.585774223858965,1.510758826374836,1.6739111545983116
2285,0.4473780324141958,-1.5681864291091574,-0.38112724010180754,-0.8310638202256104,1.1521609964019384,-1.0996719906799632,0.21032779046910693,0.5516760383460907,0.48635174720757746,0.6678069437910232
2286,2.0718271288177297,-1.5681864291091574,-0.9065714146983955,-0.8310638202256104,1.1521609964019384,1.1379952573414867,0.5700472825798225,1.7284084563434994,1.6420930672937155,1.8581274185489418
2287,-0.1644274714260963,-1.5681864291091574,0.14431693449478036,-1.2448467036897353,0.9427527061843003,-0.6521385410756733,0.14184773946767254,-0.045604810182896936,-0.056496448590457056,0.058476224569708087
2288,-1.050490614918933,0.06508561858584352,0.14431693449478036,-0.8310638202256104,0.5937388891549003,1.5855287069457766,0.026882006056420337,-1.3293129025437058,-1.343572009595474,-1.2735490686117723
2289,0.4473780324141958,-0.751550405261657,0.6697611090913683,0.8240677136308887,1.4313720500254572,-0.2046050914713833,0.21335600063751792,0.5160174802249571,0.43381805084002606,0.6536364619486673
2290,0.8482161211371456,-1.5681864291091574,1.7206494582845442,-1.2448467036897353,0.9427527061843003,1.5855287069457766,0.23779418796153642,0.8280298637848764,0.7402646129840774,0.9087051351110781
2291,2.0085369042825274,0.06508561858584352,-1.4320155892949833,-0.8310638202256104,-0.5929080887450618,0.6904618077371967,0.6501620358072571,1.826469491176617,1.764671692151336,1.6880816364406688
2292,0.5528617399728669,0.8817216424333439,0.14431693449478036,-1.2448467036897353,-0.03448598149801883,-1.0549186457195336,0.3319874621473729,0.738883468482042,0.7402646129840774,0.7386593530028038
2293,-0.12223398840262782,0.06508561858584352,1.1952052836879563,-1.2448467036897353,-0.5231053253391809,1.1379952573414867,0.1356319396483026,0.10594406183192076,0.022304095960870397,0.0017942972002833347
2294,-0.5019753356138434,0.06508561858584352,-0.38112724010180754,1.6516334805591384,-1.360738486209743,-0.2046050914713833,0.09637146044732509,-0.22389760078856427,-0.3016536983056986,-0.40914967622804577
2295,-1.050490614918933,-1.5681864291091574,0.6697611090913683,0.8240677136308887,0.8031471793725382,0.2429283581329067,0.025128831748392925,-1.3114836234831393,-1.2647714650441464,-1.2026966593999917
2296,1.5233118495126405,0.06508561858584352,-0.9065714146983955,-1.2448467036897353,-0.38349979852741883,2.033062156550067,0.5584657068480051,1.4698839099652807,1.4232026657622499,1.3763310359088319
2297,0.4262812909024616,-1.5681864291091574,-1.4320155892949833,-1.2448467036897353,0.8729499427784192,-1.5472054402842532,0.3795888009350263,0.5605906778763746,0.5826635238814225,0.681977425633379
2298,1.2701509513718297,0.06508561858584352,-0.38112724010180754,-1.2448467036897353,0.3145278355313812,0.2429283581329067,0.4368591616639218,1.2737618402990463,1.213067880292043,1.2771376630123397
2299,-1.1348775809658698,-0.751550405261657,0.14431693449478036,0.8240677136308887,0.5239361257490193,-0.6521385410756733,0.019816182330128034,-1.4897764140888075,-1.4311281702080605,-1.4010834051929784
2300,-0.3121046620082356,0.06508561858584352,0.14431693449478036,0.410284830166764,-1.919160593456781,2.033062156550067,0.09844339372044839,-0.045604810182896936,-0.07400768071297392,-0.28161533964684043
2301,-1.050490614918933,0.06508561858584352,0.14431693449478036,-0.4172809367614856,-0.7325136155568189,0.2429283581329067,0.050310789990968496,-1.2490811467711553,-1.1947265365540773,-1.2735490686117723
2302,0.5739584814846012,0.8817216424333439,-0.38112724010180754,0.8240677136308887,0.38433059893725724,-1.0996719906799632,0.3231153376188705,0.7656273870728924,0.7052421487390429,0.7811707985298727
2303,0.48957151543766425,-1.5681864291091574,1.1952052836879563,-0.8310638202256104,0.8729499427784192,-0.2046050914713833,0.22924082239812996,0.5962492359975082,0.6001747560039394,0.7103183893180921
2304,-1.0082971318954645,0.8817216424333439,0.6697611090913683,0.410284830166764,-0.17409150830978082,-0.6521385410756733,0.02385379588800935,-1.1866786700591714,-1.1597040723090428,-1.1743556957152792
2305,-1.050490614918933,0.8817216424333439,-1.4320155892949833,0.8240677136308887,0.5239361257490193,-0.6521385410756733,0.041332412474100834,-1.2758250653620058,-1.273527081105405,-1.2168671412423475
2306,-0.7762329752663882,0.8817216424333439,0.14431693449478036,-1.2448467036897353,-0.03448598149801883,-1.5472054402842532,0.05397651808957127,-0.7409466935450014,-0.7657013495524049,-0.7492412404445943
2307,-0.1855242129378305,0.8817216424333439,0.14431693449478036,0.8240677136308887,0.24472507212550018,-1.0996719906799632,0.15082611698454018,0.07920014324107114,-0.04774083252919862,0.044305742727351584
2308,-1.0293938734071988,0.8817216424333439,1.1952052836879563,0.8240677136308887,-0.17409150830978082,-0.6521385410756733,0.033204058864155554,-1.1955933095894553,-1.142192840186526,-1.1743556957152792
2309,-0.1011372468908936,0.8817216424333439,-1.4320155892949833,-1.2448467036897353,-0.17409150830978082,-0.6521385410756733,0.14089146257238486,0.13268798042277116,0.09234902445093941,0.08681718825442046
2310,0.06763668520297998,-1.5681864291091574,-1.4320155892949833,-1.2448467036897353,0.24472507212550018,0.2429283581329067,0.15948573553631196,0.24857829431645526,0.26746134567611196,0.28520393404740707
2311,-0.8395231998015908,-1.5681864291091574,-0.9065714146983955,-1.2448467036897353,1.4313720500254572,-1.5472054402842532,0.036869786962758326,-0.9370687632112367,-0.8620131262262499,-0.7492412404445943
2312,2.6836326326580218,-0.751550405261657,0.6697611090913683,0.410284830166764,1.6407803402430954,-0.2046050914713833,0.8032194655474685,2.0849940375548357,1.9835620936828013,2.283241873819628
2313,-0.5441688186373119,0.8817216424333439,-1.4320155892949833,0.410284830166764,-0.6627108521509428,-0.2046050914713833,0.09318387079636614,-0.437848949515366,-0.38920985891828447,-0.4800020854398264
2314,0.9536998286958168,0.06508561858584352,0.6697611090913683,0.8240677136308887,-0.9419219057744619,0.6904618077371967,0.34771290442543695,1.0776397706328118,1.1167561036181979,0.951216580638147
2315,-1.050490614918933,0.8817216424333439,0.6697611090913683,1.2378505970950135,-0.4533025619332999,-0.2046050914713833,0.029325824788822185,-1.2579957863014386,-1.2034821526153359,-1.2593785867694165
2316,-0.5652655601490462,-1.5681864291091574,0.14431693449478036,-0.4172809367614856,-1.5003440130215,0.2429283581329067,0.12723795356744408,-0.40219039139423235,-0.3629430107345084,-0.5366840128092512
2317,0.004346460667777534,-1.5681864291091574,0.14431693449478036,1.6516334805591384,0.6635416525607812,0.2429283581329067,0.2191999149976093,0.13268798042277116,0.16239395294100842,0.22852200667798234
2318,-1.050490614918933,0.06508561858584352,1.1952052836879563,0.8240677136308887,0.24472507212550018,1.1379952573414867,0.04122615948573553,-1.2758250653620058,-1.3085495453504394,-1.2593785867694165
2319,1.5444085910243748,0.8817216424333439,-0.38112724010180754,-0.8310638202256104,-0.38349979852741883,-0.6521385410756733,0.5079955373744887,1.5412010262075482,1.4844919781910597,1.4471834451206125
2320,0.21531387578511957,0.8817216424333439,1.1952052836879563,-1.2448467036897353,0.5239361257490193,-1.0996719906799632,0.22631886521808425,0.3912125268009897,0.4163068187175084,0.4694201979980372
2321,-0.9661036488719961,0.8817216424333439,-1.4320155892949833,-0.8310638202256104,0.1749223087196192,-0.6521385410756733,0.03251341443978112,-1.115361553816904,-1.1246816080640083,-1.0893328046611421
2322,0.48957151543766425,-1.5681864291091574,-0.9065714146983955,-0.8310638202256104,0.7333444159666572,-0.6521385410756733,0.24857886628061415,0.6229931545883579,0.6351972202489738,0.7244888711604479
2323,-0.8817166828250593,-1.5681864291091574,-0.38112724010180754,-0.8310638202256104,1.1521609964019384,-0.2046050914713833,0.03729479891621952,-0.9816419608626535,-1.0108585992676464,-0.8767755770257997
2324,-0.1855242129378305,-1.5681864291091574,-0.9065714146983955,-1.2448467036897353,-0.03448598149801883,0.6904618077371967,0.14306964883387346,-0.02777553112232973,0.0047928638383535295,-0.012376184642073167
2325,-0.5652655601490462,-1.5681864291091574,-0.9065714146983955,0.410284830166764,1.1521609964019384,-1.0996719906799632,0.09695585188333422,-0.4467635890456492,-0.5468109480209394,-0.36663823070097756
2326,-0.20662095444956474,-0.751550405261657,-0.9065714146983955,-1.2448467036897353,-0.31369703512154284,1.5855287069457766,0.1583169526642937,-0.09017800783431376,-0.03898521646793941,-0.09739907569620966
2327,-0.20662095444956474,0.8817216424333439,0.14431693449478036,0.410284830166764,-0.6627108521509428,-0.6521385410756733,0.156298145885353,0.04354158511993751,0.04857094414464647,-0.026546666484429042
2328,-0.1855242129378305,0.06508561858584352,0.6697611090913683,1.6516334805591384,0.1051195453137382,1.1379952573414867,0.12899112787547148,-0.03669017065261294,0.013548479899611962,0.0017942972002833347
2329,-1.0293938734071988,0.06508561858584352,1.1952052836879563,1.2378505970950135,-1.5701467764273809,1.1379952573414867,0.05557031291505073,-1.1777640305288881,-1.1772153044315605,-1.3018900322964846
2330,-0.8184264582898567,0.8817216424333439,1.1952052836879563,0.410284830166764,-0.24389427171566183,-1.5472054402842532,0.04393561068905063,-0.8568370074386863,-0.7832125816749225,-0.8342641314987308
2331,-0.14333072991436205,0.8817216424333439,-0.9065714146983955,-0.8310638202256104,0.4541333623431382,-0.6521385410756733,0.1330287414333528,-0.009946252061763314,0.013548479899611962,0.058476224569708087
2332,-1.050490614918933,-1.5681864291091574,0.14431693449478036,1.2378505970950135,-0.5231053253391809,-0.2046050914713833,0.04196993040429262,-1.2490811467711553,-1.2034821526153359,-1.2593785867694165
2333,-1.050490614918933,0.06508561858584352,-0.38112724010180754,1.6516334805591384,-0.6627108521509428,1.1379952573414867,0.03214152898050258,-1.2847397048922888,-1.2297490007991119,-1.3018900322964846
2334,-0.8817166828250593,0.06508561858584352,1.1952052836879563,0.410284830166764,-0.6627108521509428,1.5855287069457766,0.052223343781543856,-0.9548980422718031,-0.9495692868388359,-1.004309913607005
2335,-0.9872003903837303,0.06508561858584352,-1.4320155892949833,-1.2448467036897353,0.6635416525607812,-0.6521385410756733,0.03947298517770812,-1.1421054724077544,-1.1772153044315605,-1.0893328046611421
2336,-0.755136233754654,0.8817216424333439,1.1952052836879563,1.2378505970950135,0.035316781907857205,-1.0996719906799632,0.06561122031557137,-0.776605251666135,-0.7219232692461119,-0.7350707586022378
2337,0.8693128626488799,0.06508561858584352,-0.38112724010180754,0.8240677136308887,0.38433059893725724,0.2429283581329067,0.3768793497317112,0.9260908986179933,0.9679106305768014,0.9937280261652158
2338,0.5528617399728669,0.8817216424333439,0.14431693449478036,-1.2448467036897353,0.24472507212550018,-0.2046050914713833,0.30590235350369227,0.7121395498911923,0.6789753005552669,0.7244888711604479
2339,-0.8817166828250593,0.8817216424333439,-0.9065714146983955,0.8240677136308887,0.1749223087196192,-0.2046050914713833,0.04685756786909632,-0.9281541236809527,-0.9057912065325429,-0.8909460588681556
2340,2.599245666611085,0.8817216424333439,1.7206494582845442,-0.8310638202256104,0.24472507212550018,-0.2046050914713833,0.6755565000265632,2.0760793980245524,2.0886294864179042,2.0990256098689968
2341,1.586602074047843,0.8817216424333439,0.6697611090913683,0.8240677136308887,0.1051195453137382,-1.0996719906799632,0.5774318652712107,1.5144571076166977,1.510758826374836,1.5180358543323944
2342,0.4473780324141958,-0.751550405261657,1.1952052836879563,-1.2448467036897353,1.3615692866195812,1.1379952573414867,0.26674812729108005,0.4892735616341074,0.5126185953913535,0.6678069437910232
2343,1.3334411759070324,0.06508561858584352,0.14431693449478036,-1.2448467036897353,-0.17409150830978082,0.2429283581329067,0.46799128725495404,1.3718228751321633,1.3006240409046288,1.2913081448546955
2344,-0.9661036488719961,0.06508561858584352,-0.38112724010180754,0.8240677136308887,-0.6627108521509428,0.6904618077371967,0.031663390532858736,-1.115361553816904,-1.0546366795739395,-1.1318442501882104
2345,-0.8395231998015908,-1.5681864291091574,-1.4320155892949833,-1.2448467036897353,-1.360738486209743,1.5855287069457766,0.03633852202093184,-0.8657516469689694,-0.8094794298586986,-0.9617984680799367
2346,-1.050490614918933,-1.5681864291091574,1.1952052836879563,1.2378505970950135,1.2219637598078192,-0.2046050914713833,0.05381713860702332,-1.3025689839528563,-1.3173051614116977,-1.1885261775576352
2347,-0.9661036488719961,0.06508561858584352,-1.4320155892949833,-1.2448467036897353,-0.7325136155568189,1.1379952573414867,0.031663390532858736,-1.115361553816904,-1.072147911696457,-1.146014732030567
2348,0.4473780324141958,-1.5681864291091574,0.6697611090913683,-0.8310638202256104,0.3145278355313812,0.6904618077371967,0.26563247091324443,0.5605906778763746,0.5914191399426809,0.6111250164215991
2349,-0.20662095444956474,-0.751550405261657,-0.38112724010180754,-1.2448467036897353,1.3615692866195812,0.6904618077371967,0.12405036391648515,-0.1258365659554474,-0.17907507344807744,0.0017942972002833347
2350,-1.0082971318954645,0.06508561858584352,1.1952052836879563,0.8240677136308887,0.035316781907857205,1.1379952573414867,0.043988737183233276,-1.2223372281803049,-1.212237768676595,-1.2026966593999917
2351,-0.8395231998015908,-1.5681864291091574,-0.9065714146983955,0.8240677136308887,-0.6627108521509428,0.6904618077371967,0.05068267545024704,-0.8835809260295359,-0.8532575101649915,-0.9192870225528679
2352,-1.1981678055010725,0.8817216424333439,-1.4320155892949833,0.410284830166764,0.035316781907857205,-1.5472054402842532,0.02911331881209159,-1.596752088452208,-1.5537067950656809,-1.556958705458896
2353,-0.7129427507311856,0.8817216424333439,0.14431693449478036,-1.2448467036897353,-0.10428874490389983,-1.5472054402842532,0.052223343781543856,-0.6785442168330181,-0.6431227246947845,-0.6642183493904572
2354,-1.0082971318954645,0.8817216424333439,-1.4320155892949833,0.410284830166764,0.3145278355313812,-1.0996719906799632,0.047813844764384,-1.2045079491197386,-1.2034821526153359,-1.1601852138729227
2355,0.4262812909024616,-0.751550405261657,-1.4320155892949833,0.8240677136308887,-1.1513301959920998,2.4805956061543566,0.401423790044095,0.6140785150580746,0.6264416041877154,0.4694201979980372
2356,-0.1855242129378305,0.8817216424333439,-1.4320155892949833,0.8240677136308887,-0.4533025619332999,-0.2046050914713833,0.21532168092227594,0.007883026998803893,0.03981532808338804,-0.026546666484429042
2357,1.3334411759070324,0.8817216424333439,1.1952052836879563,-1.2448467036897353,0.5937388891549003,-0.2046050914713833,0.47649152632417785,1.2915911193596128,1.2305791124145598,1.3338195903817645
2358,-0.4808785941021094,-1.5681864291091574,1.7206494582845442,-0.4172809367614856,-1.360738486209743,0.6904618077371967,0.08457737873877703,-0.3041293565611155,-0.28414246618318095,-0.43749063991275816
2359,0.4262812909024616,1.6983576662808442,1.1952052836879563,-1.2448467036897353,2.0595969206783815,1.1379952573414867,0.229081442915582,0.4357857244524066,0.39003997053373235,0.6678069437910232
2360,0.9747965702075511,-1.5681864291091574,1.1952052836879563,0.410284830166764,1.0823582329960573,-0.2046050914713833,0.42713701322849706,1.0241519334511109,1.0467111751281288,1.177944290115846
2361,-0.8184264582898567,0.06508561858584352,-1.4320155892949833,-1.2448467036897353,0.035316781907857205,1.1379952573414867,0.048026350741114596,-0.8479223679084023,-0.8707687422875084,-0.8484346133410873
2362,0.46847477392593007,-1.5681864291091574,-0.38112724010180754,-1.2448467036897353,0.3145278355313812,0.2429283581329067,0.2620198693088243,0.6140785150580746,0.6527084523714916,0.6678069437910232
2363,-0.6285557846842488,-1.5681864291091574,1.1952052836879563,-1.2448467036897353,0.8031471793725382,0.6904618077371967,0.06306114859480423,-0.6161417401210341,-0.5818334122659738,-0.5083430491245388
2364,-0.8184264582898567,0.06508561858584352,-0.38112724010180754,0.8240677136308887,0.5937388891549003,1.1379952573414867,0.04393561068905063,-0.8746662864992527,-0.8445018941037331,-0.7917526859716626
2365,-1.1770710639893383,0.8817216424333439,-0.38112724010180754,1.2378505970950135,-0.17409150830978082,-1.0996719906799632,0.02677575306805504,-1.5521788908007907,-1.5011730986981295,-1.5286177417741837
2366,0.8693128626488799,0.8817216424333439,1.1952052836879563,1.2378505970950135,-0.17409150830978082,-0.6521385410756733,0.6147797906816129,0.9795787357996941,1.0116887108830943,0.9653870624805029
2367,0.21531387578511957,-1.5681864291091574,1.1952052836879563,-1.2448467036897353,1.2917665232137003,-0.2046050914713833,0.1938585772724858,0.3198954105587225,0.33750627416618095,0.4835906798403931
2368,-0.05894376386742515,0.8817216424333439,-0.9065714146983955,0.410284830166764,-0.10428874490389983,-1.0996719906799632,0.21144344684694258,0.13268798042277116,0.15363833687975,0.1293286337814887
2369,-1.050490614918933,-1.5681864291091574,1.1952052836879563,0.8240677136308887,-1.0117246691803428,-0.2046050914713833,0.03293842639324231,-1.2490811467711553,-1.212237768676595,-1.3018900322964846
2370,0.4473780324141958,0.8817216424333439,0.14431693449478036,0.8240677136308887,-0.31369703512154284,-0.2046050914713833,0.40386760877649686,0.6586517127094915,0.617685988126457,0.5969545345792426
2371,-1.050490614918933,0.06508561858584352,-1.4320155892949833,0.410284830166764,0.5937388891549003,0.2429283581329067,0.04483876109015566,-1.2758250653620058,-1.2910383132279224,-1.2168671412423475
2372,-0.1855242129378305,-1.5681864291091574,-1.4320155892949833,0.8240677136308887,0.24472507212550018,-0.2046050914713833,0.1598576209955905,-0.054519449713180144,-0.03898521646793941,-0.012376184642073167
2373,0.4262812909024616,0.8817216424333439,0.14431693449478036,0.410284830166764,0.1749223087196192,-1.0996719906799632,0.3104712320034001,0.6229931545883579,0.6527084523714916,0.6536364619486673
2374,-0.5230720771255777,-1.5681864291091574,-1.4320155892949833,1.6516334805591384,-0.9419219057744619,-0.6521385410756733,0.1274504595441747,-0.33087327515196513,-0.31040931436695707,-0.4233201580704017
2375,0.21531387578511957,0.8817216424333439,0.14431693449478036,-1.2448467036897353,0.4541333623431382,-0.6521385410756733,0.21208096477713437,0.4357857244524066,0.39003997053373235,0.4694201979980372
2376,-0.20662095444956474,0.06508561858584352,-1.4320155892949833,-0.8310638202256104,-0.9419219057744619,0.6904618077371967,0.13148807310205599,0.0167976665290871,-0.03022960040668098,-0.11156955753856616
2377,-0.8184264582898567,0.8817216424333439,-0.9065714146983955,-1.2448467036897353,0.035316781907857205,-0.6521385410756733,0.05960792647293205,-0.8479223679084023,-0.8795243583487669,-0.8484346133410873
2378,0.27860410032032223,-1.5681864291091574,1.7206494582845442,0.410284830166764,-0.4533025619332999,0.6904618077371967,0.16894225150082345,0.524932119755241,0.5301298275138704,0.4694201979980372
2379,-1.050490614918933,-1.5681864291091574,1.1952052836879563,-0.4172809367614856,0.7333444159666572,-0.2046050914713833,0.047548212293470754,-1.293654344422572,-1.2385046168603704,-1.1885261775576352
2380,-0.8184264582898567,-1.5681864291091574,-1.4320155892949833,1.6516334805591384,0.3145278355313812,-0.2046050914713833,0.05928916750783616,-0.8657516469689694,-0.8269906619812155,-0.8059231678140184
2381,-0.08004050537915937,0.8817216424333439,0.14431693449478036,-0.4172809367614856,-1.5003440130215,0.2429283581329067,0.24416936726345428,0.1950904571347552,0.19741641718604294,0.015964779042639207
2382,-0.12223398840262782,-0.751550405261657,-1.4320155892949833,0.8240677136308887,1.1521609964019384,-1.0996719906799632,0.1814801041279286,0.025712306059370308,0.03981532808338804,0.17184007930855758
2383,0.5528617399728669,0.06508561858584352,-1.4320155892949833,-1.2448467036897353,0.1749223087196192,1.5855287069457766,0.29139882059182914,0.7299688289517587,0.6789753005552669,0.7244888711604479
2384,-0.1644274714260963,-0.751550405261657,-0.38112724010180754,-0.8310638202256104,1.6407803402430954,0.2429283581329067,0.08893375126175423,-0.07234872877374655,-0.04774083252919862,0.1293286337814887
2385,0.8693128626488799,0.8817216424333439,-0.38112724010180754,-1.2448467036897353,-0.4533025619332999,-0.2046050914713833,0.32832173404877013,1.0508958520419613,0.9591550145155429,0.937046098795791
2386,0.5106682569493985,-1.5681864291091574,-0.38112724010180754,1.6516334805591384,-1.8493578300509,1.1379952573414867,0.32757796313021303,0.7745420266031756,0.8103095414741465,0.5402726072098178
2387,-0.8184264582898567,0.06508561858584352,1.1952052836879563,0.8240677136308887,-0.8721191423685809,-0.2046050914713833,0.05105456090952558,-0.785519891196419,-0.8094794298586986,-0.8767755770257997
2388,1.5022151080009063,0.06508561858584352,1.1952052836879563,-1.2448467036897353,0.6635416525607812,0.2429283581329067,0.581788237794188,1.3985667937230135,1.3268908890884048,1.4471834451206125
2389,-1.050490614918933,0.8817216424333439,-0.9065714146983955,0.8240677136308887,-0.6627108521509428,0.2429283581329067,0.039419858683525474,-1.2669104258317225,-1.2209933847378536,-1.2877195504541288
2390,0.4262812909024616,1.6983576662808442,-1.4320155892949833,-0.8310638202256104,1.9897941572724953,-1.5472054402842532,0.19991499760930775,0.5338467592855243,0.4688405150850598,0.752829834845161
2391,1.1435705023014249,-1.5681864291091574,1.1952052836879563,-0.8310638202256104,0.3145278355313812,-0.6521385410756733,0.34335653190245974,1.1311276078145118,1.1780454160470084,1.192114771958202
2392,-0.1855242129378305,0.8817216424333439,0.14431693449478036,0.8240677136308887,0.5937388891549003,-1.0996719906799632,0.15512936301333474,-0.018860891592046524,-0.056496448590457056,0.03013526088499571
2393,-1.0293938734071988,0.8817216424333439,1.1952052836879563,0.410284830166764,0.1749223087196192,-0.2046050914713833,0.028900812835360994,-1.240166507240872,-1.1947265365540773,-1.1885261775576352
2394,0.23641061729685378,-1.5681864291091574,1.1952052836879563,1.6516334805591384,1.1521609964019384,0.2429283581329067,0.25761037029166445,0.3288100500890057,0.3550175062886978,0.4835906798403931
2395,-0.5652655601490462,0.8817216424333439,1.1952052836879563,-1.2448467036897353,0.035316781907857205,0.2429283581329067,0.06667375019922435,-0.5091660657576332,-0.4767660195308704,-0.4800020854398264
2396,-0.5441688186373119,0.8817216424333439,-0.38112724010180754,0.410284830166764,0.1749223087196192,-1.5472054402842532,0.07320830898369017,-0.4556782285759332,-0.4067210910408021,-0.40914967622804577
2397,-0.7762329752663882,0.8817216424333439,-0.9065714146983955,-1.2448467036897353,-0.10428874490389983,-0.6521385410756733,0.04287308080539765,-0.8122638097872686,-0.7657013495524049,-0.7917526859716626
2398,-0.20662095444956474,0.8817216424333439,-0.38112724010180754,-0.8310638202256104,-0.4533025619332999,-0.2046050914713833,0.09653083992987303,-0.0010316125314793153,0.022304095960870397,-0.040717148326785545
2399,-1.0082971318954645,0.8817216424333439,1.1952052836879563,0.8240677136308887,-0.10428874490389983,-0.6521385410756733,0.043988737183233276,-1.1688493909986049,-1.185970920492819,-1.1743556957152792
2400,-0.20662095444956474,-1.5681864291091574,-0.38112724010180754,-1.2448467036897353,-0.5929080887450618,2.033062156550067,0.1097593369813526,-0.054519449713180144,-0.012718368284164113,-0.09739907569620966
2401,1.0802802777662222,0.8817216424333439,1.7206494582845442,-1.2448467036897353,0.5239361257490193,-0.6521385410756733,0.336662593635446,1.086554410163095,1.1430229518019739,1.177944290115846
2402,-0.20662095444956474,-1.5681864291091574,0.14431693449478036,0.410284830166764,0.8031471793725382,0.2429283581329067,0.14891356319396484,-0.09017800783431376,-0.07400768071297392,0.015964779042639207
2403,2.6203424081228195,-0.751550405261657,-0.9065714146983955,-1.2448467036897353,0.1051195453137382,1.1379952573414867,0.9811400945651596,2.1563111537971027,2.0798738703566455,2.113196091711354
2404,0.004346460667777534,0.06508561858584352,-1.4320155892949833,-0.8310638202256104,-1.081527432586219,-0.2046050914713833,0.1502948520427137,0.2842368524375889,0.24119449749233587,0.1293286337814887
2405,-1.0082971318954645,0.06508561858584352,-1.4320155892949833,1.6516334805591384,-1.2909357228038618,0.2429283581329067,0.0573766137172608,-1.0975322747563376,-1.1246816080640083,-1.2168671412423475
2406,1.8186662306769192,0.8817216424333439,0.14431693449478036,-0.8310638202256104,0.5937388891549003,0.6904618077371967,0.5492216968602242,1.6036035029195321,1.607070603048681,1.6880816364406688
2407,0.6794421890432724,-1.5681864291091574,1.1952052836879563,-0.8310638202256104,1.0823582329960573,0.2429283581329067,0.2379004409499017,0.86368842190601,0.7840426932903704,0.9653870624805029
2408,-0.8606199413133251,-1.5681864291091574,0.14431693449478036,0.8240677136308887,-3.2454130981685,1.5855287069457766,0.053126494182648885,-0.776605251666135,-0.7219232692461119,-1.0609918409764298
2409,-1.050490614918933,0.8817216424333439,-1.4320155892949833,0.410284830166764,0.7333444159666572,-0.6521385410756733,0.04483876109015566,-1.2579957863014386,-1.273527081105405,-1.1885261775576352
2410,-1.050490614918933,0.8817216424333439,-0.38112724010180754,0.8240677136308887,-0.6627108521509428,-0.2046050914713833,0.02672262657387239,-1.2669104258317225,-1.2209933847378536,-1.2877195504541288
2411,-0.20662095444956474,-1.5681864291091574,-1.4320155892949833,-0.4172809367614856,1.1521609964019384,0.2429283581329067,0.19242416192955428,-0.08126336830403057,-0.12654137708052607,0.03013526088499571
2412,-0.5230720771255777,0.06508561858584352,0.14431693449478036,0.410284830166764,-1.430541249615619,0.2429283581329067,0.09020878712213781,-0.3219586356216819,-0.37169862679576765,-0.4941725672821829
2413,-1.0293938734071988,0.8817216424333439,-0.38112724010180754,0.410284830166764,0.3145278355313812,-1.0996719906799632,0.0333634383467035,-1.1955933095894553,-1.2034821526153359,-1.1601852138729227
2414,0.4262812909024616,0.06508561858584352,-0.38112724010180754,-1.2448467036897353,-1.639949539833262,0.2429283581329067,0.25436965414652285,0.6943102708306251,0.6351972202489738,0.44107923431332485
2415,-0.9661036488719961,0.8817216424333439,0.6697611090913683,1.2378505970950135,0.035316781907857205,-0.6521385410756733,0.04266057482866706,-1.0975322747563376,-1.1071703759414915,-1.0893328046611421
2416,0.4262812909024616,0.06508561858584352,0.6697611090913683,-0.8310638202256104,0.5239361257490193,-0.6521385410756733,0.20081814801041278,0.578419956936941,0.49510736326883587,0.5969545345792426
2417,2.5359554420758825,1.6983576662808442,-0.38112724010180754,-1.2448467036897353,2.687821791331295,0.2429283581329067,0.8373798013069118,1.9512744446005843,1.7734273082125942,2.283241873819628
2418,0.40518454939072734,-1.5681864291091574,0.14431693449478036,0.410284830166764,0.035316781907857205,-0.2046050914713833,0.3237528555490623,0.5695053174066579,0.5739079078201633,0.5686135708945302
2419,-1.050490614918933,0.8817216424333439,0.14431693449478036,0.8240677136308887,-0.17409150830978082,-1.0996719906799632,0.031185252085214898,-1.2490811467711553,-1.212237768676595,-1.231037623084704
2420,-0.8184264582898567,0.8817216424333439,-1.4320155892949833,0.8240677136308887,0.24472507212550018,-0.6521385410756733,0.061254847792594165,-0.8479223679084023,-0.8620131262262499,-0.8200936496563749
2421,0.4262812909024616,-1.5681864291091574,-0.38112724010180754,-1.2448467036897353,0.1749223087196192,-1.5472054402842532,0.26536683844233117,0.6229931545883579,0.6439528363102324,0.6536364619486673
2422,0.9326030871840826,0.8817216424333439,0.14431693449478036,1.2378505970950135,-0.38349979852741883,-1.0996719906799632,0.7982787015884821,1.0776397706328118,1.0904892554344225,1.0220689898499276
2423,0.4473780324141958,0.06508561858584352,1.1952052836879563,0.410284830166764,0.8729499427784192,0.2429283581329067,0.30499920310258727,0.6140785150580746,0.5563966756976465,0.6961479074757362
2424,-0.20662095444956474,-0.751550405261657,-0.38112724010180754,-0.8310638202256104,-1.081527432586219,2.4805956061543566,0.10359666365616534,-0.02777553112232973,-0.003962752222904903,-0.13991052122327854
2425,1.5655053325361088,0.06508561858584352,1.1952052836879563,-0.8310638202256104,-1.639949539833262,1.1379952573414867,0.409445890665675,1.5679449447983984,1.5632925227423873,1.3054786266970513
2426,-0.12223398840262782,0.06508561858584352,0.14431693449478036,-0.8310638202256104,-1.5003440130215,0.2429283581329067,0.12367847845720661,0.1594318990136216,0.11861587263471549,-0.040717148326785545
2427,0.46847477392593007,-1.5681864291091574,1.1952052836879563,0.410284830166764,1.0125554695901813,-0.2046050914713833,0.327737342612761,0.6051638755277915,0.5651522917589049,0.7103183893180921
2428,-1.050490614918933,-1.5681864291091574,0.6697611090913683,0.8240677136308887,0.8031471793725382,0.6904618077371967,0.025128831748392925,-1.347142181604273,-1.256015848982888,-1.2168671412423475
2429,1.5655053325361088,0.06508561858584352,-1.4320155892949833,0.410284830166764,0.38433059893725724,0.2429283581329067,0.7970036657280986,1.4074814332532968,1.4494695139460252,1.4755244088053256
2430,-0.12223398840262782,0.06508561858584352,-0.9065714146983955,0.410284830166764,-1.7097523032391428,1.1379952573414867,0.1781331349944217,0.14160261995305437,0.15363833687975,-0.054887630169141416
2431,0.5528617399728669,0.8817216424333439,0.6697611090913683,-1.2448467036897353,0.7333444159666572,-0.6521385410756733,0.23019709929341764,0.7032249103609084,0.6439528363102324,0.7670003166875169
2432,-0.9872003903837303,-1.5681864291091574,-1.4320155892949833,1.2378505970950135,-0.17409150830978082,-0.2046050914713833,0.05859852308346172,-1.1510201119380377,-1.0984147598802323,-1.1176737683458546
2433,0.6372487060198039,0.8817216424333439,-0.38112724010180754,0.8240677136308887,0.38433059893725724,-1.0996719906799632,0.3498910906869256,0.7477981080123259,0.7665314611678535,0.7953412803722286
2434,-1.0082971318954645,0.06508561858584352,-0.38112724010180754,0.8240677136308887,-0.8023163789626999,1.1379952573414867,0.0382510758115072,-1.1510201119380377,-1.1684596883703013,-1.2168671412423475
2435,-0.5863623016607803,-0.751550405261657,-1.4320155892949833,0.410284830166764,1.0823582329960573,-0.6521385410756733,0.08255857195983637,-0.5804831819999005,-0.5380553319596809,-0.43749063991275816
2436,0.5106682569493985,-0.751550405261657,1.7206494582845442,-0.8310638202256104,1.4313720500254572,-0.6521385410756733,0.17021728736120703,0.5605906778763746,0.5126185953913535,0.7244888711604479
2437,0.5317649984611327,-1.5681864291091574,1.1952052836879563,-0.4172809367614856,-1.988963356862662,1.5855287069457766,0.47882909206821445,0.8102005847243092,0.8190651575354049,0.5402726072098178
2438,0.10983016822644844,0.8817216424333439,1.1952052836879563,-1.2448467036897353,0.24472507212550018,-0.6521385410756733,0.20007437709185572,0.2842368524375889,0.3199950420436633,0.32771537957447533
2439,1.5444085910243748,0.06508561858584352,-0.9065714146983955,-0.8310638202256104,-1.2909357228038618,0.2429283581329067,0.4642724326621686,1.6125181424498154,1.466980746068543,1.3338195903817645
2440,-0.9872003903837303,0.06508561858584352,-1.4320155892949833,-1.2448467036897353,-1.8493578300509,0.2429283581329067,0.03947298517770812,-1.0440444375746376,-1.072147911696457,-1.2168671412423475
2441,-0.5863623016607803,0.8817216424333439,-0.9065714146983955,-0.8310638202256104,0.8031471793725382,-0.6521385410756733,0.0735801944429687,-0.5002514262273501,-0.5205440998371641,-0.4233201580704017
2442,1.1013770192779564,0.8817216424333439,0.6697611090913683,0.410284830166764,-0.6627108521509428,-0.2046050914713833,0.37608245231897147,1.1489568868750781,1.16928979998575,1.0504099535346405
2443,-0.1855242129378305,-1.5681864291091574,1.1952052836879563,0.8240677136308887,0.1749223087196192,-1.9947388898885432,0.18195824257557244,-0.009946252061763314,0.022304095960870397,0.03013526088499571
2444,-0.8184264582898567,0.8817216424333439,-0.9065714146983955,1.2378505970950135,0.38433059893725724,-1.0996719906799632,0.08404611379695054,-0.8479223679084023,-0.8620131262262499,-0.8059231678140184
2445,-0.5441688186373119,0.8817216424333439,0.6697611090913683,0.8240677136308887,0.9427527061843003,-1.0996719906799632,0.07719279604738884,-0.4913367866970668,-0.45049917134709505,-0.3808087125433334
2446,0.21531387578511957,-1.5681864291091574,-0.38112724010180754,0.410284830166764,0.7333444159666572,0.2429283581329067,0.20602454444031237,0.3555539686798561,0.3812843544724739,0.4552497161556807
2447,-0.4808785941021094,0.8817216424333439,0.14431693449478036,0.8240677136308887,-0.24389427171566183,-1.0996719906799632,0.10970621048716996,-0.3130439960913987,-0.3016536983056986,-0.33829726701626517
2448,-0.9661036488719961,-0.751550405261657,-0.38112724010180754,0.410284830166764,1.0823582329960573,-0.6521385410756733,0.028528927376082452,-1.1955933095894553,-1.1246816080640083,-1.0468213591340738
2449,0.8693128626488799,0.06508561858584352,0.14431693449478036,0.8240677136308887,0.5937388891549003,0.6904618077371967,0.5322212187217765,0.9617494567391269,0.8978657020867323,1.0078985080075717
2450,-0.1644274714260963,-1.5681864291091574,0.14431693449478036,0.410284830166764,0.5239361257490193,0.2429283581329067,0.15045423152526166,-0.018860891592046524,0.013548479899611962,0.058476224569708087
2451,-1.050490614918933,0.06508561858584352,-1.4320155892949833,1.6516334805591384,-0.31369703512154284,0.6904618077371967,0.05381713860702332,-1.2579957863014386,-1.256015848982888,-1.2735490686117723
2452,-1.050490614918933,-1.5681864291091574,-1.4320155892949833,0.410284830166764,0.1051195453137382,1.5855287069457766,0.03495723317218297,-1.293654344422572,-1.2385046168603704,-1.24520810492706
2453,0.4262812909024616,-1.5681864291091574,-1.4320155892949833,-0.8310638202256104,-1.5701467764273809,2.4805956061543566,0.21659671678265952,0.6586517127094915,0.5914191399426809,0.41273827062861246
2454,-1.0082971318954645,0.06508561858584352,1.1952052836879563,0.8240677136308887,0.7333444159666572,0.6904618077371967,0.043988737183233276,-1.2134225886500216,-1.2297490007991119,-1.146014732030567
2455,-0.8817166828250593,0.06508561858584352,1.1952052836879563,-0.4172809367614856,0.5239361257490193,1.1379952573414867,0.06518620836211018,-0.9727273213323704,-0.9845917510838703,-0.9192870225528679
2456,0.8482161211371456,-1.5681864291091574,0.6697611090913683,1.6516334805591384,-0.03448598149801883,2.4805956061543566,0.2713170057907879,0.8815177009665764,0.845332005719181,0.8378527258992975
2457,1.6498922985830458,0.8817216424333439,-0.38112724010180754,-1.2448467036897353,0.5239361257490193,-0.2046050914713833,0.5495935823195027,1.5144571076166977,1.4494695139460252,1.5463768180171062
2458,0.23641061729685378,0.06508561858584352,-0.9065714146983955,0.410284830166764,0.1749223087196192,1.1379952573414867,0.26398554959358234,0.4447003639826906,0.39879558659499154,0.44107923431332485
2459,-1.050490614918933,0.8817216424333439,-1.4320155892949833,1.6516334805591384,-0.03448598149801883,-1.0996719906799632,0.05381713860702332,-1.2669104258317225,-1.273527081105405,-1.2593785867694165
2460,-0.438685111078641,0.8817216424333439,-1.4320155892949833,1.6516334805591384,-0.5231053253391809,0.2429283581329067,0.13361313286936194,-0.3041293565611155,-0.2666312340606641,-0.33829726701626517
2461,1.5022151080009063,-1.5681864291091574,-0.38112724010180754,0.410284830166764,0.8729499427784192,-0.2046050914713833,0.5482122934707538,1.3539935960715968,1.3706689693946978,1.4755244088053256
2462,0.23641061729685378,0.8817216424333439,-0.38112724010180754,0.410284830166764,0.8729499427784192,-0.6521385410756733,0.1988524677256548,0.3733832477404233,0.27621696173737037,0.4269087524709683
2463,0.02544320217951176,-1.5681864291091574,-1.4320155892949833,-0.8310638202256104,0.8031471793725382,-0.6521385410756733,0.16251394570472294,0.12377334089248797,0.14488272081849157,0.22852200667798234
2464,0.23641061729685378,-1.5681864291091574,1.1952052836879563,-1.2448467036897353,1.1521609964019384,0.6904618077371967,0.19991499760930775,0.4179564453918402,0.3550175062886978,0.5261021253674619
2465,-0.9661036488719961,0.06508561858584352,-0.38112724010180754,1.2378505970950135,-0.38349979852741883,1.1379952573414867,0.04117303299155289,-1.1331908328774714,-1.0809035277577155,-1.1318442501882104
2466,-0.5863623016607803,0.06508561858584352,-1.4320155892949833,-1.2448467036897353,0.38433059893725724,0.6904618077371967,0.0837804813260373,-0.5091660657576332,-0.5730777962047154,-0.4941725672821829
2467,0.8482161211371456,0.8817216424333439,0.6697611090913683,-1.2448467036897353,0.4541333623431382,-0.2046050914713833,0.2940551453009616,0.9082616195574269,0.9328881663317669,0.97955754432286
2468,-0.438685111078641,0.8817216424333439,-1.4320155892949833,1.6516334805591384,0.035316781907857205,-0.2046050914713833,0.16076077139669553,-0.3397879146822491,-0.2928980822444394,-0.3099563033315528
2469,0.6583454475315381,-1.5681864291091574,0.6697611090913683,-0.8310638202256104,0.5239361257490193,0.2429283581329067,0.23598788715932636,0.7656273870728924,0.8015539254128881,0.8520232077416533
2470,-1.0082971318954645,0.8817216424333439,-0.9065714146983955,-1.2448467036897353,-0.31369703512154284,-1.0996719906799632,0.04016362960208256,-1.1688493909986049,-1.1772153044315605,-1.1885261775576352
2471,0.5528617399728669,-1.5681864291091574,0.14431693449478036,-0.8310638202256104,0.035316781907857205,-0.4731251612339579,0.27933910641236787,0.6943102708306251,0.7227533808615598,0.7103183893180921
2472,0.4473780324141958,1.6983576662808442,1.1952052836879563,-1.2448467036897353,3.5952577156077434,-0.6521385410756733,0.21792487913722575,0.3733832477404233,0.4250624347787669,0.8520232077416533
2473,-1.0293938734071988,-0.751550405261657,-0.9065714146983955,-1.2448467036897353,1.2219637598078192,-0.6521385410756733,0.030335228178292515,-1.2847397048922888,-1.2472602329216296,-1.146014732030567
2474,-0.8817166828250593,0.8817216424333439,0.14431693449478036,1.6516334805591384,0.24472507212550018,-1.2786853705216787,0.053657759124475374,-0.9638126818020863,-0.9145468225938014,-0.9051165407105121
2475,0.5950552229963354,0.06508561858584352,0.6697611090913683,-1.2448467036897353,-0.8721191423685809,1.1379952573414867,0.2313658821654359,0.8369445033151597,0.7665314611678535,0.681977425633379
2476,-0.6285557846842488,0.8817216424333439,1.1952052836879563,1.6516334805591384,0.24472507212550018,-1.0996719906799632,0.1027997662434256,-0.5715685424696173,-0.5993446443884916,-0.5508544946516076
2477,-0.20662095444956474,0.06508561858584352,1.1952052836879563,0.8240677136308887,-1.7097523032391428,2.033062156550067,0.13260372947989163,0.06137086418050393,0.0047928638383535295,-0.1682514849079909
2478,-0.6285557846842488,0.8817216424333439,-0.9065714146983955,0.8240677136308887,-0.4533025619332999,-0.6521385410756733,0.10210912181905116,-0.5448246238787668,-0.44174355528583586,-0.5366840128092512
2479,1.5022151080009063,0.8817216424333439,1.1952052836879563,0.410284830166764,0.3145278355313812,-0.2046050914713833,0.6878287201827551,1.3807375146624472,1.4232026657622499,1.4330129632782567
2480,2.831309823240162,0.06508561858584352,0.6697611090913683,0.410284830166764,-1.7097523032391428,0.6904618077371967,0.8191042873080805,2.3702625025239046,2.3600535843169217,2.0706846461842847
2481,1.5022151080009063,-1.5681864291091574,0.6697611090913683,-0.8310638202256104,1.0125554695901813,0.2429283581329067,0.3673165807788344,1.4074814332532968,1.3444021212109216,1.5180358543323944
2482,0.9115063456723483,0.8817216424333439,0.14431693449478036,0.410284830166764,0.4541333623431382,-1.5472054402842532,0.5494342028369548,0.9884933753299773,0.9941774787605774,1.0504099535346405
2483,-0.9450069073602619,0.8817216424333439,-0.9065714146983955,0.410284830166764,0.035316781907857205,-0.6521385410756733,0.04404186367741593,-1.0886176352260544,-1.0371254474514224,-1.0468213591340738
2484,1.797569489165185,-1.5681864291091574,0.14431693449478036,0.8240677136308887,0.7333444159666572,-0.6521385410756733,0.9257291611326569,1.5946888633892482,1.607070603048681,1.7022521182830246
2485,0.46847477392593007,0.8817216424333439,1.1952052836879563,1.6516334805591384,0.24472507212550018,-1.5472054402842532,0.4700100940338947,0.7210541894214756,0.6789753005552669,0.7244888711604479
2486,0.46847477392593007,-1.5681864291091574,-0.38112724010180754,-0.8310638202256104,0.4541333623431382,0.6904618077371967,0.20862774265526218,0.5695053174066579,0.6001747560039394,0.6394659801063115
2487,0.004346460667777534,0.06508561858584352,-1.4320155892949833,-0.8310638202256104,-1.2909357228038618,0.2429283581329067,0.15613876640280508,0.2664075733770225,0.19741641718604294,0.07264670641206396
2488,-0.1644274714260963,-1.5681864291091574,1.1952052836879563,-0.8310638202256104,-0.8023163789626999,-0.2046050914713833,0.11230940870211975,0.05245622465022072,0.10986025657345705,-0.012376184642073167
2489,0.8482161211371456,0.06508561858584352,1.7206494582845442,-0.8310638202256104,-2.128568883674419,0.6904618077371967,0.24889762524571005,1.1222129682842286,1.055466791189388,0.7811707985298727
2490,-0.6707492677077173,0.8817216424333439,1.1952052836879563,0.8240677136308887,0.1051195453137382,-1.0996719906799632,0.08579928810497796,-0.6339710191816014,-0.5905890283272331,-0.5933659401786759
2491,0.48957151543766425,0.8817216424333439,0.14431693449478036,-0.8310638202256104,0.4541333623431382,-0.2046050914713833,0.20225256335334432,0.6229931545883579,0.5651522917589049,0.6536364619486673
2492,-0.14333072991436205,0.06508561858584352,0.6697611090913683,0.8240677136308887,-0.38349979852741883,0.6904618077371967,0.1271317005790788,0.09702942230163755,0.07483779232842254,0.044305742727351584
2493,1.9241499382355902,0.06508561858584352,-0.38112724010180754,0.8240677136308887,0.24472507212550018,0.6904618077371967,0.5555437496679594,1.6927498982223659,1.5895593709261633,1.6597406727559558
2494,-0.5863623016607803,0.8817216424333439,-1.4320155892949833,0.410284830166764,-0.4533025619332999,-0.2046050914713833,0.09642458694150773,-0.4735075076364996,-0.4855216355921296,-0.5225135309668953
2495,0.8271193796254115,0.8817216424333439,-0.38112724010180754,0.8240677136308887,0.24472507212550018,-1.5472054402842532,0.38150135472560165,0.9528348172088437,0.9591550145155429,0.97955754432286
2496,-1.0293938734071988,-0.751550405261657,-0.38112724010180754,-1.2448467036897353,1.2917665232137003,-0.2046050914713833,0.023694416405461403,-1.2579957863014386,-1.2297490007991119,-1.1176737683458546
2497,0.6372487060198039,0.8817216424333439,-0.38112724010180754,-1.2448467036897353,-0.10428874490389983,-0.2046050914713833,0.28040163629602083,0.801285945194026,0.7665314611678535,0.7670003166875169
2498,-0.7129427507311856,0.8817216424333439,0.6697611090913683,0.8240677136308887,0.38433059893725724,-0.6521385410756733,0.051745205333900014,-0.6874588563633014,-0.704412037123595,-0.6500478675481006
2499,0.9115063456723483,0.8817216424333439,-0.38112724010180754,-0.8310638202256104,-0.8023163789626999,-0.6521385410756733,0.32933113743824044,1.0776397706328118,1.0379555590668703,0.937046098795791
2500,-0.6285557846842488,0.06508561858584352,-1.4320155892949833,0.8240677136308887,-1.1513301959920998,0.2429283581329067,0.08882749827338894,-0.4645928681062164,-0.49427725165338804,-0.5933659401786759
2501,-0.9872003903837303,0.8817216424333439,-0.9065714146983955,-0.8310638202256104,0.1749223087196192,-0.2046050914713833,0.03352281782925145,-1.1331908328774714,-1.1246816080640083,-1.1035032865034986
2502,0.21531387578511957,0.8817216424333439,-1.4320155892949833,-0.8310638202256104,0.5937388891549003,-0.2046050914713833,0.20230568984752695,0.3555539686798561,0.40755120265625,0.4552497161556807
2503,-1.0926840979424013,-1.5681864291091574,-0.38112724010180754,0.8240677136308887,0.9427527061843003,-1.0996719906799632,0.022791266004356374,-1.3917153792556898,-1.343572009595474,-1.2735490686117723
2504,-1.0293938734071988,0.8817216424333439,1.7206494582845442,1.6516334805591384,0.1749223087196192,-0.6073851961152437,0.02486319927747968,-1.2669104258317225,-1.2297490007991119,-1.2168671412423475
2505,-0.9661036488719961,0.06508561858584352,1.1952052836879563,0.410284830166764,-0.5231053253391809,0.2429283581329067,0.0406417680497264,-1.106446914286621,-1.11592599200275,-1.146014732030567
2506,2.578148925099351,0.8817216424333439,0.6697611090913683,0.8240677136308887,0.24472507212550018,-0.6521385410756733,0.9734898794028582,2.1384818747365366,2.062362638234129,2.1273665735537097
2507,0.5528617399728669,0.8817216424333439,-0.38112724010180754,-0.8310638202256104,-0.8023163789626999,0.6904618077371967,0.2266907506773628,0.801285945194026,0.7577758451065942,0.6678069437910232
2508,-0.9872003903837303,0.8817216424333439,0.14431693449478036,0.410284830166764,0.1749223087196192,-1.457698750363394,0.03506348616054827,-1.1688493909986049,-1.1246816080640083,-1.1176737683458546
2509,0.21531387578511957,-0.751550405261657,1.1952052836879563,0.410284830166764,-0.9419219057744619,1.5855287069457766,0.24156616904850448,0.4447003639826906,0.5126185953913535,0.3560563432591877
2510,0.4262812909024616,0.8817216424333439,0.14431693449478036,0.8240677136308887,-0.24389427171566183,-0.6521385410756733,0.38128884874887103,0.6497370731792083,0.6789753005552669,0.6252954982639549
2511,-1.155974322477604,-1.5681864291091574,0.14431693449478036,1.2378505970950135,-0.4533025619332999,-0.2046050914713833,0.03362907081761674,-1.4986910536190907,-1.4486394023305773,-1.5002767780894712
2512,-1.0082971318954645,0.8817216424333439,0.6697611090913683,0.410284830166764,0.5239361257490193,-1.0996719906799632,0.03060086064920576,-1.1866786700591714,-1.1947265365540773,-1.1318442501882104
2513,0.46847477392593007,-0.751550405261657,-0.38112724010180754,-0.8310638202256104,-2.477582700703819,1.1379952573414867,0.20931838707963663,0.6764809917700587,0.731508996922819,0.3702268251015436
2514,1.0802802777662222,-1.5681864291091574,0.14431693449478036,0.8240677136308887,-1.8493578300509,1.1379952573414867,0.5204802635074112,1.2470179217081958,1.2656015766595943,0.97955754432286
2515,-0.5652655601490462,-1.5681864291091574,-0.9065714146983955,1.6516334805591384,-2.966202044544981,2.928129055758647,0.1477979068161292,-0.3487025542125323,-0.3191649304282155,-0.6500478675481006
2516,-0.5863623016607803,-1.5681864291091574,1.7206494582845442,0.410284830166764,-0.7325136155568189,-0.6521385410756733,0.06061732986240238,-0.48242214716678283,-0.44174355528583586,-0.5366840128092512
2517,-0.5019753356138434,0.8817216424333439,1.1952052836879563,0.8240677136308887,0.035316781907857205,-1.0996719906799632,0.0909525580406949,-0.40219039139423235,-0.3191649304282155,-0.35246774885862103
2518,0.8904096041606141,0.06508561858584352,1.1952052836879563,0.410284830166764,-0.38349979852741883,0.2429283581329067,0.41061467353769326,0.9617494567391269,1.029199943005612,0.937046098795791
2519,0.4262812909024616,-1.5681864291091574,-1.4320155892949833,1.6516334805591384,-1.5701467764273809,0.6904618077371967,0.4855230303352282,0.7210541894214756,0.7402646129840774,0.5119316435251055
2520,0.6372487060198039,0.8817216424333439,0.14431693449478036,1.6516334805591384,-0.38349979852741883,-0.6521385410756733,0.512192530414918,0.8191152242545933,0.8278207735966633,0.7670003166875169
2521,-0.6074590431725145,-1.5681864291091574,0.14431693449478036,0.410284830166764,-2.1983716470803,0.2429283581329067,0.09424640068001913,-0.4556782285759332,-0.38920985891828447,-0.6500478675481006
2522,-0.1855242129378305,0.06508561858584352,-1.4320155892949833,0.410284830166764,-1.919160593456781,0.6904618077371967,0.1453009615895447,0.13268798042277116,0.03981532808338804,-0.13991052122327854
2523,0.4262812909024616,1.6983576662808442,-1.4320155892949833,1.6516334805591384,2.548216264519543,-0.6521385410756733,0.42065558093821387,0.4892735616341074,0.40755120265625,0.7670003166875169
2524,3.042277238357504,0.06508561858584352,-0.38112724010180754,-0.8310638202256104,-0.24389427171566183,-0.2046050914713833,0.8848748871061999,2.4059210606450376,2.2900086558268526,2.283241873819628
2525,-0.1011372468908936,-1.5681864291091574,0.14431693449478036,-1.2448467036897353,-0.8023163789626999,1.1379952573414867,0.1308505551718642,0.13268798042277116,0.15363833687975,0.044305742727351584
2526,-0.45978185259037524,0.06508561858584352,-0.9065714146983955,0.8240677136308887,-0.24389427171566183,0.2429283581329067,0.11645327524836636,-0.3219586356216819,-0.34543177861199154,-0.35246774885862103
2527,1.5444085910243748,0.8817216424333439,0.14431693449478036,-1.2448467036897353,0.3145278355313812,-1.0996719906799632,0.6702438506082984,1.4431399913744305,1.4319582818235084,1.4613539269629696
2528,0.4473780324141958,0.8817216424333439,-1.4320155892949833,1.6516334805591384,0.6635416525607812,-0.6521385410756733,0.5171864208680869,0.6140785150580746,0.6351972202489738,0.7103183893180921
2529,-0.5230720771255777,0.06508561858584352,-0.9065714146983955,-1.2448467036897353,-0.8721191423685809,1.1379952573414867,0.09020878712213781,-0.38436111233366593,-0.4067210910408021,-0.4800020854398264
2530,-1.0082971318954645,0.06508561858584352,0.14431693449478036,0.410284830166764,-0.17409150830978082,0.2429283581329067,0.03426658874780853,-1.1955933095894553,-1.1509484562477845,-1.1743556957152792
2531,-0.20662095444956474,-1.5681864291091574,-1.4320155892949833,-1.2448467036897353,0.5239361257490193,0.6904618077371967,0.13903203527599214,-0.06343408924346336,-0.03022960040668098,0.015964779042639207
2532,1.797569489165185,0.06508561858584352,0.14431693449478036,-0.8310638202256104,-0.8721191423685809,1.5855287069457766,0.5149551081124156,1.7551523749343498,1.67711553153875,1.560547299859462
2533,-0.8817166828250593,0.8817216424333439,-1.4320155892949833,1.6516334805591384,0.4541333623431382,-0.6521385410756733,0.05456090952558041,-0.9816419608626535,-0.9145468225938014,-0.8909460588681556
2534,0.21531387578511957,-1.5681864291091574,0.14431693449478036,-0.8310638202256104,0.6635416525607812,0.6904618077371967,0.18960845773787388,0.3288100500890057,0.39003997053373235,0.44107923431332485
2535,0.3629910663672589,-0.751550405261657,-0.38112724010180754,-1.2448467036897353,0.24472507212550018,1.1379952573414867,0.21356850661424853,0.4536150035129738,0.48635174720757746,0.4977611616827496
2536,0.46847477392593007,0.06508561858584352,1.1952052836879563,0.410284830166764,-0.8721191423685809,-1.5472054402842532,0.327737342612761,0.7477981080123259,0.6527084523714916,0.5827840527368867
2537,-0.7129427507311856,-1.5681864291091574,-1.4320155892949833,-1.2448467036897353,0.035316781907857205,-0.2046050914713833,0.05142644636880412,-0.7142027749541517,-0.6606339568173013,-0.678388831232813
2538,-0.9872003903837303,0.06508561858584352,-0.9065714146983955,0.410284830166764,-0.7325136155568189,0.2429283581329067,0.04149179195664878,-1.1331908328774714,-1.0809035277577155,-1.1601852138729227
2539,-0.1644274714260963,0.8817216424333439,0.6697611090913683,1.6516334805591384,-0.17409150830978082,0.2429283581329067,0.13781012590979122,0.04354158511993751,0.04857094414464647,0.03013526088499571
2540,-0.20662095444956474,-0.751550405261657,-0.9065714146983955,-1.2448467036897353,0.5937388891549003,1.1379952573414867,0.14243213090368168,-0.14366584501601382,-0.10903014495800843,-0.054887630169141416
2541,1.481118366489172,0.06508561858584352,0.6697611090913683,0.410284830166764,0.5239361257490193,0.6904618077371967,0.4810604048238857,1.3985667937230135,1.3356465051496633,1.4330129632782567
2542,-0.8606199413133251,0.06508561858584352,-1.4320155892949833,0.410284830166764,-0.5929080887450618,1.1379952573414867,0.0595547999787494,-0.9103248446203863,-0.9233024386550606,-0.9617984680799367
2543,1.5444085910243748,0.8817216424333439,1.1952052836879563,0.410284830166764,-0.10428874490389983,-0.2046050914713833,0.710248100727833,1.4877131890258481,1.3706689693946978,1.404671999593545
2544,-0.9239101658485277,0.8817216424333439,0.14431693449478036,-0.4172809367614856,-1.0117246691803428,-0.2046050914713833,0.05647346331615577,-0.99947123992322,-0.9495692868388359,-1.0609918409764298
2545,-1.0082971318954645,0.8817216424333439,1.1952052836879563,1.2378505970950135,-0.24389427171566183,-1.0996719906799632,0.044732508101790365,-1.1688493909986049,-1.1334372241252668,-1.1601852138729227
2546,1.67098904009478,0.06508561858584352,-0.38112724010180754,0.410284830166764,0.24472507212550018,0.2429283581329067,0.6076077139669553,1.5590303052681154,1.4757363621298014,1.5463768180171062
2547,1.5022151080009063,-0.751550405261657,0.6697611090913683,0.8240677136308887,1.2917665232137003,-0.2046050914713833,0.509004940763959,1.255932561238479,1.2918684248433703,1.4471834451206125
2548,-1.0293938734071988,0.8817216424333439,1.1952052836879563,1.2378505970950135,0.24472507212550018,-1.0996719906799632,0.04191680391010997,-1.240166507240872,-1.1772153044315605,-1.1743556957152792
2549,-0.1644274714260963,-0.751550405261657,-1.4320155892949833,0.8240677136308887,-2.686990990921462,1.1379952573414867,0.1619295542687138,0.21291973619532162,0.15363833687975,-0.13991052122327854
2550,-1.0293938734071988,0.8817216424333439,1.1952052836879563,1.6516334805591384,0.5937388891549003,-0.2046050914713833,0.04818573022366254,-1.2490811467711553,-1.2647714650441464,-1.1885261775576352
2551,-0.9450069073602619,0.8817216424333439,-1.4320155892949833,0.410284830166764,0.1749223087196192,-1.0996719906799632,0.0522764702757265,-1.061873716635204,-1.0633922956351987,-1.0326508772917173
2552,-0.5863623016607803,0.8817216424333439,-0.38112724010180754,1.2378505970950135,0.24472507212550018,-1.6367121302051126,0.09387451522074058,-0.5002514262273501,-0.4767660195308704,-0.46583160359747056
2553,-0.755136233754654,0.06508561858584352,-0.9065714146983955,0.8240677136308887,-1.081527432586219,0.6904618077371967,0.06545184083302343,-0.7142027749541517,-0.7219232692461119,-0.8200936496563749
2554,-1.0293938734071988,-1.5681864291091574,1.1952052836879563,1.2378505970950135,0.7333444159666572,-0.2046050914713833,0.040429262072995804,-1.2758250653620058,-1.2297490007991119,-1.1743556957152792
2555,-0.22771769596129895,-1.5681864291091574,-0.9065714146983955,-1.2448467036897353,-2.8963992811391,2.033062156550067,0.11831270254475908,0.08811478277135434,0.14488272081849157,-0.22493341227741567
2556,-0.8395231998015908,-1.5681864291091574,0.14431693449478036,-0.4172809367614856,0.8031471793725382,-1.0996719906799632,0.06699250916432024,-0.9370687632112367,-0.9057912065325429,-0.8342641314987308
2557,-0.20662095444956474,0.8817216424333439,-0.38112724010180754,0.8240677136308887,-0.5231053253391809,-0.6521385410756733,0.13239122350316102,0.007883026998803893,0.022304095960870397,-0.040717148326785545
2558,-1.0293938734071988,0.06508561858584352,-1.4320155892949833,-1.2448467036897353,-2.128568883674419,1.1379952573414867,0.034585347712904425,-1.115361553816904,-1.1246816080640083,-1.3018900322964846
2559,0.4473780324141958,0.8817216424333439,-0.38112724010180754,-1.2448467036897353,0.035316781907857205,-1.5472054402842532,0.27402645699410294,0.6675663522397756,0.617685988126457,0.6394659801063115
2560,-0.8184264582898567,-0.751550405261657,-1.4320155892949833,-1.2448467036897353,0.9427527061843003,-0.2046050914713833,0.03745417839876747,-0.8924955655598191,-0.8357462780424739,-0.7634117222869502
2561,-0.6285557846842488,-1.5681864291091574,1.1952052836879563,-1.2448467036897353,1.0823582329960573,0.6904618077371967,0.06306114859480423,-0.6607149377724509,-0.6256114925722677,-0.5225135309668953
2562,0.8060226381136772,0.06508561858584352,-0.38112724010180754,-0.8310638202256104,-2.128568883674419,1.1379952573414867,0.2632949051692079,1.140042247344795,1.0467111751281288,0.7811707985298727
2563,0.9115063456723483,0.8817216424333439,1.1952052836879563,0.410284830166764,0.4541333623431382,-0.2046050914713833,0.42952770546671626,0.9795787357996941,1.0029330948218358,1.0504099535346405
2564,1.5022151080009063,-1.5681864291091574,1.1952052836879563,0.8240677136308887,-1.5701467764273809,0.6904618077371967,0.7452584603941986,1.4966278285561312,1.5020032103135774,1.2487966993276265
2565,-0.5863623016607803,0.8817216424333439,1.1952052836879563,1.2378505970950135,0.1051195453137382,-1.368192060442538,0.10285289273760824,-0.5180807052879165,-0.4855216355921296,-0.4800020854398264
2566,0.6583454475315381,0.06508561858584352,-1.4320155892949833,-0.8310638202256104,0.5239361257490193,0.2429283581329067,0.24337246985071456,0.7834566661334595,0.7840426932903704,0.8520232077416533
2567,-0.1855242129378305,0.06508561858584352,1.1952052836879563,-0.8310638202256104,0.4541333623431382,0.6904618077371967,0.10428730808053976,-0.054519449713180144,-0.10903014495800843,-0.026546666484429042
2568,0.7216356720667403,-1.5681864291091574,-0.38112724010180754,-1.2448467036897353,0.9427527061843003,0.2429283581329067,0.2899644052488976,0.8547737823757269,0.7577758451065942,0.9228756169534352
2569,-0.8184264582898567,0.8817216424333439,0.6697611090913683,1.2378505970950135,-0.5231053253391809,-0.6521385410756733,0.04648568240981778,-0.8390077283781191,-0.8007238137974394,-0.8626050951834432
2570,0.23641061729685378,0.06508561858584352,1.1952052836879563,-1.2448467036897353,0.5937388891549003,-0.6521385410756733,0.19991499760930775,0.4268710849221234,0.3725287384112155,0.4694201979980372
2571,0.4473780324141958,0.8817216424333439,0.14431693449478036,-0.8310638202256104,0.5239361257490193,-1.0996719906799632,0.23890984433937204,0.5962492359975082,0.5739079078201633,0.6536364619486673
2572,0.5950552229963354,0.06508561858584352,1.1952052836879563,-0.8310638202256104,-1.0117246691803428,0.2429283581329067,0.23598788715932636,0.8815177009665764,0.8015539254128881,0.6961479074757362
2573,-0.5441688186373119,0.8817216424333439,0.6697611090913683,-0.8310638202256104,0.035316781907857205,-1.5472054402842532,0.051213940392073526,-0.437848949515366,-0.4067210910408021,-0.40914967622804577
2574,-1.050490614918933,0.8817216424333439,0.14431693449478036,-0.4172809367614856,-0.4533025619332999,-0.2046050914713833,0.05381713860702332,-1.1955933095894553,-1.212237768676595,-1.231037623084704
2575,1.1646672438131591,-1.5681864291091574,1.1952052836879563,0.8240677136308887,-1.1513301959920998,-0.6521385410756733,0.516867661902991,1.2737618402990463,1.2918684248433703,1.1070918809040653
2576,-0.6074590431725145,-0.751550405261657,1.1952052836879563,0.410284830166764,1.5011748134313383,-0.6521385410756733,0.07666153110556234,-0.562653902939334,-0.5818334122659738,-0.40914967622804577
2577,0.046539943691245755,0.8817216424333439,0.14431693449478036,-1.2448467036897353,-0.03448598149801883,-0.6521385410756733,0.20241194283589226,0.24857829431645526,0.28497257779862883,0.25686297036269473
2578,-0.7973297167781225,-1.5681864291091574,0.14431693449478036,-1.2448467036897353,0.38433059893725724,-0.6521385410756733,0.04186367741592732,-0.8479223679084023,-0.8094794298586986,-0.777582204129306
2579,-0.3121046620082356,-1.5681864291091574,0.14431693449478036,0.8240677136308887,-1.7097523032391428,-0.6521385410756733,0.1278223450034532,-0.08126336830403057,0.022304095960870397,-0.23910389411977154
2580,-0.1644274714260963,-1.5681864291091574,-1.4320155892949833,0.410284830166764,-1.221132959397981,-0.2046050914713833,0.18859905434840354,0.07028550371078714,0.10986025657345705,-0.054887630169141416
2581,-1.0293938734071988,0.06508561858584352,1.1952052836879563,-1.2448467036897353,0.5937388891549003,0.2429283581329067,0.024544440312383786,-1.2847397048922888,-1.2209933847378536,-1.1885261775576352
2582,0.02544320217951176,0.8817216424333439,-1.4320155892949833,-1.2448467036897353,0.4541333623431382,-0.2046050914713833,0.1651702704138554,0.1683465385439048,0.20617203324730138,0.2426924885203382
2583,-0.5863623016607803,0.8817216424333439,1.1952052836879563,1.6516334805591384,-0.6627108521509428,-0.2046050914713833,0.10152473038304202,-0.5091660657576332,-0.4592547874083535,-0.5508544946516076
2584,-0.6285557846842488,0.8817216424333439,0.14431693449478036,1.6516334805591384,-0.31369703512154284,0.6904618077371967,0.11740955214365403,-0.6072271005907509,-0.5555665640821986,-0.6075364220210324
2585,0.4473780324141958,-1.5681864291091574,0.14431693449478036,0.410284830166764,-0.5231053253391809,-0.2046050914713833,0.3226371991712267,0.6140785150580746,0.6702196844940084,0.5686135708945302
2586,0.4473780324141958,0.06508561858584352,1.1952052836879563,-1.2448467036897353,-0.5231053253391809,2.033062156550067,0.2482069808213356,0.6764809917700587,0.5826635238814225,0.5544430890521743
2587,0.8693128626488799,0.8817216424333439,0.14431693449478036,1.2378505970950135,0.1749223087196192,0.2429283581329067,0.6700844711257504,0.970664096269411,0.985421862699319,0.9937280261652158
2588,-0.8395231998015908,-1.5681864291091574,-0.38112724010180754,0.8240677136308887,0.6635416525607812,-0.6521385410756733,0.04287308080539765,-0.9103248446203863,-0.8795243583487669,-0.8200936496563749
2589,-1.0293938734071988,0.06508561858584352,0.14431693449478036,0.410284830166764,0.4541333623431382,0.2429283581329067,0.033204058864155554,-1.2669104258317225,-1.2209933847378536,-1.1885261775576352
2590,-0.6285557846842488,0.06508561858584352,-0.9065714146983955,-0.8310638202256104,-2.268174410486181,1.1379952573414867,0.06258301014716039,-0.4645928681062164,-0.4767660195308704,-0.7067297949175254
2591,-1.0082971318954645,0.8817216424333439,-0.9065714146983955,-1.2448467036897353,-0.17409150830978082,-0.6521385410756733,0.031291505073580195,-1.1955933095894553,-1.1509484562477845,-1.1743556957152792
2592,-1.050490614918933,-1.5681864291091574,-1.4320155892949833,-1.2448467036897353,1.0125554695901813,-0.2046050914713833,0.035860383573287996,-1.2758250653620058,-1.299793929289181,-1.1885261775576352
2593,-0.6285557846842488,0.8817216424333439,-0.38112724010180754,-1.2448467036897353,0.3145278355313812,-1.9947388898885432,0.06130797428677682,-0.5983124610604676,-0.5205440998371641,-0.5225135309668953
2594,-0.6074590431725145,0.8817216424333439,0.14431693449478036,0.410284830166764,-0.5231053253391809,-1.0996719906799632,0.08452425224459438,-0.5002514262273501,-0.4592547874083535,-0.5225135309668953
2595,-0.8184264582898567,-0.751550405261657,-1.4320155892949833,0.410284830166764,-2.5473854641097,0.6904618077371967,0.04101365350900494,-0.7498613330752854,-0.6869008050010774,-0.9617984680799367
2596,-1.1348775809658698,0.8817216424333439,-0.38112724010180754,-1.2448467036897353,-0.8721191423685809,0.2429283581329067,0.02518195824257557,-1.400630018785973,-1.36983885777925,-1.4435948507200465
2597,0.6161519645080696,0.06508561858584352,-0.38112724010180754,0.410284830166764,-1.430541249615619,0.2429283581329067,0.3015991074748977,0.8904323404968605,0.8103095414741465,0.6536364619486673
2598,-0.5441688186373119,0.06508561858584352,-0.9065714146983955,0.410284830166764,-0.17409150830978082,0.2429283581329067,0.10588110290601924,-0.4200196704547996,-0.4592547874083535,-0.451661121755114
2599,-1.050490614918933,0.8817216424333439,0.14431693449478036,1.2378505970950135,0.3145278355313812,-1.9947388898885432,0.045529405514530094,-1.2758250653620058,-1.2385046168603704,-1.2168671412423475
2600,-0.5441688186373119,0.8817216424333439,1.1952052836879563,1.6516334805591384,0.035316781907857205,-0.6521385410756733,0.10545609095255803,-0.4467635890456492,-0.424232323163319,-0.4233201580704017
2601,-0.4808785941021094,0.8817216424333439,-1.4320155892949833,0.410284830166764,-0.10428874490389983,-0.6521385410756733,0.09663709291823833,-0.3130439960913987,-0.34543177861199154,-0.33829726701626517
2602,1.5022151080009063,0.8817216424333439,1.7206494582845442,-1.2448467036897353,0.5937388891549003,-1.5472054402842532,0.4721882802953833,1.36290823560188,1.4144470497009907,1.4613539269629696
2603,-0.20662095444956474,1.6983576662808442,1.1952052836879563,0.8240677136308887,4.712101930101819,0.2429283581329067,0.11953461191096,-0.23281224031884826,-0.34543177861199154,0.22852200667798234
2604,0.4473780324141958,-0.751550405261657,-0.38112724010180754,0.410284830166764,0.9427527061843003,0.6904618077371967,0.27445146894756417,0.5071028406946738,0.5301298275138704,0.6394659801063115
2605,-0.9239101658485277,0.8817216424333439,-1.4320155892949833,-1.2448467036897353,-0.24389427171566183,-0.2046050914713833,0.0430324602879456,-1.0173005189837871,-1.0283698313901641,-1.0326508772917173
2606,3.000083755334036,1.6983576662808442,1.1952052836879563,-0.8310638202256104,1.8501886304607433,0.2429283581329067,0.6645061892365722,2.3078600258119204,2.114896334601681,2.4957991014549696
2607,-0.45978185259037524,-1.5681864291091574,-1.4320155892949833,-1.2448467036897353,0.9427527061843003,-0.6521385410756733,0.08718057695372683,-0.33087327515196513,-0.3629430107345084,-0.23910389411977154
2608,-0.9661036488719961,0.8817216424333439,1.1952052836879563,1.6516334805591384,0.4541333623431382,-1.9947388898885432,0.039897997131169316,-1.106446914286621,-1.0633922956351987,-1.0326508772917173
2609,-1.050490614918933,-0.751550405261657,1.1952052836879563,1.6516334805591384,1.4313720500254572,-0.6521385410756733,0.03633852202093184,-1.3025689839528563,-1.2647714650441464,-1.146014732030567
2610,0.4262812909024616,0.06508561858584352,0.14431693449478036,-1.2448467036897353,0.7333444159666572,1.5855287069457766,0.2136747596026138,0.5695053174066579,0.45132928296254293,0.5969545345792426
2611,0.046539943691245755,0.06508561858584352,-0.9065714146983955,-0.8310638202256104,-0.03448598149801883,-0.6521385410756733,0.16782659512298784,0.24857829431645526,0.223683265369819,0.22852200667798234
2612,0.7216356720667403,0.8817216424333439,-1.4320155892949833,1.6516334805591384,0.38433059893725724,-1.0996719906799632,0.5584657068480051,0.8458591428454428,0.8540876217804394,0.8945346532687222
2613,-0.6285557846842488,-1.5681864291091574,1.1952052836879563,-1.2448467036897353,-0.4533025619332999,-0.2046050914713833,0.058332890612548476,-0.5269953448182004,-0.4680104034696119,-0.5366840128092512
2614,-0.9661036488719961,0.8817216424333439,-1.4320155892949833,-0.4172809367614856,-0.03448598149801883,-0.6521385410756733,0.06178611273442065,-1.1331908328774714,-1.0984147598802323,-1.1035032865034986
2615,-0.9661036488719961,0.06508561858584352,-0.38112724010180754,0.410284830166764,-0.4533025619332999,0.2429283581329067,0.028528927376082452,-1.124276193347188,-1.0809035277577155,-1.1318442501882104
2616,-0.8395231998015908,-1.5681864291091574,0.6697611090913683,-1.2448467036897353,-1.360738486209743,-0.2046050914713833,0.031663390532858736,-0.8300930888478358,-0.791968197736181,-0.9334575043952245
2617,0.48957151543766425,0.8817216424333439,1.1952052836879563,0.8240677136308887,0.3145278355313812,0.6904618077371967,0.38309514955108115,0.6675663522397756,0.6001747560039394,0.6678069437910232
2618,-0.7973297167781225,0.06508561858584352,1.1952052836879563,-1.2448467036897353,-0.8023163789626999,2.033062156550067,0.04685756786909632,-0.785519891196419,-0.8007238137974394,-0.8626050951834432
2619,-0.9028134243367935,-1.5681864291091574,0.14431693449478036,-0.8310638202256104,-1.081527432586219,1.1379952573414867,0.025872602666950007,-1.0083858794535039,-0.9057912065325429,-1.0468213591340738
2620,-0.9450069073602619,0.8817216424333439,-1.4320155892949833,0.410284830166764,0.4541333623431382,-0.2046050914713833,0.0407480210380917,-1.079702995695771,-1.0371254474514224,-1.004309913607005
2621,0.06763668520297998,0.06508561858584352,-0.9065714146983955,-1.2448467036897353,-0.31369703512154284,0.2429283581329067,0.15884821760612017,0.2664075733770225,0.23243888143107744,0.21435152483562583
2622,-0.9661036488719961,0.06508561858584352,1.1952052836879563,0.410284830166764,0.035316781907857205,0.2429283581329067,0.031663390532858736,-1.124276193347188,-1.0809035277577155,-1.0893328046611421
2623,2.5570521835876163,0.06508561858584352,0.6697611090913683,-0.8310638202256104,0.38433059893725724,0.6904618077371967,0.6471869521330288,2.031506200373135,1.9572952454990253,2.042343682499573
2624,0.5528617399728669,0.06508561858584352,1.1952052836879563,0.410284830166764,0.38433059893725724,0.6904618077371967,0.308824310683738,0.7032249103609084,0.66146406843275,0.7244888711604479
2625,-0.5441688186373119,0.06508561858584352,-0.9065714146983955,-1.2448467036897353,0.24472507212550018,-0.6521385410756733,0.09488391861021091,-0.4289343099850828,-0.45049917134709505,-0.40914967622804577
2626,-0.05894376386742515,0.06508561858584352,-1.4320155892949833,-1.2448467036897353,0.8031471793725382,0.6904618077371967,0.15119800244381873,0.09702942230163755,0.04857094414464647,0.17184007930855758
2627,-1.050490614918933,0.8817216424333439,1.1952052836879563,-0.4172809367614856,0.1051195453137382,-0.2046050914713833,0.04584816447962599,-1.3025689839528563,-1.2647714650441464,-1.2593785867694165
2628,0.48957151543766425,-1.5681864291091574,1.1952052836879563,-0.8310638202256104,-1.779555066645019,2.4805956061543566,0.23763480847898846,0.7299688289517587,0.7577758451065942,0.4977611616827496
2629,-0.4808785941021094,0.8817216424333439,-0.38112724010180754,-1.2448467036897353,-0.10428874490389983,1.1379952573414867,0.06927694841417414,-0.35761719374281553,-0.3366761625507331,-0.35246774885862103
2630,-1.050490614918933,0.8817216424333439,1.1952052836879563,0.8240677136308887,0.035316781907857205,-0.6521385410756733,0.03315093236997291,-1.2669104258317225,-1.2297490007991119,-1.231037623084704
2631,-0.9872003903837303,0.8817216424333439,0.14431693449478036,-0.8310638202256104,0.38433059893725724,-1.0996719906799632,0.023906922382192,-1.1510201119380377,-1.0896591438189738,-1.0751623228187863
2632,-1.1981678055010725,-1.5681864291091574,-0.9065714146983955,0.410284830166764,0.8031471793725382,-0.2046050914713833,0.021356850661424853,-1.6145813675127747,-1.5449511790044221,-1.5002767780894712
2633,-0.9872003903837303,0.8817216424333439,1.1952052836879563,0.8240677136308887,-0.4533025619332999,-0.6521385410756733,0.03538224512564416,-1.1331908328774714,-1.0984147598802323,-1.146014732030567
2634,0.48957151543766425,0.8817216424333439,0.6697611090913683,0.410284830166764,-0.38349979852741883,-0.6521385410756733,0.2857142857142857,0.685395631300342,0.6789753005552669,0.6252954982639549
2635,-0.5863623016607803,0.8817216424333439,-1.4320155892949833,-1.2448467036897353,-0.24389427171566183,-0.2046050914713833,0.07065823726292302,-0.5180807052879165,-0.4855216355921296,-0.5225135309668953
2636,2.5570521835876163,0.06508561858584352,0.6697611090913683,-1.2448467036897353,-1.081527432586219,0.6904618077371967,0.9283323593476066,2.1830550723879525,2.0886294864179042,1.9431503096030796
2637,-1.050490614918933,-1.5681864291091574,-0.38112724010180754,-1.2448467036897353,1.0823582329960573,-0.6521385410756733,0.029432077777187482,-1.2847397048922888,-1.282282697166664,-1.1743556957152792
2638,0.5317649984611327,0.8817216424333439,1.1952052836879563,1.6516334805591384,-0.9419219057744619,-1.5472054402842532,0.47813844764384,0.7745420266031756,0.8015539254128881,0.6536364619486673
2639,0.6583454475315381,-1.5681864291091574,0.6697611090913683,-0.8310638202256104,-0.38349979852741883,1.5855287069457766,0.210168410986559,0.8191152242545933,0.8365763896579225,0.7670003166875169
2640,-0.755136233754654,0.06508561858584352,-1.4320155892949833,1.6516334805591384,-1.221132959397981,0.6904618077371967,0.07087074323965362,-0.6607149377724509,-0.6869008050010774,-0.7917526859716626
2641,0.4262812909024616,1.6983576662808442,1.1952052836879563,-1.2448467036897353,2.4086107377077814,2.033062156550067,0.21064654943420283,0.409041805861557,0.3024838099211465,0.6678069437910232
2642,-1.0082971318954645,0.8817216424333439,-0.9065714146983955,-1.2448467036897353,-0.17409150830978082,-0.6521385410756733,0.04016362960208256,-1.1688493909986049,-1.1772153044315605,-1.1743556957152792
2643,-0.20662095444956474,0.8817216424333439,0.14431693449478036,1.2378505970950135,-0.5231053253391809,-0.6521385410756733,0.2630292726982946,-0.009946252061763314,0.013548479899611962,-0.054887630169141416
2644,-0.7973297167781225,0.8817216424333439,-0.9065714146983955,1.2378505970950135,-0.10428874490389983,-0.6521385410756733,0.08611804707007385,-0.8122638097872686,-0.8269906619812155,-0.8200936496563749
2645,0.23641061729685378,0.06508561858584352,-0.9065714146983955,-1.2448467036897353,-0.17409150830978082,0.6904618077371967,0.22127184827073262,0.462529643043257,0.39003997053373235,0.398567788786256
2646,1.5022151080009063,0.06508561858584352,1.1952052836879563,0.8240677136308887,-1.1513301959920998,0.2429283581329067,0.7707060511076874,1.5590303052681154,1.5020032103135774,1.3479900722241203
2647,-0.5441688186373119,-1.5681864291091574,0.14431693449478036,0.410284830166764,-0.5929080887450618,-1.0996719906799632,0.08707432396536152,-0.4289343099850828,-0.37169862679576765,-0.46583160359747056
2648,-0.8184264582898567,-1.5681864291091574,1.1952052836879563,0.410284830166764,0.8031471793725382,0.6904618077371967,0.04393561068905063,-0.9192394841506695,-0.8620131262262499,-0.8059231678140184
2649,0.06763668520297998,0.06508561858584352,0.14431693449478036,0.410284830166764,0.1749223087196192,0.6904618077371967,0.18025819476172766,0.23966365478617205,0.19741641718604294,0.2426924885203382
2650,0.8904096041606141,0.06508561858584352,0.14431693449478036,-0.8310638202256104,0.5239361257490193,-0.2046050914713833,0.30781490729426764,0.9350055381482772,0.871598853902957,0.9653870624805029
2651,-0.9239101658485277,0.8817216424333439,1.1952052836879563,0.8240677136308887,-0.24389427171566183,-0.6521385410756733,0.0504170429793338,-1.0529590771049209,-0.9933473671451296,-1.0326508772917173
2652,0.4473780324141958,-1.5681864291091574,0.14431693449478036,-0.4172809367614856,0.1051195453137382,0.6904618077371967,0.5565531530574297,0.578419956936941,0.6264416041877154,0.6111250164215991
2653,1.481118366489172,-1.5681864291091574,1.7206494582845442,0.410284830166764,0.4541333623431382,1.1379952573414867,0.39324230993996706,1.3183350379504633,1.3881802015172156,1.404671999593545
2654,-1.1137808394541355,-1.5681864291091574,-1.4320155892949833,1.6516334805591384,-1.639949539833262,2.928129055758647,0.030122722201561918,-1.400630018785973,-1.3523276256567323,-1.5002767780894712
2655,-0.8817166828250593,0.8817216424333439,-0.38112724010180754,-1.2448467036897353,-0.38349979852741883,-0.6521385410756733,0.04430749614832917,-0.9370687632112367,-0.9670805189613535,-0.9759689499222927
2656,1.6076988155595773,0.8817216424333439,1.1952052836879563,-1.2448467036897353,-0.38349979852741883,-0.6521385410756733,0.6121234659724805,1.5679449447983984,1.5545369066811288,1.4896948906476815
2657,-0.20662095444956474,-1.5681864291091574,0.14431693449478036,-1.2448467036897353,-0.24389427171566183,0.6904618077371967,0.12282845455028422,-0.054519449713180144,-0.03022960040668098,-0.0690581120114973
2658,2.915696789287099,-1.5681864291091574,1.7206494582845442,-0.8310638202256104,0.5937388891549003,0.2429283581329067,0.6828348297295861,2.22762827003937,2.202452495214267,2.297412355661984
2659,-0.6285557846842488,-1.5681864291091574,-0.9065714146983955,-0.8310638202256104,1.0125554695901813,-0.6521385410756733,0.06603623226903256,-0.6072271005907509,-0.6343671086335261,-0.5083430491245388
2660,1.5233118495126405,1.6983576662808442,1.7206494582845442,0.8240677136308887,2.548216264519543,0.2429283581329067,0.3817669871965149,1.3272496774807463,1.2568459605983358,1.6455701909135998
2661,0.4473780324141958,-0.751550405261657,1.1952052836879563,0.8240677136308887,1.4313720500254572,-0.6521385410756733,0.33379376294958296,0.4803589221038234,0.5301298275138704,0.681977425633379
2662,-0.6074590431725145,-1.5681864291091574,1.1952052836879563,-1.2448467036897353,-1.0117246691803428,1.5855287069457766,0.06481432290283164,-0.5448246238787668,-0.4767660195308704,-0.6075364220210324
2663,-0.08004050537915937,0.06508561858584352,0.14431693449478036,-1.2448467036897353,-1.0117246691803428,0.2429283581329067,0.13850077033416563,0.1594318990136216,0.19741641718604294,0.058476224569708087
2664,-1.1770710639893383,-1.5681864291091574,0.14431693449478036,-1.2448467036897353,-0.5929080887450618,1.5855287069457766,0.02146310364979015,-1.5254349722099412,-1.4924174826368704,-1.5427882236165396
2665,-0.6285557846842488,-1.5681864291091574,-0.9065714146983955,1.6516334805591384,-0.03448598149801883,0.6904618077371967,0.11236253519630239,-0.6339710191816014,-0.564322180143457,-0.5933659401786759
2666,-0.1855242129378305,0.8817216424333439,0.6697611090913683,1.6516334805591384,0.1749223087196192,-1.5472054402842532,0.1268129416139829,-0.009946252061763314,0.022304095960870397,0.03013526088499571
2667,1.1435705023014249,0.8817216424333439,1.7206494582845442,-0.8310638202256104,0.1749223087196192,-0.6521385410756733,0.28465175583063274,1.2113593635870623,1.1342673357407154,1.192114771958202
2668,-1.050490614918933,0.8817216424333439,-0.38112724010180754,1.6516334805591384,-0.03448598149801883,-1.457698750363394,0.03352281782925145,-1.2579957863014386,-1.212237768676595,-1.231037623084704
2669,0.23641061729685378,0.06508561858584352,-0.38112724010180754,0.410284830166764,0.1051195453137382,0.6904618077371967,0.2193061679859746,0.4447003639826906,0.39003997053373235,0.4269087524709683
2670,1.5022151080009063,-0.751550405261657,0.14431693449478036,-1.2448467036897353,-0.5929080887450618,1.5855287069457766,0.6141422727514211,1.3985667937230135,1.3881802015172156,1.2913081448546955
2671,-0.8184264582898567,0.8817216424333439,1.7206494582845442,0.8240677136308887,-0.17409150830978082,-1.0996719906799632,0.03442596823035648,-0.8568370074386863,-0.8269906619812155,-0.8484346133410873
2672,1.5022151080009063,0.8817216424333439,0.6697611090913683,-1.2448467036897353,0.5937388891549003,-1.0996719906799632,0.4964139616426712,1.4609692704349977,1.3356465051496633,1.4755244088053256
2673,-1.0293938734071988,0.8817216424333439,-0.9065714146983955,1.6516334805591384,-0.03448598149801883,-1.5472054402842532,0.04329809275885884,-1.2045079491197386,-1.142192840186526,-1.1601852138729227
2674,0.9326030871840826,0.06508561858584352,1.1952052836879563,0.8240677136308887,0.1749223087196192,-1.0996719906799632,0.4488657493492004,1.086554410163095,1.0116887108830943,1.0645804353769965
2675,1.6076988155595773,-0.751550405261657,0.6697611090913683,-1.2448467036897353,1.5709775768372194,-0.2046050914713833,0.33182808266482494,1.4163960727835807,1.353157737272181,1.603058745386531
2676,0.21531387578511957,0.8817216424333439,1.1952052836879563,1.2378505970950135,-0.17409150830978082,-0.6521385410756733,0.3548849811400946,0.4357857244524066,0.44257366690128447,0.41273827062861246
2677,0.6583454475315381,-1.5681864291091574,1.1952052836879563,0.410284830166764,0.38433059893725724,0.2429283581329067,0.3352813047866971,0.7656273870728924,0.7665314611678535,0.8095117622145858
2678,0.5739584814846012,0.8817216424333439,0.14431693449478036,0.410284830166764,0.1749223087196192,-0.2046050914713833,0.3431440259257292,0.685395631300342,0.6439528363102324,0.7670003166875169
2679,-1.050490614918933,0.8817216424333439,-0.9065714146983955,0.410284830166764,0.5239361257490193,-0.2046050914713833,0.04839823620039314,-1.2847397048922888,-1.299793929289181,-1.231037623084704
2680,-0.1011372468908936,0.06508561858584352,-1.4320155892949833,-1.2448467036897353,-0.4533025619332999,0.6904618077371967,0.14949795462997398,0.11485870136220476,0.08359340838968098,0.044305742727351584
2681,-0.7762329752663882,0.06508561858584352,-0.9065714146983955,-0.8310638202256104,-0.7325136155568189,0.2429283581329067,0.048823248153854325,-0.7320320540147182,-0.7744569656136641,-0.8200936496563749
2682,-1.0293938734071988,0.06508561858584352,0.14431693449478036,0.410284830166764,0.6635416525607812,0.6904618077371967,0.033204058864155554,-1.2758250653620058,-1.2209933847378536,-1.1743556957152792
2683,-0.14333072991436205,0.06508561858584352,-0.9065714146983955,0.8240677136308887,-1.221132959397981,0.2429283581329067,0.1889709398076821,0.15051725948333838,0.10986025657345705,-0.012376184642073167
2684,1.5233118495126405,-1.5681864291091574,1.7206494582845442,0.8240677136308887,0.3145278355313812,-1.0996719906799632,0.4365404026988259,1.4431399913744305,1.4757363621298014,1.4896948906476815
2685,1.903053196723856,0.8817216424333439,-0.9065714146983955,-0.8310638202256104,-0.7325136155568189,-0.6521385410756733,0.4734101896615842,1.826469491176617,1.7296492279063014,1.6455701909135998
2686,-1.0293938734071988,-1.5681864291091574,-1.4320155892949833,-1.2448467036897353,1.0823582329960573,-1.0996719906799632,0.03708229293948892,-1.2223372281803049,-1.2297490007991119,-1.1176737683458546
2687,0.21531387578511957,1.6983576662808442,-0.9065714146983955,-1.2448467036897353,2.1293996840842575,0.6904618077371967,0.19598363703979174,0.3288100500890057,0.2587057296148535,0.5544430890521743
2688,3.6118892591743266,0.06508561858584352,-0.38112724010180754,-0.8310638202256104,-1.7097523032391428,1.5855287069457766,0.7726186048982627,2.7446773627958074,2.6577445303997145,2.3682647648737642
2689,0.23641061729685378,-1.5681864291091574,-0.9065714146983955,-1.2448467036897353,0.9427527061843003,1.5855287069457766,0.21468416299208415,0.3822978872707065,0.3199950420436633,0.4694201979980372
2690,0.8482161211371456,-1.5681864291091574,0.14431693449478036,-1.2448467036897353,1.2219637598078192,-0.2046050914713833,0.36508526802316316,0.8191152242545933,0.8803544699642155,1.0078985080075717
2691,-1.050490614918933,0.06508561858584352,-1.4320155892949833,0.410284830166764,-1.221132959397981,1.1379952573414867,0.04483876109015566,-1.1866786700591714,-1.2034821526153359,-1.2877195504541288
2692,0.3418943248555247,-1.5681864291091574,0.14431693449478036,-0.8310638202256104,-0.5929080887450618,-0.2046050914713833,0.2200499389045317,0.578419956936941,0.6001747560039394,0.5119316435251055
2693,0.46847477392593007,0.8817216424333439,1.1952052836879563,-1.2448467036897353,-0.17409150830978082,-0.2046050914713833,0.2867768155979387,0.7210541894214756,0.617685988126457,0.6394659801063115
2694,-0.6285557846842488,0.8817216424333439,-1.4320155892949833,-1.2448467036897353,-0.6627108521509428,-0.2046050914713833,0.07490835679753494,-0.5715685424696173,-0.5205440998371641,-0.6075364220210324
2695,-0.1855242129378305,-1.5681864291091574,1.1952052836879563,0.8240677136308887,1.0823582329960573,0.6904618077371967,0.14705413589757213,-0.18823904266743144,-0.10903014495800843,-0.026546666484429042
2696,-0.9661036488719961,0.8817216424333439,0.14431693449478036,-0.4172809367614856,-0.03448598149801883,-1.0996719906799632,0.06778940657705998,-1.106446914286621,-1.0633922956351987,-1.0751623228187863
2697,-0.7973297167781225,0.8817216424333439,-1.4320155892949833,-0.8310638202256104,0.6635416525607812,-1.0996719906799632,0.04685756786909632,-0.8390077283781191,-0.8357462780424739,-0.7634117222869502
2698,-0.7973297167781225,-1.5681864291091574,1.1952052836879563,-1.2448467036897353,0.9427527061843003,-0.6521385410756733,0.04685756786909632,-0.8390077283781191,-0.8620131262262499,-0.7492412404445943
2699,0.48957151543766425,0.06508561858584352,-0.38112724010180754,0.410284830166764,0.4541333623431382,0.2429283581329067,0.26977633745949103,0.6586517127094915,0.5739079078201633,0.6678069437910232
2700,0.3629910663672589,0.06508561858584352,-0.9065714146983955,-0.8310638202256104,-0.9419219057744619,1.5855287069457766,0.19045848164479626,0.5962492359975082,0.5563966756976465,0.4552497161556807
2701,-0.4808785941021094,-0.751550405261657,-1.4320155892949833,1.2378505970950135,-1.8493578300509,3.3756625053629365,0.15884821760612017,-0.3487025542125323,-0.2666312340606641,-0.5083430491245388
2702,-0.5863623016607803,0.8817216424333439,-0.9065714146983955,0.8240677136308887,-0.5231053253391809,-0.6521385410756733,0.10678425330712427,-0.4735075076364996,-0.44174355528583586,-0.5083430491245388
2703,-0.20662095444956474,0.8817216424333439,1.1952052836879563,-1.2448467036897353,0.24472507212550018,0.2429283581329067,0.12091590075970887,-0.054519449713180144,-0.03898521646793941,-0.012376184642073167
2704,-0.6285557846842488,-0.751550405261657,-0.9065714146983955,-1.2448467036897353,1.4313720500254572,1.1379952573414867,0.07081761674547096,-0.6518002982421678,-0.6168558765110084,-0.4800020854398264
2705,-0.8184264582898567,-1.5681864291091574,-1.4320155892949833,-0.8310638202256104,0.7333444159666572,0.2429283581329067,0.03389470328852999,-0.9281541236809527,-0.8795243583487669,-0.8200936496563749
2706,-0.45978185259037524,0.8817216424333439,1.1952052836879563,-1.2448467036897353,-0.24389427171566183,-0.7416452309965326,0.0766084046113797,-0.3487025542125323,-0.31040931436695707,-0.35246774885862103
2707,-1.050490614918933,0.8817216424333439,0.6697611090913683,0.8240677136308887,-0.10428874490389983,-0.6521385410756733,0.032300908463050525,-1.2223372281803049,-1.2472602329216296,-1.231037623084704
2708,0.8271193796254115,0.06508561858584352,-0.38112724010180754,-1.2448467036897353,-0.31369703512154284,0.2429283581329067,0.32290283164213995,0.970664096269411,0.9153769342092499,0.8945346532687222
2709,-0.8184264582898567,-1.5681864291091574,1.7206494582845442,-0.4172809367614856,1.2219637598078192,-1.5472054402842532,0.05636721032779047,-0.8746662864992527,-0.9057912065325429,-0.7634117222869502
2710,-1.0082971318954645,0.8817216424333439,1.1952052836879563,-1.2448467036897353,-0.31369703512154284,-0.2046050914713833,0.024491313818201136,-1.1688493909986049,-1.1246816080640083,-1.1601852138729227
2711,-0.9450069073602619,0.06508561858584352,-1.4320155892949833,-1.2448467036897353,-1.430541249615619,1.1379952573414867,0.03261966742814642,-1.0707883561654872,-1.0108585992676464,-1.1601852138729227
2712,-1.0082971318954645,-0.751550405261657,-0.38112724010180754,-0.8310638202256104,0.9427527061843003,-0.6521385410756733,0.021409977155607503,-1.240166507240872,-1.1947265365540773,-1.1176737683458546
2713,2.599245666611085,0.8817216424333439,1.1952052836879563,-1.2448467036897353,-1.0117246691803428,-0.6521385410756733,0.8619242416192956,2.2632868281605028,2.167430030969233,2.028173200657216
2714,-0.016750280843956692,0.8817216424333439,-0.38112724010180754,1.6516334805591384,0.1749223087196192,-0.696891886036103,0.1765924666631249,0.13268798042277116,0.1886608011247845,0.18601056115091347
2715,0.6583454475315381,0.8817216424333439,-1.4320155892949833,-0.8310638202256104,0.7333444159666572,-1.0996719906799632,0.26584497688997505,0.7923713056637428,0.7577758451065942,0.8661936895840104
2716,-1.050490614918933,-1.5681864291091574,1.1952052836879563,1.6516334805591384,0.8729499427784192,-0.2046050914713833,0.03633852202093184,-1.293654344422572,-1.2385046168603704,-1.1743556957152792
2717,0.9747965702075511,0.8817216424333439,0.14431693449478036,-1.2448467036897353,-0.8023163789626999,-0.6521385410756733,0.3677415927322956,1.1757008054659286,1.0904892554344225,1.0078985080075717
2718,1.481118366489172,0.8817216424333439,1.1952052836879563,-0.8310638202256104,-0.17409150830978082,-0.2046050914713833,0.4216118578335016,1.425310712313864,1.4494695139460252,1.404671999593545
2719,-0.45978185259037524,-1.5681864291091574,0.14431693449478036,-1.2448467036897353,-1.639949539833262,0.2429283581329067,0.0766084046113797,-0.2506415193794147,-0.20534192163185352,-0.40914967622804577
2720,-0.20662095444956474,-1.5681864291091574,-1.4320155892949833,-1.2448467036897353,-1.8493578300509,2.033062156550067,0.136481963555225,0.007883026998803893,0.0573265602059049,-0.1824219667503468
2721,-0.37539488654343833,0.8817216424333439,-0.38112724010180754,0.8240677136308887,0.8729499427784192,-0.6521385410756733,0.09605270148222919,-0.2684707984399819,-0.3279205464894739,-0.1965924485927033
2722,0.4473780324141958,-1.5681864291091574,0.14431693449478036,-0.4172809367614856,1.2219637598078192,0.6904618077371967,0.5297773999893747,0.4981882011643906,0.5914191399426809,0.6961479074757362
2723,0.4473780324141958,-0.751550405261657,0.14431693449478036,-1.2448467036897353,1.2917665232137003,0.2429283581329067,0.2650480794772353,0.5695053174066579,0.5038629793300943,0.6961479074757362
2724,-0.9872003903837303,0.8817216424333439,-0.9065714146983955,-1.2448467036897353,0.6635416525607812,-1.0996719906799632,0.032300908463050525,-1.1866786700591714,-1.1334372241252668,-1.0893328046611421
2725,0.4473780324141958,0.8817216424333439,1.1952052836879563,0.410284830166764,0.1749223087196192,-0.2046050914713833,0.33443128087977475,0.5962492359975082,0.617685988126457,0.6252954982639549
2726,-0.12223398840262782,0.8817216424333439,-1.4320155892949833,0.8240677136308887,0.24472507212550018,-1.9947388898885432,0.20209318387079636,0.07920014324107114,0.0573265602059049,0.10098767009677634
2727,-0.6285557846842488,0.8817216424333439,1.1952052836879563,0.410284830166764,0.1749223087196192,-0.2046050914713833,0.07698029007065824,-0.5804831819999005,-0.5468109480209394,-0.5366840128092512
2728,0.4473780324141958,1.6983576662808442,-0.38112724010180754,-1.2448467036897353,1.9199913938666193,0.6904618077371967,0.20554640599266855,0.4803589221038234,0.43381805084002606,0.6961479074757362
2729,-1.0082971318954645,-0.751550405261657,-1.4320155892949833,0.410284830166764,1.6407803402430954,-1.5472054402842532,0.029538330765552782,-1.240166507240872,-1.1947265365540773,-1.0609918409764298
2730,0.4262812909024616,-0.751550405261657,0.14431693449478036,-1.2448467036897353,2.1992024474901433,-0.2046050914713833,0.25734473782075123,0.462529643043257,0.5126185953913535,0.7670003166875169
2731,-0.7973297167781225,-1.5681864291091574,-0.9065714146983955,-1.2448467036897353,-1.081527432586219,-0.2046050914713833,0.04016362960208256,-0.785519891196419,-0.7394345013686295,-0.8626050951834432
2732,0.3418943248555247,-0.751550405261657,-0.38112724010180754,0.8240677136308887,1.5011748134313383,-1.5472054402842532,0.23673165807788343,0.4803589221038234,0.4250624347787669,0.6394659801063115
2733,-0.9872003903837303,0.8817216424333439,-0.9065714146983955,0.410284830166764,-0.5929080887450618,-0.6521385410756733,0.049938904531689955,-1.106446914286621,-1.072147911696457,-1.1318442501882104
2734,2.5359554420758825,0.8817216424333439,1.7206494582845442,0.410284830166764,0.38433059893725724,-1.0996719906799632,0.7046166923444722,2.0493354794337013,2.0360957900503536,2.0848551280266405
2735,-0.7762329752663882,0.8817216424333439,0.6697611090913683,-0.4172809367614856,0.38433059893725724,-1.9947388898885432,0.05557031291505073,-0.8122638097872686,-0.7306788853073704,-0.7350707586022378
2736,1.059183536254488,0.06508561858584352,1.7206494582845442,1.6516334805591384,0.8031471793725382,1.1379952573414867,0.3402751952398661,1.0508958520419613,0.985421862699319,1.1212623627464213
2737,-0.05894376386742515,-1.5681864291091574,1.7206494582845442,-0.8310638202256104,-0.38349979852741883,-0.6521385410756733,0.10630611485948042,0.1594318990136216,0.19741641718604294,0.1293286337814887
2738,0.5739584814846012,0.06508561858584352,-0.38112724010180754,-0.8310638202256104,-0.38349979852741883,1.1379952573414867,0.23444721882802955,0.7121395498911923,0.731508996922819,0.6678069437910232
2739,-0.9661036488719961,0.8817216424333439,-0.38112724010180754,0.410284830166764,0.3145278355313812,-0.6521385410756733,0.036604154491845085,-1.0707883561654872,-1.0984147598802323,-1.0468213591340738
2740,-0.8817166828250593,0.06508561858584352,-0.9065714146983955,0.410284830166764,-0.6627108521509428,0.2429283581329067,0.054242150560484516,-0.8924955655598191,-0.9233024386550606,-0.9617984680799367
2741,-1.1981678055010725,-1.5681864291091574,-1.4320155892949833,1.6516334805591384,1.3615692866195812,-1.0996719906799632,0.02576634967858471,-1.6591545651641917,-1.6149961074944912,-1.5144472599318273
2742,0.6161519645080696,0.8817216424333439,-1.4320155892949833,0.8240677136308887,-0.31369703512154284,-0.6521385410756733,0.46799128725495404,0.8726030614362933,0.8103095414741465,0.7953412803722286
2743,-0.1855242129378305,-1.5681864291091574,-0.9065714146983955,0.8240677136308887,-2.5473854641097,2.033062156550067,0.16708282420443074,0.09702942230163755,0.13612710475723236,-0.1824219667503468
2744,0.5317649984611327,0.06508561858584352,0.14431693449478036,-1.2448467036897353,0.7333444159666572,0.6904618077371967,0.2592041651171439,0.6229931545883579,0.5826635238814225,0.6961479074757362
2745,0.4473780324141958,0.06508561858584352,0.6697611090913683,1.2378505970950135,0.1749223087196192,0.6904618077371967,0.2650480794772353,0.5873345964672243,0.5126185953913535,0.5686135708945302
2746,-0.45978185259037524,0.06508561858584352,-1.4320155892949833,-1.2448467036897353,-0.7325136155568189,1.5855287069457766,0.08718057695372683,-0.23281224031884826,-0.4067210910408021,-0.36663823070097756
2747,1.059183536254488,0.06508561858584352,0.14431693449478036,-1.2448467036897353,-0.24389427171566183,0.6904618077371967,0.4337246985071455,1.140042247344795,1.0817336393731634,1.0645804353769965
2748,0.46847477392593007,-0.751550405261657,-0.9065714146983955,-0.8310638202256104,-1.988963356862662,3.3756625053629365,0.20044626255113426,0.7210541894214756,0.7490202290453358,0.4694201979980372
2749,-1.050490614918933,0.8817216424333439,1.7206494582845442,0.8240677136308887,0.5937388891549003,-1.9947388898885432,0.019816182330128034,-1.293654344422572,-1.2385046168603704,-1.2026966593999917
2750,1.7764727476534508,-1.5681864291091574,-0.38112724010180754,-0.8310638202256104,-0.7325136155568189,0.6904618077371967,0.5117143919672741,1.6749206191617994,1.67711553153875,1.5463768180171062
2751,0.8693128626488799,0.8817216424333439,-0.9065714146983955,-0.8310638202256104,0.1749223087196192,-0.2046050914713833,0.3288529989905966,0.9617494567391269,0.9591550145155429,0.97955754432286
2752,-0.7762329752663882,0.06508561858584352,-0.38112724010180754,-1.2448467036897353,-1.919160593456781,0.2429283581329067,0.048823248153854325,-0.6874588563633014,-0.704412037123595,-0.8767755770257997
2753,2.5570521835876163,1.6983576662808442,1.7206494582845442,0.410284830166764,2.1992024474901433,1.1379952573414867,0.7301705360463263,1.8621280492977508,1.790938540335112,2.1557075372384213
2754,2.7680195987049587,0.8817216424333439,0.6697611090913683,0.8240677136308887,0.1051195453137382,-0.2046050914713833,0.8884343622164373,2.272201467690786,2.1761856470304917,2.226559946450203
2755,-0.20662095444956474,-1.5681864291091574,0.14431693449478036,0.8240677136308887,-1.221132959397981,-0.2046050914713833,0.14700100940338948,0.06137086418050393,0.11861587263471549,-0.054887630169141416
2756,-0.9872003903837303,0.8817216424333439,-1.4320155892949833,1.2378505970950135,-0.5929080887450618,-0.6521385410756733,0.05588907188014663,-1.115361553816904,-1.11592599200275,-1.1601852138729227
2757,-0.20662095444956474,0.06508561858584352,0.14431693449478036,1.2378505970950135,0.1051195453137382,0.6904618077371967,0.1651702704138554,-0.054519449713180144,-0.11778576101926763,-0.0690581120114973
2758,0.5528617399728669,0.06508561858584352,0.14431693449478036,0.8240677136308887,-2.058766120268543,1.1379952573414867,0.4079583488285608,0.91717625908771,0.8278207735966633,0.5827840527368867
2759,0.46847477392593007,0.06508561858584352,-0.9065714146983955,-0.8310638202256104,-1.221132959397981,2.033062156550067,0.23274717101418477,0.7656273870728924,0.6702196844940084,0.5544430890521743
2760,0.46847477392593007,0.8817216424333439,1.1952052836879563,0.8240677136308887,0.3145278355313812,-0.6521385410756733,0.3550443606226425,0.6497370731792083,0.5826635238814225,0.6536364619486673
2761,0.46847477392593007,0.06508561858584352,1.1952052836879563,-0.8310638202256104,0.5239361257490193,0.6904618077371967,0.23216277957817563,0.6140785150580746,0.5563966756976465,0.6536364619486673
2762,1.481118366489172,0.8817216424333439,-0.38112724010180754,-0.8310638202256104,0.4541333623431382,0.2429283581329067,0.4500345322212187,1.3896521541927305,1.3356465051496633,1.4188424814359009
2763,0.004346460667777534,-0.751550405261657,1.1952052836879563,0.8240677136308887,1.0125554695901813,1.1827486023019163,0.17441428040163628,0.03462694558965351,0.10110464051219785,0.18601056115091347
2764,1.5233118495126405,-1.5681864291091574,0.14431693449478036,1.6516334805591384,1.3615692866195812,-0.2046050914713833,0.8917813313499442,1.3807375146624472,1.3794245854559561,1.5747177817018192
2765,-0.9661036488719961,-1.5681864291091574,-1.4320155892949833,0.410284830166764,0.6635416525607812,-0.6521385410756733,0.036976039951123627,-1.115361553816904,-1.072147911696457,-1.0184803954493615
2766,-1.0082971318954645,0.8817216424333439,0.6697611090913683,0.410284830166764,0.5239361257490193,-1.0996719906799632,0.02385379588800935,-1.2134225886500216,-1.1684596883703013,-1.1318442501882104
2767,0.46847477392593007,0.06508561858584352,-0.38112724010180754,0.8240677136308887,0.24472507212550018,0.6904618077371967,0.29054879668490674,0.578419956936941,0.6089303720651978,0.6252954982639549
2768,2.0085369042825274,-1.5681864291091574,-0.9065714146983955,-1.2448467036897353,-0.24389427171566183,1.1379952573414867,0.8257982255750943,1.8086402121160499,1.8084497724576287,1.7589340456524494
2769,1.481118366489172,-0.751550405261657,1.1952052836879563,-0.4172809367614856,-1.2909357228038618,0.6904618077371967,0.7436646655687191,1.478798549495564,1.510758826374836,1.2913081448546955
2770,1.6920857816065142,-1.5681864291091574,0.6697611090913683,0.8240677136308887,-2.1983716470803,0.2429283581329067,0.5750411730329915,1.7194938168132161,1.7384048439675597,1.3763310359088319
2771,0.4473780324141958,0.8817216424333439,-1.4320155892949833,-0.8310638202256104,-0.38349979852741883,-1.5472054402842532,0.2478882218562397,0.6764809917700587,0.6877309166165253,0.6252954982639549
2772,0.5528617399728669,0.8817216424333439,0.6697611090913683,0.410284830166764,0.38433059893725724,-0.6521385410756733,0.24066301864739945,0.738883468482042,0.6789753005552669,0.752829834845161
2773,0.6583454475315381,0.8817216424333439,1.1952052836879563,0.410284830166764,0.1749223087196192,-0.6521385410756733,0.4041863677415927,0.8191152242545933,0.7752870772291119,0.8236822440569416
2774,0.21531387578511957,-0.751550405261657,-0.9065714146983955,-1.2448467036897353,1.6407803402430954,-0.6521385410756733,0.19948998565584658,0.2753222129073057,0.293728193859888,0.4835906798403931
2775,1.6498922985830458,0.8817216424333439,-0.38112724010180754,-1.2448467036897353,-0.24389427171566183,-0.6521385410756733,0.5602720076502151,1.5412010262075482,1.5720481388036465,1.5038653724900373
2776,3.12666420440444,-1.5681864291091574,0.6697611090913683,-0.8310638202256104,0.8031471793725382,-0.2046050914713833,0.8522020931838707,2.325689304872487,2.3425423521944047,2.453287655927901
2777,2.5359554420758825,-0.751550405261657,-0.9065714146983955,-0.8310638202256104,1.4313720500254572,-0.2046050914713833,0.5593157307549275,1.9601890841308676,1.8784947009476978,2.1273665735537097
2778,-0.1855242129378305,0.06508561858584352,-1.4320155892949833,-1.2448467036897353,0.035316781907857205,0.6904618077371967,0.1496573341125219,0.0167976665290871,-0.03022960040668098,0.0017942972002833347
2779,-0.4808785941021094,0.8817216424333439,-0.9065714146983955,-1.2448467036897353,-0.5231053253391809,-0.2046050914713833,0.09318387079636614,-0.3754464728033827,-0.34543177861199154,-0.40914967622804577
2780,0.06763668520297998,0.8817216424333439,-0.9065714146983955,-1.2448467036897353,-0.31369703512154284,-0.6521385410756733,0.21197471178876906,0.2753222129073057,0.28497257779862883,0.2426924885203382
2781,0.5106682569493985,-0.751550405261657,1.1952052836879563,0.8240677136308887,1.4313720500254572,-0.2046050914713833,0.38128884874887103,0.6229931545883579,0.5826635238814225,0.7811707985298727
2782,-1.1770710639893383,0.06508561858584352,-1.4320155892949833,1.2378505970950135,-0.8023163789626999,0.6904618077371967,0.035488498114009455,-1.5254349722099412,-1.5186843308206464,-1.5711291873012518
2783,0.4473780324141958,-1.5681864291091574,-0.9065714146983955,-0.0034980532973608127,1.1521609964019384,1.5855287069457766,0.1217127981724486,0.578419956936941,0.49510736326883587,0.681977425633379
2784,0.7638291550902088,0.8817216424333439,-0.38112724010180754,-1.2448467036897353,-1.221132959397981,1.1379952573414867,0.3108962439568613,1.0152372939208278,0.9679106305768014,0.8095117622145858
2785,-0.6285557846842488,0.06508561858584352,1.1952052836879563,-0.8310638202256104,-0.7325136155568189,-0.2046050914713833,0.05195771131063061,-0.5180807052879165,-0.5818334122659738,-0.6217069038633883
2786,1.1435705023014249,0.06508561858584352,1.1952052836879563,-0.8310638202256104,-0.03448598149801883,0.2429283581329067,0.3434096583966424,1.1667861659356455,1.1955566481695252,1.16377380827349
2787,0.6372487060198039,-1.5681864291091574,-0.38112724010180754,-0.8310638202256104,0.8031471793725382,0.2429283581329067,0.23492535727567337,0.7121395498911923,0.7227533808615598,0.8236822440569416
2788,-0.4808785941021094,0.8817216424333439,-0.9065714146983955,-1.2448467036897353,0.4541333623431382,-0.6521385410756733,0.09318387079636614,-0.39327575186394914,-0.3629430107345084,-0.3241267851739087
2789,-0.1644274714260963,0.06508561858584352,-1.4320155892949833,-0.8310638202256104,-0.10428874490389983,0.6904618077371967,0.10726239175476811,0.08811478277135434,-0.04774083252919862,0.015964779042639207
2790,0.4473780324141958,0.06508561858584352,0.14431693449478036,-0.8310638202256104,0.6635416525607812,0.2429283581329067,0.19832120278382828,0.578419956936941,0.5126185953913535,0.6252954982639549
2791,0.046539943691245755,0.8817216424333439,0.6697611090913683,-0.8310638202256104,-0.4533025619332999,-0.2046050914713833,0.11023747542899644,0.2842368524375889,0.3112394259824049,0.2426924885203382
2792,-0.8395231998015908,-1.5681864291091574,-0.9065714146983955,-1.2448467036897353,0.5239361257490193,1.5855287069457766,0.0382510758115072,-0.9548980422718031,-0.9145468225938014,-0.8767755770257997
2793,-0.5230720771255777,0.8817216424333439,-1.4320155892949833,0.8240677136308887,0.1051195453137382,-1.0996719906799632,0.11044998140572704,-0.38436111233366593,-0.43298793922457746,-0.40914967622804577
2794,1.5655053325361088,0.06508561858584352,1.1952052836879563,0.8240677136308887,-0.4533025619332999,-0.6521385410756733,0.7670403230090846,1.6125181424498154,1.5282700584973534,1.4896948906476815
2795,-0.5019753356138434,0.8817216424333439,-0.9065714146983955,0.8240677136308887,-0.03448598149801883,-0.6521385410756733,0.10221537480741646,-0.38436111233366593,-0.35418739467325,-0.36663823070097756
2796,-0.20662095444956474,0.8817216424333439,0.14431693449478036,-1.2448467036897353,0.7333444159666572,-0.6521385410756733,0.13430377729373638,-0.09017800783431376,-0.04774083252919862,0.015964779042639207
2797,-1.0293938734071988,0.8817216424333439,0.6697611090913683,1.2378505970950135,-0.38349979852741883,-0.8311519209173887,0.028475800881899802,-1.2490811467711553,-1.185970920492819,-1.231037623084704
2798,-1.050490614918933,0.8817216424333439,-0.38112724010180754,0.8240677136308887,0.3145278355313812,-1.5472054402842532,0.02863518036444775,-1.2847397048922888,-1.2297490007991119,-1.2168671412423475
2799,-0.45978185259037524,0.8817216424333439,1.1952052836879563,-0.4172809367614856,0.24472507212550018,-0.6521385410756733,0.13430377729373638,-0.3397879146822491,-0.3191649304282155,-0.3099563033315528
2800,0.8482161211371456,-1.5681864291091574,-0.38112724010180754,-1.2448467036897353,0.38433059893725724,-0.2046050914713833,0.34898794028582053,0.9350055381482772,0.8978657020867323,0.9653870624805029
2801,-0.20662095444956474,0.8817216424333439,0.14431693449478036,0.8240677136308887,0.3145278355313812,-0.6521385410756733,0.14832917175795568,-0.0010316125314793153,-0.04774083252919862,0.015964779042639207
2802,-0.1855242129378305,0.8817216424333439,-1.4320155892949833,0.410284830166764,-0.31369703512154284,-0.6521385410756733,0.1887584338309515,0.025712306059370308,0.04857094414464647,0.0017942972002833347
2803,2.5570521835876163,0.8817216424333439,0.6697611090913683,-1.2448467036897353,-1.2909357228038618,1.1379952573414867,0.9098443393720448,2.2632868281605028,2.158674414907973,1.9714912732877912
2804,-0.1855242129378305,0.06508561858584352,0.14431693449478036,0.410284830166764,0.5937388891549003,0.2429283581329067,0.14891356319396484,-0.02777553112232973,-0.056496448590457056,0.03013526088499571
2805,-1.050490614918933,0.8817216424333439,1.1952052836879563,0.410284830166764,0.5937388891549003,0.2429283581329067,0.028953939329543644,-1.3203982630134226,-1.273527081105405,-1.231037623084704
2806,0.48957151543766425,0.06508561858584352,1.1952052836879563,0.410284830166764,-1.988963356862662,0.6904618077371967,0.33092493226371994,0.8191152242545933,0.7490202290453358,0.5119316435251055
2807,-1.0082971318954645,-1.5681864291091574,0.6697611090913683,-1.2448467036897353,-0.10428874490389983,1.5855287069457766,0.022366254050895183,-1.2223372281803049,-1.1684596883703013,-1.1885261775576352
2808,-0.7762329752663882,0.8817216424333439,1.1952052836879563,1.6516334805591384,-0.5929080887450618,-0.2046050914713833,0.059979811932210594,-0.7409466935450014,-0.7744569656136641,-0.8059231678140184
2809,-0.5863623016607803,0.8817216424333439,-0.9065714146983955,-1.2448467036897353,0.5239361257490193,-0.6521385410756733,0.08771184189555331,-0.48242214716678283,-0.5205440998371641,-0.43749063991275816
2810,0.21531387578511957,-1.5681864291091574,0.14431693449478036,-0.8310638202256104,-1.0117246691803428,-0.2046050914713833,0.18695213302874145,0.4803589221038234,0.5301298275138704,0.3702268251015436
2811,-0.9450069073602619,0.8817216424333439,-1.4320155892949833,0.410284830166764,0.24472507212550018,-0.6521385410756733,0.0522764702757265,-1.0707883561654872,-1.0633922956351987,-1.0326508772917173
2812,0.6794421890432724,0.8817216424333439,0.14431693449478036,1.2378505970950135,-0.5231053253391809,-0.6521385410756733,0.6058014131647452,0.8726030614362933,0.8803544699642155,0.7953412803722286
2813,2.6836326326580218,0.06508561858584352,0.6697611090913683,-0.8310638202256104,-0.8721191423685809,1.1379952573414867,0.799819369919779,2.3078600258119204,2.2199637273367836,2.0990256098689968
2814,-1.0293938734071988,0.8817216424333439,-0.38112724010180754,0.410284830166764,0.035316781907857205,-0.2046050914713833,0.026935132550602987,-1.2579957863014386,-1.2034821526153359,-1.2168671412423475
2815,1.1857639853248934,-0.751550405261657,1.1952052836879563,-1.2448467036897353,1.7803858670548574,0.6904618077371967,0.40105190458481643,1.0687251311025279,0.9766662466380598,1.2629671811699825
2816,0.21531387578511957,0.8817216424333439,-0.38112724010180754,0.410284830166764,-0.10428874490389983,-0.2046050914713833,0.2216968602241938,0.3912125268009897,0.48635174720757746,0.4269087524709683
2817,2.746922857193225,0.06508561858584352,0.6697611090913683,-1.2448467036897353,-0.17409150830978082,-0.2046050914713833,0.7972692981990118,2.2454575490999367,2.167430030969233,2.1557075372384213
2818,-1.050490614918933,0.06508561858584352,-0.9065714146983955,-1.2448467036897353,0.24472507212550018,0.2429283581329067,0.03766668437549806,-1.293654344422572,-1.299793929289181,-1.2593785867694165
2819,0.6583454475315381,0.8817216424333439,1.1952052836879563,-0.8310638202256104,-0.03448598149801883,-0.2046050914713833,0.28151729267385645,0.8191152242545933,0.8365763896579225,0.8236822440569416
2820,-1.0082971318954645,0.8817216424333439,-1.4320155892949833,-1.2448467036897353,0.1051195453137382,-0.6521385410756733,0.0382510758115072,-1.1599347514683216,-1.1772153044315605,-1.146014732030567
2821,0.48957151543766425,0.8817216424333439,-0.38112724010180754,-1.2448467036897353,-0.03448598149801883,-0.2046050914713833,0.2878393454815917,0.6586517127094915,0.6964865326777845,0.6678069437910232
2822,0.4473780324141958,0.06508561858584352,-0.38112724010180754,-1.2448467036897353,-0.38349979852741883,0.2429283581329067,0.24220368697869626,0.6229931545883579,0.6439528363102324,0.5827840527368867
2823,-0.9028134243367935,-1.5681864291091574,-1.4320155892949833,0.410284830166764,-0.4533025619332999,-0.2046050914713833,0.043085586782128246,-0.9816419608626535,-0.9408136707775774,-0.9901394317646491
2824,-0.438685111078641,0.8817216424333439,0.6697611090913683,-1.2448467036897353,-0.03448598149801883,-1.0996719906799632,0.0718270201349413,-0.2863000775005483,-0.3016536983056986,-0.2957858214891963
2825,0.46847477392593007,-1.5681864291091574,-0.38112724010180754,0.410284830166764,0.4541333623431382,-0.2046050914713833,0.29564894012644105,0.5516760383460907,0.5826635238814225,0.6252954982639549
2826,-0.7762329752663882,0.8817216424333439,0.6697611090913683,1.2378505970950135,-0.10428874490389983,-1.5472054402842532,0.04505126706688626,-0.7587759726055686,-0.7131676531848535,-0.7350707586022378
2827,-0.20662095444956474,0.06508561858584352,-1.4320155892949833,-1.2448467036897353,-1.221132959397981,0.6904618077371967,0.14753227434521596,0.05245622465022072,0.013548479899611962,-0.11156955753856616
2828,-0.9872003903837303,0.8817216424333439,-0.9065714146983955,-1.2448467036897353,0.1749223087196192,-0.6521385410756733,0.03867608776496839,-1.124276193347188,-1.1334372241252668,-1.1035032865034986
2829,-0.8395231998015908,0.06508561858584352,1.1952052836879563,1.6516334805591384,0.1749223087196192,0.2429283581329067,0.055782818891781334,-0.8835809260295359,-0.9233024386550606,-0.8767755770257997
2830,0.6372487060198039,0.8817216424333439,0.6697611090913683,0.8240677136308887,-0.03448598149801883,-0.2046050914713833,0.29453328374860543,0.8191152242545933,0.7752870772291119,0.7811707985298727
2831,0.8482161211371456,0.06508561858584352,-0.9065714146983955,-1.2448467036897353,-1.430541249615619,0.6904618077371967,0.38984221431227756,1.0508958520419613,0.985421862699319,0.8095117622145858
2832,-0.8817166828250593,0.06508561858584352,-0.9065714146983955,-1.2448467036897353,-1.8493578300509,0.2429283581329067,0.03373532380598204,-0.8835809260295359,-0.8445018941037331,-1.0326508772917173
2833,0.700538930555006,0.06508561858584352,0.6697611090913683,-0.8310638202256104,-1.2909357228038618,-0.2046050914713833,0.2269032566540934,0.9528348172088437,0.8978657020867323,0.7386593530028038
2834,-0.5652655601490462,0.8817216424333439,1.1952052836879563,0.8240677136308887,0.4541333623431382,-1.5472054402842532,0.0881368538490145,-0.4913367866970668,-0.4592547874083535,-0.4233201580704017
2835,-1.0082971318954645,0.8817216424333439,-0.9065714146983955,0.410284830166764,-1.360738486209743,-0.2046050914713833,0.04818573022366254,-1.0886176352260544,-1.11592599200275,-1.2168671412423475
2836,-0.5441688186373119,-1.5681864291091574,0.14431693449478036,1.2378505970950135,-1.430541249615619,-0.6521385410756733,0.12516602029432078,-0.35761719374281553,-0.3366761625507331,-0.4941725672821829
2837,0.4473780324141958,0.8817216424333439,-1.4320155892949833,1.2378505970950135,0.035316781907857205,-1.5472054402842532,0.5731817457365989,0.6229931545883579,0.66146406843275,0.6394659801063115
2838,0.06763668520297998,0.06508561858584352,-0.38112724010180754,-1.2448467036897353,-2.1983716470803,1.5855287069457766,0.13881952929926153,0.4179564453918402,0.3725287384112155,0.11515815193913284
2839,-0.9239101658485277,0.06508561858584352,-0.9065714146983955,0.410284830166764,-0.5231053253391809,0.6904618077371967,0.04526377304361685,-1.0351297980443537,-0.9845917510838703,-1.0468213591340738
2840,0.7427324135784745,-1.5681864291091574,1.1952052836879563,-1.2448467036897353,-0.31369703512154284,2.033062156550067,0.2942145247835095,0.8458591428454428,0.8628432378416978,0.8095117622145858
2841,1.586602074047843,0.8817216424333439,-0.38112724010180754,-1.2448467036897353,0.4541333623431382,0.2429283581329067,0.5822663762418318,1.4698839099652807,1.4582251300072844,1.5180358543323944
2842,0.5950552229963354,0.8817216424333439,1.1952052836879563,1.2378505970950135,-0.10428874490389983,-0.6521385410756733,0.44344684694257025,0.7745420266031756,0.8015539254128881,0.7670003166875169
2843,1.481118366489172,-0.751550405261657,-0.38112724010180754,0.8240677136308887,1.7105831036489814,-0.6521385410756733,0.4648036976039951,1.3985667937230135,1.186801032108267,1.5322063361747504
2844,0.9958933117192852,0.8817216424333439,0.6697611090913683,0.8240677136308887,0.7333444159666572,-0.2046050914713833,0.3397970567922223,1.0063226543905446,1.0116887108830943,1.1070918809040653
2845,0.23641061729685378,-1.5681864291091574,1.1952052836879563,0.410284830166764,1.5709775768372194,-0.3836184713130987,0.21808425861977368,0.3198954105587225,0.36377312234995707,0.5402726072098178
2846,0.23641061729685378,-1.5681864291091574,1.1952052836879563,-0.8310638202256104,0.1749223087196192,0.2429283581329067,0.17993943579663177,0.3555539686798561,0.40755120265625,0.398567788786256
2847,-1.050490614918933,0.06508561858584352,-0.9065714146983955,-0.4172809367614856,0.24472507212550018,0.6904618077371967,0.06417680497263986,-1.2847397048922888,-1.282282697166664,-1.24520810492706
2848,-0.5441688186373119,0.8817216424333439,-0.9065714146983955,0.410284830166764,-0.5929080887450618,-0.6521385410756733,0.09366200924400998,-0.38436111233366593,-0.4067210910408021,-0.451661121755114
2849,0.4473780324141958,-1.5681864291091574,-0.38112724010180754,-1.2448467036897353,0.9427527061843003,1.1379952573414867,0.23975986824629442,0.6051638755277915,0.5563966756976465,0.6961479074757362
2850,-1.0293938734071988,-1.5681864291091574,-0.38112724010180754,0.410284830166764,0.9427527061843003,-0.2046050914713833,0.0333634383467035,-1.2579957863014386,-1.282282697166664,-1.1743556957152792
2851,0.4473780324141958,0.06508561858584352,-0.9065714146983955,-1.2448467036897353,-0.10428874490389983,0.2429283581329067,0.31551824895075176,0.6586517127094915,0.6001747560039394,0.6111250164215991
2852,-0.6285557846842488,0.8817216424333439,-1.4320155892949833,0.410284830166764,0.24472507212550018,-1.5472054402842532,0.08627742655262179,-0.5537392634090501,-0.5292997158984225,-0.5083430491245388
2853,1.1013770192779564,0.06508561858584352,0.14431693449478036,0.8240677136308887,-0.03448598149801883,0.6904618077371967,0.5831695266429369,1.086554410163095,1.0992448714956808,1.0787509172193523
2854,1.481118366489172,1.6983576662808442,1.1952052836879563,-1.2448467036897353,2.618019027925419,0.2429283581329067,0.45832226531371195,1.2737618402990463,1.213067880292043,1.6172292272288868
2855,0.4473780324141958,-0.751550405261657,1.1952052836879563,-1.2448467036897353,1.0125554695901813,0.6904618077371967,0.26674812729108005,0.524932119755241,0.547641059636388,0.6678069437910232
2856,-0.6285557846842488,0.8817216424333439,-0.38112724010180754,0.410284830166764,0.38433059893725724,-1.0996719906799632,0.10205599532486852,-0.5715685424696173,-0.5380553319596809,-0.5083430491245388
2857,-0.438685111078641,0.06508561858584352,0.6697611090913683,-1.2448467036897353,0.7333444159666572,0.6904618077371967,0.06465494342028369,-0.33087327515196513,-0.34543177861199154,-0.25327437596212804
2858,-0.1644274714260963,0.8817216424333439,-0.38112724010180754,-1.2448467036897353,0.035316781907857205,-1.5472054402842532,0.1253253997768687,0.025712306059370308,0.0573265602059049,0.044305742727351584
2859,0.23641061729685378,0.06508561858584352,-0.9065714146983955,-0.8310638202256104,-0.17409150830978082,-0.6521385410756733,0.21521542793391063,0.4803589221038234,0.4250624347787669,0.4269087524709683
2860,-0.20662095444956474,-1.5681864291091574,1.1952052836879563,0.410284830166764,0.6635416525607812,-0.2046050914713833,0.13318812091590077,-0.07234872877374655,-0.03022960040668098,0.03013526088499571
2861,-1.050490614918933,0.8817216424333439,0.14431693449478036,0.8240677136308887,0.1051195453137382,-1.0549186457195336,0.03463847420708707,-1.2669104258317225,-1.2209933847378536,-1.2168671412423475
2862,-0.1855242129378305,-0.751550405261657,-0.38112724010180754,0.8240677136308887,1.2917665232137003,-1.0996719906799632,0.12298783403283217,-0.1347512054857306,-0.07400768071297392,0.044305742727351584
2863,1.9663434212590587,0.06508561858584352,-0.9065714146983955,-1.2448467036897353,-0.8023163789626999,0.6904618077371967,0.6784253307124263,1.8086402121160499,1.7033823797225252,1.6172292272288868
2864,-0.9872003903837303,0.8817216424333439,-0.38112724010180754,0.8240677136308887,-0.17409150830978082,-0.6521385410756733,0.030760240131753706,-1.1510201119380377,-1.1071703759414915,-1.1318442501882104
2865,-1.0293938734071988,-0.751550405261657,-1.4320155892949833,-1.2448467036897353,1.0823582329960573,-1.0996719906799632,0.028900812835360994,-1.2490811467711553,-1.2034821526153359,-1.1176737683458546
2866,-0.8184264582898567,-1.5681864291091574,-1.4320155892949833,1.2378505970950135,-1.360738486209743,2.033062156550067,0.056154704351059875,-0.8390077283781191,-0.7832125816749225,-0.9334575043952245
2867,1.5022151080009063,0.06508561858584352,1.7206494582845442,-0.8310638202256104,0.1051195453137382,-0.6521385410756733,0.35658502895393934,1.5233717471469816,1.3619133533334393,1.4471834451206125
2868,-0.7973297167781225,-0.751550405261657,1.1952052836879563,1.2378505970950135,1.2917665232137003,-1.0996719906799632,0.06263613664134304,-0.8746662864992527,-0.8357462780424739,-0.7209002767598819
2869,-0.9872003903837303,0.06508561858584352,0.14431693449478036,-0.8310638202256104,0.8729499427784192,0.2429283581329067,0.02959145725973543,-1.1688493909986049,-1.1684596883703013,-1.0751623228187863
2870,-0.08004050537915937,0.06508561858584352,-0.38112724010180754,0.410284830166764,-2.128568883674419,1.5855287069457766,0.13929766774690538,0.23074901525588884,0.19741641718604294,-0.040717148326785545
2871,-0.9872003903837303,0.8817216424333439,-0.38112724010180754,1.2378505970950135,-0.03448598149801883,-1.0996719906799632,0.038782340753333686,-1.115361553816904,-1.0809035277577155,-1.0893328046611421
2872,-1.1348775809658698,0.06508561858584352,-1.4320155892949833,0.8240677136308887,-1.1513301959920998,1.1379952573414867,0.024013175370557298,-1.454117855967674,-1.3873500899017668,-1.5002767780894712
2873,-1.0082971318954645,0.8817216424333439,-1.4320155892949833,1.2378505970950135,-0.03448598149801883,-1.0996719906799632,0.04871699516548903,-1.1955933095894553,-1.142192840186526,-1.1601852138729227
2874,-1.0293938734071988,0.06508561858584352,-0.9065714146983955,-1.2448467036897353,0.3145278355313812,-2.4422723394928334,0.038888593741698986,-1.2134225886500216,-1.2209933847378536,-1.1743556957152792
2875,-0.9661036488719961,-1.5681864291091574,-1.4320155892949833,0.410284830166764,0.5937388891549003,0.2429283581329067,0.03957923816607342,-1.1599347514683216,-1.1246816080640083,-1.0751623228187863
2876,-1.0082971318954645,-1.5681864291091574,1.1952052836879563,0.8240677136308887,0.8729499427784192,-1.0996719906799632,0.03426658874780853,-1.2312518677105888,-1.185970920492819,-1.1176737683458546
2877,-0.20662095444956474,0.06508561858584352,0.14431693449478036,-1.2448467036897353,-0.17409150830978082,-0.2046050914713833,0.12505976730595547,0.007883026998803893,-0.04774083252919862,-0.040717148326785545
2878,-1.050490614918933,0.8817216424333439,-0.9065714146983955,-1.2448467036897353,0.1051195453137382,-1.5472054402842532,0.03766668437549806,-1.240166507240872,-1.2385046168603704,-1.2168671412423475
2879,-1.0082971318954645,0.8817216424333439,0.14431693449478036,1.6516334805591384,-0.10428874490389983,-1.0996719906799632,0.050204537002603196,-1.1777640305288881,-1.1509484562477845,-1.1601852138729227
2880,-0.8395231998015908,0.06508561858584352,0.14431693449478036,0.410284830166764,0.24472507212550018,0.2429283581329067,0.0573766137172608,-0.8657516469689694,-0.8970355904712844,-0.8484346133410873
2881,-0.9028134243367935,0.8817216424333439,-1.4320155892949833,1.6516334805591384,0.035316781907857205,-1.5472054402842532,0.04483876109015566,-1.0083858794535039,-0.9670805189613535,-0.9759689499222927
2882,-1.0293938734071988,-1.5681864291091574,1.1952052836879563,0.410284830166764,1.0125554695901813,0.2429283581329067,0.034585347712904425,-1.2758250653620058,-1.273527081105405,-1.1743556957152792
2883,-0.5652655601490462,0.8817216424333439,-0.38112724010180754,1.6516334805591384,0.035316781907857205,-0.6521385410756733,0.08893375126175423,-0.4735075076364996,-0.45049917134709505,-0.451661121755114
2884,0.4473780324141958,-1.5681864291091574,1.1952052836879563,-0.0034980532973608127,0.9427527061843003,1.1379952573414867,0.11199064973702386,0.6140785150580746,0.45132928296254293,0.6394659801063115
2885,-0.9661036488719961,-1.5681864291091574,-1.4320155892949833,0.410284830166764,0.7333444159666572,0.2429283581329067,0.03957923816607342,-1.1599347514683216,-1.1246816080640083,-1.0609918409764298
2886,2.5570521835876163,-0.751550405261657,1.1952052836879563,-1.2448467036897353,-1.1513301959920998,1.5855287069457766,0.9761462041119906,2.0582501189639846,2.0886294864179042,1.872297900391299
2887,-0.8184264582898567,0.8817216424333439,-0.9065714146983955,0.8240677136308887,-0.4533025619332999,-0.6521385410756733,0.07581150719863997,-0.8300930888478358,-0.791968197736181,-0.8484346133410873
2888,0.4262812909024616,1.6983576662808442,1.1952052836879563,1.6516334805591384,3.5952577156077434,-1.0996719906799632,0.24087552462413006,0.4179564453918402,0.3812843544724739,0.8520232077416533
2889,-0.33320140351996985,0.8817216424333439,-1.4320155892949833,-1.2448467036897353,-0.5929080887450618,-0.2046050914713833,0.11767518461456729,-0.1525804845462978,-0.1352969931417845,-0.21076293043505917
2890,1.6287955570713115,0.8817216424333439,1.1952052836879563,1.6516334805591384,0.38433059893725724,-0.6521385410756733,0.8045476279020347,1.5590303052681154,1.466980746068543,1.560547299859462
2891,-0.9450069073602619,0.8817216424333439,0.6697611090913683,-0.4172809367614856,0.035316781907857205,-1.9947388898885432,0.0429262072995803,-1.0529590771049209,-1.019614215328905,-1.0326508772917173
2892,0.8693128626488799,0.8817216424333439,0.14431693449478036,-0.0034980532973608127,0.1749223087196192,-0.6521385410756733,0.23253466503745418,0.9884933753299773,0.9328881663317669,0.97955754432286
2893,0.5528617399728669,0.8817216424333439,1.1952052836879563,-1.2448467036897353,0.1749223087196192,-0.6521385410756733,0.2740795834882856,0.7032249103609084,0.7139977648003013,0.7244888711604479
2894,-0.6285557846842488,0.06508561858584352,-1.4320155892949833,0.410284830166764,-1.7097523032391428,2.033062156550067,0.08946501620358073,-0.4289343099850828,-0.4855216355921296,-0.6358773857057448
2895,0.9115063456723483,0.06508561858584352,-1.4320155892949833,-1.2448467036897353,-1.779555066645019,2.033062156550067,0.386442118684588,1.1757008054659286,1.1080004875569394,0.8803641714263664
2896,-0.6074590431725145,0.8817216424333439,0.14431693449478036,0.8240677136308887,0.24472507212550018,-0.6521385410756733,0.09754024331934336,-0.5180807052879165,-0.5292997158984225,-0.4941725672821829
2897,-1.0082971318954645,-1.5681864291091574,0.14431693449478036,0.410284830166764,1.0125554695901813,0.2429283581329067,0.043988737183233276,-1.2312518677105888,-1.2385046168603704,-1.1318442501882104
2898,-0.9872003903837303,0.8817216424333439,1.1952052836879563,1.2378505970950135,-0.17409150830978082,-0.6521385410756733,0.046113796950539236,-1.1421054724077544,-1.11592599200275,-1.1318442501882104
2899,0.23641061729685378,-1.5681864291091574,1.7206494582845442,-0.8310638202256104,0.4541333623431382,1.5855287069457766,0.16835786006481432,0.3555539686798561,0.40755120265625,0.44107923431332485
2900,0.8482161211371456,-1.5681864291091574,0.6697611090913683,-1.2448467036897353,1.0125554695901813,0.2429283581329067,0.2792859799181852,0.8726030614362933,0.8891100860254739,1.0078985080075717
2901,0.4473780324141958,-1.5681864291091574,0.6697611090913683,-1.2448467036897353,-1.1513301959920998,0.6904618077371967,0.3034585347712904,0.6319077941186418,0.6439528363102324,0.4835906798403931
2902,0.4473780324141958,0.06508561858584352,0.6697611090913683,-0.8310638202256104,0.8031471793725382,0.2429283581329067,0.1838707963661478,0.5427613988158074,0.5038629793300943,0.6252954982639549
2903,0.4473780324141958,-0.751550405261657,0.14431693449478036,-1.2448467036897353,1.2219637598078192,0.6904618077371967,0.2602666950007969,0.4981882011643906,0.5651522917589049,0.681977425633379
2904,1.4600216249774378,0.8817216424333439,0.14431693449478036,1.6516334805591384,-0.4533025619332999,0.2429283581329067,0.9888965627158264,1.4520546309047144,1.440713897884767,1.362160554066476
2905,-0.8395231998015908,-1.5681864291091574,-0.9065714146983955,0.410284830166764,1.8501886304607433,-2.4422723394928334,0.04861074217712373,-0.9816419608626535,-0.9233024386550606,-0.7634117222869502
2906,0.9326030871840826,0.8817216424333439,-0.38112724010180754,0.8240677136308887,-0.10428874490389983,-0.6521385410756733,0.4113584444562503,1.086554410163095,0.9941774787605774,1.0220689898499276
2907,-1.0293938734071988,0.8817216424333439,1.1952052836879563,-0.8310638202256104,0.1051195453137382,-1.0996719906799632,0.023163151463634915,-1.2134225886500216,-1.1772153044315605,-1.1743556957152792
2908,0.4262812909024616,0.8817216424333439,0.6697611090913683,-1.2448467036897353,-0.24389427171566183,-0.6521385410756733,0.22313127556712534,0.6408224336489251,0.5739079078201633,0.5686135708945302
2909,0.700538930555006,0.06508561858584352,1.1952052836879563,1.2378505970950135,-1.7097523032391428,0.6904618077371967,0.46267863783668917,0.9439201776785605,0.9941774787605774,0.7244888711604479
2910,-1.0082971318954645,0.8817216424333439,-0.9065714146983955,-0.8310638202256104,-0.03448598149801883,-1.0996719906799632,0.024119428358922595,-1.1955933095894553,-1.1509484562477845,-1.1601852138729227
2911,0.6161519645080696,0.8817216424333439,1.1952052836879563,0.8240677136308887,-0.9419219057744619,0.2429283581329067,0.4407373957392552,0.8369445033151597,0.845332005719181,0.7103183893180921
2912,2.430471734517211,-1.5681864291091574,-0.38112724010180754,-1.2448467036897353,0.8031471793725382,0.2429283581329067,0.7758061945492217,1.8977866074188843,1.93102839731525,2.028173200657216
2913,-1.1137808394541355,0.8817216424333439,-0.38112724010180754,1.6516334805591384,0.3145278355313812,-0.6521385410756733,0.027997662434255964,-1.4095446583162563,-1.3610832417179914,-1.3444014778235536
2914,-0.9028134243367935,0.8817216424333439,0.6697611090913683,-0.4172809367614856,-0.24389427171566183,-1.0996719906799632,0.04005737661371726,-0.9638126818020863,-0.932058054716319,-0.9617984680799367
2915,-0.5019753356138434,0.06508561858584352,0.14431693449478036,-1.2448467036897353,0.6635416525607812,0.6904618077371967,0.10710301227222016,-0.4111050309245164,-0.45049917134709505,-0.35246774885862103
2916,0.4262812909024616,0.06508561858584352,-0.38112724010180754,0.410284830166764,0.5937388891549003,0.6904618077371967,0.28263294905169206,0.5695053174066579,0.5038629793300943,0.6111250164215991
2917,0.46847477392593007,0.8817216424333439,1.1952052836879563,0.8240677136308887,0.4541333623431382,-0.2046050914713833,0.39526111671890773,0.6051638755277915,0.6089303720651978,0.6678069437910232
2918,0.8904096041606141,-1.5681864291091574,1.1952052836879563,-1.2448467036897353,1.1521609964019384,-0.6521385410756733,0.3411252191467885,0.9082616195574269,0.9153769342092499,1.0645804353769965
2919,-1.1137808394541355,0.8817216424333439,1.1952052836879563,-0.4172809367614856,-0.5231053253391809,-0.6521385410756733,0.03570100409074005,-1.3917153792556898,-1.3523276256567323,-1.4010834051929784
2920,-1.1137808394541355,0.8817216424333439,-1.4320155892949833,1.2378505970950135,0.1749223087196192,-0.6521385410756733,0.03995112362535196,-1.3738861001951226,-1.3785944738405085,-1.3444014778235536
2921,-1.0293938734071988,0.8817216424333439,-0.9065714146983955,0.410284830166764,0.1749223087196192,-1.0996719906799632,0.038994846730064286,-1.2223372281803049,-1.185970920492819,-1.1743556957152792
2922,-0.6285557846842488,0.06508561858584352,-1.4320155892949833,-0.0034980532973608127,-0.24389427171566183,1.1379952573414867,0.044626255113425065,-0.4913367866970668,-0.6168558765110084,-0.5650249764939635
2923,-0.2910079204965014,0.8817216424333439,-1.4320155892949833,-1.2448467036897353,0.7333444159666572,-0.2046050914713833,0.10099346544121554,-0.1347512054857306,-0.17907507344807744,-0.0690581120114973
2924,-0.5441688186373119,0.06508561858584352,-0.9065714146983955,0.410284830166764,-0.17409150830978082,0.2429283581329067,0.1005153269935717,-0.4645928681062164,-0.4154767071020606,-0.451661121755114
2925,1.481118366489172,1.6983576662808442,0.14431693449478036,-0.8310638202256104,2.4784135011136574,-0.2046050914713833,0.37486054295277055,1.264847200768763,1.186801032108267,1.5747177817018192
2926,-0.8817166828250593,-1.5681864291091574,0.14431693449478036,-0.8310638202256104,-0.5231053253391809,1.5855287069457766,0.03187589650958933,-0.99947123992322,-0.932058054716319,-1.004309913607005
2927,0.21531387578511957,-0.751550405261657,0.6697611090913683,1.6516334805591384,2.1293996840842575,-1.0996719906799632,0.19752430537108856,0.2753222129073057,0.36377312234995707,0.5827840527368867
2928,0.4262812909024616,0.06508561858584352,0.14431693449478036,-0.8310638202256104,-1.7097523032391428,2.033062156550067,0.2049620145566594,0.6764809917700587,0.6089303720651978,0.41273827062861246
2929,1.5022151080009063,-1.5681864291091574,1.1952052836879563,-0.8310638202256104,-0.03448598149801883,-1.5472054402842532,0.47670403230090846,1.4609692704349977,1.466980746068543,1.4471834451206125
2930,-0.5652655601490462,0.06508561858584352,-1.4320155892949833,-0.8310638202256104,0.3145278355313812,-0.2046050914713833,0.0522764702757265,-0.4735075076364996,-0.5030328677146465,-0.451661121755114
2931,-1.1981678055010725,-1.5681864291091574,-1.4320155892949833,0.410284830166764,-0.6627108521509428,0.2429283581329067,0.021356850661424853,-1.5610935303310742,-1.5011730986981295,-1.5711291873012518
2932,-0.20662095444956474,0.06508561858584352,0.14431693449478036,-1.2448467036897353,-1.639949539833262,1.1379952573414867,0.11895022047495085,0.03462694558965351,0.0047928638383535295,-0.1682514849079909
2933,0.4473780324141958,-0.751550405261657,-1.4320155892949833,0.8240677136308887,2.8274273181430574,-1.0996719906799632,0.3272060776709345,0.4179564453918402,0.43381805084002606,0.7811707985298727
2934,2.5359554420758825,-0.751550405261657,1.1952052836879563,-1.2448467036897353,1.7105831036489814,0.6904618077371967,0.9510704988577804,1.9601890841308676,1.8434722367026632,2.1557075372384213
2935,-1.1981678055010725,-0.751550405261657,-1.4320155892949833,0.410284830166764,0.035316781907857205,2.4805956061543566,0.01896615842320565,-1.6502399256339084,-1.6149961074944912,-1.6136406328283208
2936,-0.8395231998015908,-1.5681864291091574,-1.4320155892949833,1.6516334805591384,-0.24389427171566183,-0.6521385410756733,0.052488976252457104,-0.8835809260295359,-0.8094794298586986,-0.8626050951834432
2937,-0.9450069073602619,-1.5681864291091574,-0.38112724010180754,0.410284830166764,0.035316781907857205,-0.6521385410756733,0.029325824788822185,-1.061873716635204,-1.0108585992676464,-1.0184803954493615
2938,0.4262812909024616,-0.751550405261657,1.1952052836879563,-0.8310638202256104,-2.8963992811391,2.033062156550067,0.21850927057323488,0.7923713056637428,0.7139977648003013,0.3560563432591877
2939,0.4262812909024616,-1.5681864291091574,0.14431693449478036,-1.2448467036897353,-2.5473854641097,2.4805956061543566,0.2436381023216278,0.6408224336489251,0.547641059636388,0.25686297036269473
2940,-0.5019753356138434,-1.5681864291091574,-0.38112724010180754,0.410284830166764,0.035316781907857205,-1.5024520953238236,0.08372735483185464,-0.3754464728033827,-0.34543177861199154,-0.35246774885862103
2941,-1.0293938734071988,-0.751550405261657,1.1952052836879563,0.410284830166764,0.9427527061843003,0.2429283581329067,0.028900812835360994,-1.2758250653620058,-1.212237768676595,-1.146014732030567
2942,0.4473780324141958,-1.5681864291091574,0.6697611090913683,0.410284830166764,0.1051195453137382,1.5855287069457766,0.24576316208893376,0.5605906778763746,0.5914191399426809,0.5827840527368867
2943,-0.5863623016607803,-1.5681864291091574,1.1952052836879563,-1.2448467036897353,0.9427527061843003,0.2429283581329067,0.07134888168729746,-0.5537392634090501,-0.5292997158984225,-0.43749063991275816
2944,-0.1011372468908936,0.8817216424333439,1.1952052836879563,1.6516334805591384,0.3145278355313812,-0.6521385410756733,0.20607767093449503,0.04354158511993751,0.07483779232842254,0.10098767009677634
2945,-0.8184264582898567,-0.751550405261657,-1.4320155892949833,-1.2448467036897353,1.2219637598078192,-1.0996719906799632,0.03474472719545237,-0.8924955655598191,-0.8620131262262499,-0.7492412404445943
2946,-0.33320140351996985,0.8817216424333439,-1.4320155892949833,-1.2448467036897353,0.6635416525607812,-0.2046050914713833,0.09876215268554428,-0.17040976360686422,-0.23160876981562958,-0.12574003938092204
2947,-0.14333072991436205,0.8817216424333439,1.1952052836879563,-1.2448467036897353,-0.8023163789626999,-0.2046050914713833,0.1641077405302024,0.09702942230163755,0.11861587263471549,0.015964779042639207
2948,-0.9872003903837303,0.06508561858584352,-0.38112724010180754,1.2378505970950135,-0.24389427171566183,0.6904618077371967,0.05126706688625617,-1.1510201119380377,-1.1509484562477845,-1.1601852138729227
2949,1.9452466797473245,0.06508561858584352,-0.38112724010180754,-1.2448467036897353,-0.24389427171566183,0.6904618077371967,0.6842692450725176,1.701664537752649,1.7296492279063014,1.6597406727559558
2950,-0.8606199413133251,0.06508561858584352,-1.4320155892949833,0.410284830166764,-1.430541249615619,0.6904618077371967,0.05179833182808267,-0.8033491702569854,-0.8269906619812155,-0.9476279862375803
2951,-0.9239101658485277,0.8817216424333439,-0.38112724010180754,-0.4172809367614856,-0.31369703512154284,-0.2046050914713833,0.06178611273442065,-1.0173005189837871,-0.9845917510838703,-1.0184803954493615
2952,0.48957151543766425,0.06508561858584352,1.7206494582845442,-0.0034980532973608127,0.7333444159666572,-1.0996719906799632,0.12707857408489615,0.6229931545883579,0.5914191399426809,0.6961479074757362
2953,1.059183536254488,0.06508561858584352,1.1952052836879563,-0.8310638202256104,0.8729499427784192,0.6904618077371967,0.23667853158370078,1.1043836892236614,1.0204443269443535,1.177944290115846
2954,0.4473780324141958,-1.5681864291091574,-0.38112724010180754,0.410284830166764,0.5937388891549003,1.5855287069457766,0.2561228284545503,0.5516760383460907,0.5826635238814225,0.6394659801063115
2955,-0.9661036488719961,0.8817216424333439,-0.38112724010180754,0.410284830166764,0.5239361257490193,-1.5472054402842532,0.028528927376082452,-1.106446914286621,-1.045881063512681,-1.0184803954493615
2956,1.6076988155595773,0.8817216424333439,1.1952052836879563,0.8240677136308887,-0.31369703512154284,-0.6521385410756733,0.8527864846198799,1.5590303052681154,1.493247594252319,1.4613539269629696
2957,-1.050490614918933,-1.5681864291091574,1.1952052836879563,0.410284830166764,1.2219637598078192,-1.5472054402842532,0.035860383573287996,-1.293654344422572,-1.299793929289181,-1.1743556957152792
2958,1.481118366489172,1.6983576662808442,-1.4320155892949833,-0.8310638202256104,2.8274273181430574,-0.2046050914713833,0.39627052010837804,1.2826764798293295,1.2043122642307844,1.6455701909135998
2959,2.0085369042825274,0.8817216424333439,0.6697611090913683,0.410284830166764,-0.10428874490389983,-1.0996719906799632,0.6657280986027732,1.7729816539949161,1.7821829242738527,1.7447635638100922
2960,1.481118366489172,-1.5681864291091574,-0.38112724010180754,-1.2448467036897353,0.1749223087196192,2.4805956061543566,0.39627052010837804,1.3450789565413135,1.2743571927208535,1.3196491085394073
2961,-0.8184264582898567,0.06508561858584352,-1.4320155892949833,1.6516334805591384,0.035316781907857205,0.6904618077371967,0.06603623226903256,-0.8479223679084023,-0.8707687422875084,-0.8484346133410873
2962,-0.5863623016607803,-0.751550405261657,1.1952052836879563,-1.2448467036897353,1.2917665232137003,-0.6521385410756733,0.06608935876321521,-0.5893978215301837,-0.564322180143457,-0.43749063991275816
2963,-0.6074590431725145,0.8817216424333439,1.1952052836879563,-0.4172809367614856,0.4541333623431382,-1.5472054402842532,0.11135313180683207,-0.5448246238787668,-0.49427725165338804,-0.46583160359747056
2964,-1.155974322477604,0.06508561858584352,0.14431693449478036,0.8240677136308887,-0.38349979852741883,0.6904618077371967,0.02964458375391808,-1.4986910536190907,-1.5011730986981295,-1.5144472599318273
2965,-1.155974322477604,-1.5681864291091574,0.14431693449478036,1.6516334805591384,-1.639949539833262,-0.2046050914713833,0.03054773415502311,-1.454117855967674,-1.4136169380855428,-1.556958705458896
2966,-0.9028134243367935,0.8817216424333439,-1.4320155892949833,0.410284830166764,0.38433059893725724,-0.6521385410756733,0.043085586782128246,-1.0440444375746376,-1.002102983206388,-0.9759689499222927
2967,-1.0082971318954645,0.8817216424333439,-1.4320155892949833,0.410284830166764,-0.03448598149801883,-0.6521385410756733,0.03729479891621952,-1.1777640305288881,-1.1334372241252668,-1.146014732030567
2968,-0.6285557846842488,0.06508561858584352,-0.9065714146983955,-1.2448467036897353,0.7333444159666572,-0.2046050914713833,0.08463050523295967,-0.5804831819999005,-0.5993446443884916,-0.5083430491245388
2969,-0.5230720771255777,0.8817216424333439,-1.4320155892949833,-0.8310638202256104,0.1749223087196192,-0.6521385410756733,0.06763002709451203,-0.4111050309245164,-0.45049917134709505,-0.40914967622804577
2970,-0.1855242129378305,0.8817216424333439,-0.9065714146983955,-0.8310638202256104,-0.17409150830978082,-1.0996719906799632,0.12835360994527972,-0.009946252061763314,0.0573265602059049,0.0017942972002833347
2971,0.5739584814846012,-1.5681864291091574,-0.9065714146983955,0.8240677136308887,-1.2909357228038618,-1.0996719906799632,0.5143175901822239,0.8547737823757269,0.8540876217804394,0.6678069437910232
2972,-0.20662095444956474,1.6983576662808442,0.14431693449478036,-1.2448467036897353,2.1293996840842575,1.1379952573414867,0.11512511289380013,-0.14366584501601382,-0.170319457386819,0.08681718825442046
2973,-0.6074590431725145,0.06508561858584352,1.1952052836879563,-0.8310638202256104,-0.6627108521509428,0.6904618077371967,0.05588907188014663,-0.4735075076364996,-0.4767660195308704,-0.5366840128092512
2974,-0.20662095444956474,-1.5681864291091574,0.14431693449478036,-0.8310638202256104,1.0125554695901813,0.6904618077371967,0.0952026775753068,-0.06343408924346336,-0.10903014495800843,0.03013526088499571
2975,-0.1855242129378305,0.06508561858584352,1.1952052836879563,-1.2448467036897353,-0.03448598149801883,0.2429283581329067,0.12675981511980025,0.007883026998803893,-0.021473984345422546,-0.012376184642073167
2976,-1.0082971318954645,0.8817216424333439,0.6697611090913683,-0.4172809367614856,0.24472507212550018,-1.5472054402842532,0.03479785368963502,-1.1955933095894553,-1.142192840186526,-1.1318442501882104
2977,-0.08004050537915937,0.8817216424333439,-0.38112724010180754,-1.2448467036897353,0.4541333623431382,-1.0996719906799632,0.1259629177070605,0.12377334089248797,0.08359340838968098,0.15766959746620107
2978,-0.5863623016607803,0.8817216424333439,-1.4320155892949833,-1.2448467036897353,0.38433059893725724,-0.6521385410756733,0.0737927004196993,-0.5448246238787668,-0.5030328677146465,-0.4800020854398264
2979,-1.155974322477604,0.8817216424333439,0.14431693449478036,0.410284830166764,0.7333444159666572,-0.2046050914713833,0.023163151463634915,-1.5610935303310742,-1.509928714759388,-1.4577653325624031
2980,1.481118366489172,-1.5681864291091574,-0.38112724010180754,-1.2448467036897353,-2.058766120268543,2.4805956061543566,0.5085799288104978,1.5055424680864145,1.440713897884767,1.149603326431133
2981,-0.9450069073602619,0.8817216424333439,0.6697611090913683,-1.2448467036897353,-0.31369703512154284,-1.5472054402842532,0.025075705254210275,-1.0886176352260544,-1.0283698313901641,-1.0751623228187863
2982,-0.14333072991436205,0.06508561858584352,1.7206494582845442,0.410284830166764,0.7333444159666572,0.2429283581329067,0.08787122137810126,0.03462694558965351,-0.021473984345422546,0.08681718825442046
2983,0.046539943691245755,0.06508561858584352,1.1952052836879563,-1.2448467036897353,0.035316781907857205,0.2429283581329067,0.19518673962705202,0.25749293384673844,0.2149276493085606,0.2426924885203382
2984,-0.6285557846842488,-0.751550405261657,-0.9065714146983955,-1.2448467036897353,1.0125554695901813,-0.2046050914713833,0.07628964564628381,-0.6339710191816014,-0.5818334122659738,-0.4941725672821829
2985,-1.1137808394541355,0.8817216424333439,0.14431693449478036,-0.4172809367614856,0.8729499427784192,-1.0996719906799632,0.04037613557881315,-1.4273739373768235,-1.3785944738405085,-1.316060514138841
2986,0.4473780324141958,0.8817216424333439,-1.4320155892949833,-0.8310638202256104,-0.17409150830978082,-1.0996719906799632,0.2392817297986506,0.6408224336489251,0.66146406843275,0.6252954982639549
2987,-1.050490614918933,0.8817216424333439,0.14431693449478036,1.2378505970950135,0.1051195453137382,-0.2046050914713833,0.04324496626467619,-1.2758250653620058,-1.2385046168603704,-1.231037623084704
2988,-0.6074590431725145,-1.5681864291091574,-0.38112724010180754,0.410284830166764,-1.1513301959920998,1.0484885674206275,0.07055198427455772,-0.5269953448182004,-0.4767660195308704,-0.6217069038633883
2989,-0.6285557846842488,-1.5681864291091574,-0.9065714146983955,-1.2448467036897353,-0.6627108521509428,0.2429283581329067,0.07628964564628381,-0.5893978215301837,-0.5292997158984225,-0.6217069038633883
2990,-0.1644274714260963,0.8817216424333439,-0.9065714146983955,0.8240677136308887,0.38433059893725724,-1.5472054402842532,0.19242416192955428,0.007883026998803893,0.04857094414464647,0.07264670641206396
2991,0.9115063456723483,0.8817216424333439,1.1952052836879563,1.2378505970950135,0.035316781907857205,-0.6521385410756733,0.561653296498964,0.9528348172088437,1.0116887108830943,0.9937280261652158
2992,-0.7973297167781225,0.06508561858584352,-1.4320155892949833,-0.8310638202256104,0.035316781907857205,1.5855287069457766,0.041332412474100834,-0.7944345307267022,-0.818235045919957,-0.7917526859716626
2993,-1.050490614918933,-1.5681864291091574,-0.9065714146983955,0.410284830166764,0.5937388891549003,1.5855287069457766,0.03771981086968071,-1.347142181604273,-1.299793929289181,-1.2593785867694165
2994,-0.20662095444956474,0.06508561858584352,1.1952052836879563,1.2378505970950135,0.7333444159666572,0.2429283581329067,0.1718110821866865,-0.045604810182896936,-0.10027452889675,0.015964779042639207
2995,-0.20662095444956474,-1.5681864291091574,-1.4320155892949833,0.410284830166764,0.8031471793725382,-0.2046050914713833,0.14838229825213833,-0.06343408924346336,-0.03898521646793941,0.044305742727351584
2996,0.4262812909024616,-0.751550405261657,-1.4320155892949833,0.410284830166764,-2.477582700703819,1.1379952573414867,0.36965414652287093,0.7032249103609084,0.7052421487390429,0.3702268251015436
2997,2.5359554420758825,-0.751550405261657,-1.4320155892949833,-0.8310638202256104,-2.826596517733219,1.5855287069457766,0.9435265366838442,2.2989453862816376,2.1499187988467146,1.7305930819677364
2998,0.4262812909024616,0.06508561858584352,1.1952052836879563,1.6516334805591384,-1.5701467764273809,1.5855287069457766,0.4031769643521224,0.6497370731792083,0.6001747560039394,0.41273827062861246
2999,0.5317649984611327,0.8817216424333439,0.6697611090913683,1.6516334805591384,0.035316781907857205,-1.5472054402842532,0.28433299686553687,0.7299688289517587,0.731508996922819,0.7244888711604479
3000,-0.5863623016607803,0.8817216424333439,0.14431693449478036,0.410284830166764,-0.31369703512154284,-0.2046050914713833,0.08627742655262179,-0.4556782285759332,-0.4767660195308704,-0.4941725672821829
3001,0.4473780324141958,0.8817216424333439,0.6697611090913683,0.410284830166764,0.1749223087196192,-1.5472054402842532,0.27089199383732665,0.6229931545883579,0.6439528363102324,0.6536364619486673
3002,0.4473780324141958,-0.751550405261657,1.1952052836879563,-1.2448467036897353,1.0125554695901813,-1.0996719906799632,0.2298252138341391,0.524932119755241,0.5826635238814225,0.681977425633379
3003,0.29970084183205625,-1.5681864291091574,-0.38112724010180754,-0.8310638202256104,0.1051195453137382,-0.2046050914713833,0.18031132125591032,0.4268710849221234,0.48635174720757746,0.4694201979980372
3004,-0.9872003903837303,0.06508561858584352,-1.4320155892949833,-1.2448467036897353,0.3145278355313812,0.6904618077371967,0.03947298517770812,-1.1599347514683216,-1.1597040723090428,-1.1176737683458546
3005,-0.5441688186373119,0.8817216424333439,-0.9065714146983955,0.8240677136308887,-0.24389427171566183,-0.2046050914713833,0.10832492163842108,-0.4645928681062164,-0.43298793922457746,-0.46583160359747056
3006,-0.5863623016607803,0.8817216424333439,0.14431693449478036,0.410284830166764,-1.221132959397981,2.033062156550067,0.09594644849386388,-0.4467635890456492,-0.4767660195308704,-0.57919545833632
3007,-1.0293938734071988,-1.5681864291091574,-0.38112724010180754,0.410284830166764,-0.8721191423685809,2.4805956061543566,0.025978855655315304,-1.2490811467711553,-1.1947265365540773,-1.2877195504541288
3008,-0.5019753356138434,0.8817216424333439,-0.9065714146983955,0.410284830166764,-0.5929080887450618,-0.6521385410756733,0.1097593369813526,-0.3397879146822491,-0.3629430107345084,-0.40914967622804577
3009,-0.5652655601490462,0.8817216424333439,-0.9065714146983955,0.410284830166764,-0.38349979852741883,-0.6521385410756733,0.09865589969717899,-0.4735075076364996,-0.44174355528583586,-0.4941725672821829
3010,1.0380867947427537,0.06508561858584352,0.6697611090913683,-1.2448467036897353,0.1749223087196192,0.6904618077371967,0.32619667428146415,1.1578715264053623,1.0904892554344225,1.1354328445887771
3011,-0.4808785941021094,0.8817216424333439,1.1952052836879563,0.8240677136308887,0.3145278355313812,-1.5472054402842532,0.09759336981352601,-0.3754464728033827,-0.35418739467325,-0.3241267851739087
3012,-0.6074590431725145,-0.751550405261657,-0.9065714146983955,-1.2448467036897353,1.1521609964019384,0.6904618077371967,0.06337990755990013,-0.5893978215301837,-0.6256114925722677,-0.4800020854398264
3013,-0.5230720771255777,-1.5681864291091574,-0.9065714146983955,1.2378505970950135,-0.17409150830978082,-0.6521385410756733,0.1495510811241566,-0.4467635890456492,-0.4067210910408021,-0.43749063991275816
3014,-0.6285557846842488,-1.5681864291091574,0.14431693449478036,-1.2448467036897353,-0.10428874490389983,1.1379952573414867,0.06449556393773574,-0.5893978215301837,-0.5555665640821986,-0.57919545833632
3015,-0.5019753356138434,0.8817216424333439,-0.9065714146983955,-1.2448467036897353,-0.38349979852741883,-0.2046050914713833,0.08840248631992775,-0.3219586356216819,-0.3366761625507331,-0.36663823070097756
3016,0.4473780324141958,-0.751550405261657,1.1952052836879563,0.410284830166764,-1.988963356862662,1.5855287069457766,0.305796100515327,0.6497370731792083,0.7139977648003013,0.41273827062861246
3017,-0.1855242129378305,0.8817216424333439,-1.4320155892949833,0.410284830166764,0.035316781907857205,-0.2046050914713833,0.14099771556075014,-0.0010316125314793153,-0.03022960040668098,-0.012376184642073167
3018,-1.0293938734071988,0.8817216424333439,-0.9065714146983955,0.410284830166764,-0.10428874490389983,-0.2046050914713833,0.05004515752005525,-1.2045079491197386,-1.2034821526153359,-1.2026966593999917
3019,-0.8184264582898567,-0.751550405261657,-0.38112724010180754,0.410284830166764,1.1521609964019384,0.2429283581329067,0.04011050310789991,-0.8568370074386863,-0.9408136707775774,-0.777582204129306
3020,1.903053196723856,0.06508561858584352,-0.9065714146983955,-1.2448467036897353,0.1051195453137382,0.6904618077371967,0.8095415183552037,1.701664537752649,1.6420930672937155,1.6739111545983116
3021,-0.20662095444956474,-0.751550405261657,-1.4320155892949833,-0.8310638202256104,0.8031471793725382,-0.6521385410756733,0.10774053020241195,-0.09017800783431376,-0.06525206465171549,0.015964779042639207
3022,1.059183536254488,0.06508561858584352,0.14431693449478036,-0.8310638202256104,-0.10428874490389983,0.2429283581329067,0.30749614832917177,1.1935300845264958,1.0379555590668703,1.1212623627464213
3023,0.5739584814846012,0.06508561858584352,-0.38112724010180754,-1.2448467036897353,-1.779555066645019,1.5855287069457766,0.2782234500345322,0.8369445033151597,0.8015539254128881,0.5686135708945302
3024,1.5233118495126405,0.06508561858584352,-0.38112724010180754,-1.2448467036897353,-0.5231053253391809,0.2429283581329067,0.5153269935716942,1.5233717471469816,1.4494695139460252,1.390501517751188
3025,-0.05894376386742515,0.06508561858584352,0.14431693449478036,-1.2448467036897353,-1.221132959397981,1.5855287069457766,0.1458322265313712,0.21291973619532162,0.17114956900226685,0.044305742727351584
3026,-0.6074590431725145,0.8817216424333439,1.7206494582845442,-1.2448467036897353,0.5239361257490193,0.2429283581329067,0.05434840354884981,-0.5537392634090501,-0.5292997158984225,-0.4800020854398264
3027,0.8271193796254115,0.8817216424333439,0.14431693449478036,0.8240677136308887,-0.8721191423685809,-0.2046050914713833,0.5551187377144983,0.970664096269411,1.0029330948218358,0.8661936895840104
3028,0.8482161211371456,0.8817216424333439,-0.38112724010180754,-1.2448467036897353,0.1051195453137382,-1.5472054402842532,0.327737342612761,0.9528348172088437,0.985421862699319,0.97955754432286
3029,-1.0082971318954645,0.8817216424333439,-0.9065714146983955,-0.8310638202256104,0.4541333623431382,-1.5472054402842532,0.03251341443978112,-1.1866786700591714,-1.185970920492819,-1.1318442501882104
3030,-0.8395231998015908,0.8817216424333439,-1.4320155892949833,0.410284830166764,0.8031471793725382,-1.0996719906799632,0.05179833182808267,-0.8835809260295359,-0.8795243583487669,-0.7917526859716626
3031,0.4262812909024616,0.8817216424333439,1.1952052836879563,-1.2448467036897353,0.3145278355313812,-0.2046050914713833,0.2632949051692079,0.6408224336489251,0.5651522917589049,0.6394659801063115
3032,4.666726334761037,-0.751550405261657,0.6697611090913683,-0.8310638202256104,1.5011748134313383,1.1379952573414867,0.969133506879881,2.967543351052892,2.8678793158699216,3.1618117480457095
3033,-0.9661036488719961,0.8817216424333439,0.14431693449478036,0.410284830166764,-0.24389427171566183,-1.0996719906799632,0.04547627902034745,-1.061873716635204,-1.0633922956351987,-1.0751623228187863
3034,0.21531387578511957,-0.751550405261657,-0.9065714146983955,-0.8310638202256104,1.5011748134313383,1.1379952573414867,0.16750783615789194,0.3020661314981561,0.32875065810492254,0.4977611616827496
3035,1.0169900532310194,-1.5681864291091574,1.1952052836879563,1.6516334805591384,-1.5701467764273809,-0.6521385410756733,0.6097859002284439,1.2381032821779128,1.2480903445370775,1.0078985080075717
3036,0.46847477392593007,-0.751550405261657,1.7206494582845442,-0.8310638202256104,1.1521609964019384,-0.6521385410756733,0.18774903044148117,0.5605906778763746,0.6001747560039394,0.7244888711604479
3037,0.8482161211371456,0.06508561858584352,1.1952052836879563,-0.8310638202256104,0.035316781907857205,1.1379952573414867,0.24034425968230355,0.9974080148602605,0.9153769342092499,0.951216580638147
3038,-1.0082971318954645,0.8817216424333439,1.1952052836879563,1.6516334805591384,0.3145278355313812,-0.6521385410756733,0.04972639855495936,-1.2045079491197386,-1.2209933847378536,-1.1743556957152792
3039,0.8060226381136772,-1.5681864291091574,-1.4320155892949833,-0.0034980532973608127,0.5239361257490193,0.2429283581329067,0.20687456834723478,0.7923713056637428,0.8891100860254739,0.9087051351110781
3040,-0.14333072991436205,0.8817216424333439,-0.9065714146983955,0.410284830166764,0.035316781907857205,-1.5472054402842532,0.17632683419221165,0.14160261995305437,0.16239395294100842,0.15766959746620107
3041,0.4473780324141958,0.06508561858584352,-0.38112724010180754,-0.8310638202256104,-0.8023163789626999,1.5855287069457766,0.21032779046910693,0.6408224336489251,0.5651522917589049,0.4977611616827496
3042,0.784925896601943,0.06508561858584352,-0.38112724010180754,-0.8310638202256104,0.6635416525607812,-0.6521385410756733,0.2610635924135366,0.8993469800271436,0.8278207735966633,0.951216580638147
3043,-1.0293938734071988,0.8817216424333439,0.14431693449478036,0.410284830166764,-0.4533025619332999,-0.6521385410756733,0.03400095627689529,-1.2312518677105888,-1.1772153044315605,-1.231037623084704
3044,1.059183536254488,0.06508561858584352,1.1952052836879563,1.2378505970950135,-0.8721191423685809,1.1379952573414867,0.5876321521542793,1.140042247344795,1.1517785678632324,1.0078985080075717
3045,0.4473780324141958,0.06508561858584352,1.1952052836879563,-0.0034980532973608127,-0.4533025619332999,1.5855287069457766,0.16012325346650375,0.6764809917700587,0.5388854435751288,0.5402726072098178
3046,0.5528617399728669,0.8817216424333439,1.1952052836879563,1.6516334805591384,-0.24389427171566183,-0.6521385410756733,0.5124050363916485,0.738883468482042,0.7752870772291119,0.7103183893180921
3047,-0.37539488654343833,0.06508561858584352,-1.4320155892949833,1.6516334805591384,0.1749223087196192,-0.6521385410756733,0.1390851617701748,-0.22389760078856427,-0.27538685012192254,-0.22493341227741567
3048,-0.08004050537915937,0.8817216424333439,-1.4320155892949833,0.410284830166764,-0.17409150830978082,0.6904618077371967,0.18578335015672315,0.09702942230163755,0.10986025657345705,0.08681718825442046
3049,-0.9239101658485277,0.06508561858584352,-1.4320155892949833,0.410284830166764,0.1749223087196192,0.2429283581329067,0.05381713860702332,-1.0440444375746376,-1.045881063512681,-1.0184803954493615
3050,0.21531387578511957,0.06508561858584352,0.14431693449478036,-0.8310638202256104,-0.8023163789626999,0.6904618077371967,0.20990277851564576,0.4803589221038234,0.4163068187175084,0.3418858614168312
3051,-1.0082971318954645,0.8817216424333439,0.14431693449478036,0.410284830166764,-0.17409150830978082,-0.6521385410756733,0.03426658874780853,-1.1866786700591714,-1.1509484562477845,-1.1743556957152792
3052,2.6203424081228195,0.06508561858584352,1.1952052836879563,-0.8310638202256104,-0.31369703512154284,1.1379952573414867,0.6797003665728099,2.1830550723879525,2.097385102479164,2.0706846461842847
3053,1.7131825231182485,0.8817216424333439,-0.38112724010180754,0.410284830166764,-0.24389427171566183,-0.2046050914713833,0.586782128247357,1.5946888633892482,1.607070603048681,1.5463768180171062
3054,-0.7973297167781225,-0.751550405261657,0.14431693449478036,-1.2448467036897353,1.2917665232137003,-0.2046050914713833,0.049195133613132866,-0.8657516469689694,-0.9057912065325429,-0.7492412404445943
3055,-0.20662095444956474,-1.5681864291091574,-0.9065714146983955,0.410284830166764,1.0125554695901813,1.1379952573414867,0.16113265685597408,-0.10800728689488018,-0.15280822526430216,-0.012376184642073167
3056,-0.45978185259037524,0.8817216424333439,-1.4320155892949833,0.410284830166764,0.1051195453137382,-0.2046050914713833,0.1000903150401105,-0.35761719374281553,-0.3191649304282155,-0.3241267851739087
3057,-0.7340394922429198,-0.751550405261657,0.14431693449478036,0.8240677136308887,-2.8963992811391,2.2568288813522117,0.06077670934495032,-0.6072271005907509,-0.564322180143457,-0.8909460588681556
3058,0.8693128626488799,-0.751550405261657,-1.4320155892949833,-1.2448467036897353,1.7105831036489814,0.2429283581329067,0.3563725229772087,0.8191152242545933,0.7490202290453358,1.0078985080075717
3059,1.0169900532310194,-1.5681864291091574,0.14431693449478036,-1.2448467036897353,0.8729499427784192,-0.6521385410756733,0.34882856080327257,1.041981212511678,1.1342673357407154,1.2062852538005577
3060,-0.9872003903837303,0.06508561858584352,-1.4320155892949833,0.8240677136308887,-0.5231053253391809,-1.0996719906799632,0.05679222228125166,-1.0886176352260544,-1.1071703759414915,-1.1318442501882104
3061,-0.5652655601490462,-0.751550405261657,-0.38112724010180754,-0.4172809367614856,-0.38349979852741883,3.3756625053629365,0.0765021516230144,-0.5091660657576332,-0.4067210910408021,-0.4941725672821829
3062,-1.1981678055010725,0.8817216424333439,0.14431693449478036,1.6516334805591384,0.38433059893725724,-0.6521385410756733,0.02815704191680391,-1.5878374489219242,-1.509928714759388,-1.5002767780894712
3063,-0.7762329752663882,-1.5681864291091574,-1.4320155892949833,-1.2448467036897353,1.0125554695901813,-0.2046050914713833,0.05036391648515114,-0.7944345307267022,-0.8357462780424739,-0.7067297949175254
3064,0.4262812909024616,0.8817216424333439,-0.38112724010180754,-0.0034980532973608127,-0.31369703512154284,-0.2046050914713833,0.16362960208255858,0.6051638755277915,0.617685988126457,0.5686135708945302
3065,-0.20662095444956474,0.06508561858584352,0.14431693449478036,-0.8310638202256104,-0.03448598149801883,2.033062156550067,0.1119375232428412,-0.03669017065261294,-0.07400768071297392,-0.054887630169141416
3066,0.6583454475315381,0.8817216424333439,-0.9065714146983955,1.2378505970950135,0.24472507212550018,-1.0996719906799632,0.7747967911597514,0.801285945194026,0.7927983093516288,0.8236822440569416
3067,0.6583454475315381,0.06508561858584352,-0.38112724010180754,-0.8310638202256104,-0.17409150830978082,0.6904618077371967,0.22376879349731713,0.7834566661334595,0.7227533808615598,0.7244888711604479
3068,0.4473780324141958,-0.751550405261657,0.14431693449478036,0.410284830166764,1.5011748134313383,0.2429283581329067,0.34245338150135474,0.5873345964672243,0.5126185953913535,0.7386593530028038
3069,-1.050490614918933,0.8817216424333439,-0.38112724010180754,0.410284830166764,0.5239361257490193,-1.905232199967684,0.02581947617276736,-1.2847397048922888,-1.2209933847378536,-1.2026966593999917
3070,0.8060226381136772,0.8817216424333439,-1.4320155892949833,1.6516334805591384,-0.17409150830978082,-0.2046050914713833,0.6325240397386176,0.9528348172088437,0.8891100860254739,0.8945346532687222
3071,-1.1981678055010725,0.06508561858584352,-1.4320155892949833,1.6516334805591384,-0.5929080887450618,1.1379952573414867,0.036126016044201244,-1.5521788908007907,-1.5537067950656809,-1.5852996691436083
3072,-1.0926840979424013,0.8817216424333439,0.6697611090913683,1.6516334805591384,0.3145278355313812,-1.0996719906799632,0.026403867608776495,-1.3560568211345563,-1.3085495453504394,-1.2877195504541288
3073,-0.8395231998015908,0.06508561858584352,-1.4320155892949833,0.8240677136308887,0.5239361257490193,0.2429283581329067,0.05594219837432928,-0.9281541236809527,-0.888279974410026,-0.8484346133410873
3074,0.4473780324141958,0.06508561858584352,0.14431693449478036,-0.8310638202256104,-0.10428874490389983,0.2429283581329067,0.23460659831057748,0.5873345964672243,0.5826635238814225,0.5686135708945302
3075,-0.20662095444956474,-1.5681864291091574,0.6697611090913683,-1.2448467036897353,1.4313720500254572,-0.6521385410756733,0.10481857302236626,-0.1347512054857306,-0.10027452889675,0.044305742727351584
3076,-1.0293938734071988,0.8817216424333439,0.6697611090913683,0.8240677136308887,0.1051195453137382,-1.5472054402842532,0.0333634383467035,-1.2045079491197386,-1.2209933847378536,-1.1885261775576352
3077,2.0085369042825274,-0.751550405261657,-0.9065714146983955,-1.2448467036897353,1.4313720500254572,-0.2046050914713833,0.6862880518514584,1.6927498982223659,1.5720481388036465,1.8439569367065858
3078,0.5739584814846012,-1.5681864291091574,-0.38112724010180754,1.6516334805591384,-0.31369703512154284,-0.6521385410756733,0.3586569622270626,0.7210541894214756,0.7490202290453358,0.6961479074757362
3079,2.5570521835876163,-1.5681864291091574,0.6697611090913683,0.410284830166764,0.5239361257490193,1.5855287069457766,0.8327577963130213,1.9958476422520013,2.0098289418665765,2.0706846461842847
3080,-1.0293938734071988,0.8817216424333439,0.14431693449478036,0.8240677136308887,0.035316781907857205,-0.6521385410756733,0.03692291345694098,-1.2490811467711553,-1.2034821526153359,-1.2168671412423475
3081,0.8693128626488799,0.06508561858584352,0.6697611090913683,-1.2448467036897353,0.38433059893725724,0.6904618077371967,0.2951708016787972,0.9617494567391269,0.9066213181479907,0.97955754432286
3082,0.4262812909024616,-0.751550405261657,-1.4320155892949833,1.2378505970950135,1.1521609964019384,0.6904618077371967,0.44408436487276204,0.4803589221038234,0.44257366690128447,0.6536364619486673
3083,-1.050490614918933,0.8817216424333439,-0.9065714146983955,-1.2448467036897353,-0.24389427171566183,-0.6521385410756733,0.03766668437549806,-1.2312518677105888,-1.2385046168603704,-1.24520810492706
3084,-0.1011372468908936,0.8817216424333439,-1.4320155892949833,0.410284830166764,-0.03448598149801883,-0.6521385410756733,0.16734845667534398,0.11485870136220476,0.09234902445093941,0.10098767009677634
3085,1.5444085910243748,0.06508561858584352,0.6697611090913683,0.8240677136308887,0.4541333623431382,0.6904618077371967,0.5699941560856399,1.3985667937230135,1.4056914336397324,1.4613539269629696
3086,-1.0293938734071988,0.8817216424333439,1.1952052836879563,0.8240677136308887,0.1051195453137382,-1.0996719906799632,0.039791744142804016,-1.2134225886500216,-1.2034821526153359,-1.1885261775576352
3087,2.578148925099351,-0.751550405261657,0.6697611090913683,-1.2448467036897353,1.7803858670548574,-0.6521385410756733,0.7058386017106731,1.8888719678886003,1.9748064776215428,2.19821898276549
3088,0.4473780324141958,0.8817216424333439,1.1952052836879563,0.410284830166764,-1.430541249615619,-0.2046050914713833,0.3200340009562769,0.6764809917700587,0.617685988126457,0.4552497161556807
3089,-1.0082971318954645,-0.751550405261657,-0.38112724010180754,-0.8310638202256104,1.0125554695901813,-1.0996719906799632,0.02087871221378101,-1.240166507240872,-1.2034821526153359,-1.1176737683458546
3090,0.4262812909024616,-1.5681864291091574,0.14431693449478036,0.410284830166764,-2.128568883674419,2.033062156550067,0.3149869840089253,0.6943102708306251,0.7577758451065942,0.44107923431332485
3091,0.4262812909024616,-0.751550405261657,-1.4320155892949833,0.8240677136308887,-0.8023163789626999,2.4805956061543566,0.3624289433140307,0.4892735616341074,0.6001747560039394,0.44107923431332485
3092,-1.050490614918933,0.8817216424333439,-0.9065714146983955,-1.2448467036897353,-0.5231053253391809,-0.6521385410756733,0.03766668437549806,-1.2134225886500216,-1.212237768676595,-1.24520810492706
3093,-0.1644274714260963,0.8817216424333439,0.14431693449478036,1.2378505970950135,0.035316781907857205,-0.2046050914713833,0.27020134941295226,-0.0010316125314793153,0.022304095960870397,0.015964779042639207
3094,1.6287955570713115,0.06508561858584352,-0.38112724010180754,0.8240677136308887,-0.8721191423685809,1.5855287069457766,0.5806725814163524,1.6660059796315154,1.5545369066811288,1.4613539269629696
3095,-1.0082971318954645,-1.5681864291091574,0.14431693449478036,0.410284830166764,-0.6627108521509428,0.2429283581329067,0.03426658874780853,-1.1777640305288881,-1.1334372241252668,-1.2026966593999917
3096,-0.9872003903837303,0.8817216424333439,0.6697611090913683,-0.4172809367614856,0.1749223087196192,-1.5472054402842532,0.035860383573287996,-1.1331908328774714,-1.0984147598802323,-1.0893328046611421
3097,-0.7340394922429198,-0.751550405261657,1.1952052836879563,0.8240677136308887,-2.5473854641097,1.675035396866636,0.06130797428677682,-0.6339710191816014,-0.5818334122659738,-0.8626050951834432
3098,-1.0082971318954645,0.06508561858584352,0.14431693449478036,0.410284830166764,-0.4533025619332999,0.2429283581329067,0.043988737183233276,-1.1688493909986049,-1.1772153044315605,-1.2026966593999917
3099,0.5528617399728669,0.8817216424333439,0.6697611090913683,-0.8310638202256104,-0.24389427171566183,-0.2046050914713833,0.20065876852786485,0.7477981080123259,0.7840426932903704,0.7244888711604479
3100,0.4473780324141958,-0.751550405261657,0.14431693449478036,1.6516334805591384,-1.0117246691803428,2.033062156550067,0.4593847951973649,0.6586517127094915,0.7052421487390429,0.5402726072098178
3101,-0.1011372468908936,0.8817216424333439,-1.4320155892949833,0.410284830166764,-1.081527432586219,-0.2046050914713833,0.1666046857567869,0.177261178074188,0.14488272081849157,0.03013526088499571
3102,-1.050490614918933,0.06508561858584352,-0.9065714146983955,0.410284830166764,0.1749223087196192,0.2429283581329067,0.04839823620039314,-1.2579957863014386,-1.2647714650441464,-1.231037623084704
3103,-1.0082971318954645,0.8817216424333439,0.6697611090913683,0.410284830166764,-1.0117246691803428,-0.6521385410756733,0.03060086064920576,-1.1421054724077544,-1.1334372241252668,-1.2168671412423475
3104,-0.20662095444956474,0.8817216424333439,0.6697611090913683,-1.2448467036897353,-0.9419219057744619,-0.2046050914713833,0.13935079424108804,0.0167976665290871,0.04857094414464647,-0.0690581120114973
3105,0.46847477392593007,0.8817216424333439,-0.38112724010180754,-1.2448467036897353,0.035316781907857205,-0.2046050914713833,0.24215056048451364,0.6675663522397756,0.5914191399426809,0.6252954982639549
3106,-0.6285557846842488,-1.5681864291091574,-1.4320155892949833,0.8240677136308887,-1.919160593456781,1.1379952573414867,0.09594644849386388,-0.48242214716678283,-0.45049917134709505,-0.6642183493904572
3107,-0.6074590431725145,0.8817216424333439,0.14431693449478036,0.410284830166764,0.8031471793725382,-0.2046050914713833,0.08962439568612868,-0.5537392634090501,-0.564322180143457,-0.46583160359747056
3108,0.8482161211371456,-1.5681864291091574,0.14431693449478036,0.410284830166764,0.8031471793725382,-0.2046050914713833,0.49572331721829677,0.9350055381482772,0.8540876217804394,0.9937280261652158
3109,0.4473780324141958,0.8817216424333439,-0.38112724010180754,-1.2448467036897353,-0.9419219057744619,0.2429283581329067,0.2666950007968974,0.685395631300342,0.7052421487390429,0.5686135708945302
3110,-0.8395231998015908,0.06508561858584352,1.1952052836879563,0.410284830166764,0.1051195453137382,0.2429283581329067,0.04000425011953461,-0.8835809260295359,-0.8532575101649915,-0.8484346133410873
3111,0.6794421890432724,0.06508561858584352,-1.4320155892949833,-0.0034980532973608127,-0.5231053253391809,0.6904618077371967,0.21324974764915264,0.8993469800271436,0.845332005719181,0.7953412803722286
3112,-0.6285557846842488,0.06508561858584352,-0.9065714146983955,-1.2448467036897353,0.8729499427784192,1.1379952573414867,0.08436487276204643,-0.5983124610604676,-0.6168558765110084,-0.5083430491245388
3113,-0.24881443747303295,-0.751550405261657,0.14431693449478036,-1.2448467036897353,-2.5473854641097,1.1379952573414867,0.1101843489348138,0.06137086418050393,0.15363833687975,-0.1965924485927033
3114,1.5233118495126405,-0.751550405261657,1.1952052836879563,-0.8310638202256104,0.8729499427784192,1.5855287069457766,0.4398873718323328,1.3539935960715968,1.353157737272181,1.4755244088053256
3115,1.0380867947427537,0.8817216424333439,0.14431693449478036,-0.8310638202256104,-0.7325136155568189,0.2429283581329067,0.35924135366307175,1.1311276078145118,1.16928979998575,1.0362394716922834
3116,0.23641061729685378,-0.751550405261657,1.1952052836879563,-1.2448467036897353,-2.826596517733219,0.2429283581329067,0.2865643096212081,0.5338467592855243,0.5826635238814225,0.18601056115091347
3117,0.4262812909024616,0.06508561858584352,-0.9065714146983955,-1.2448467036897353,0.1749223087196192,0.2429283581329067,0.24990702863518036,0.6051638755277915,0.48635174720757746,0.5686135708945302
3118,0.9115063456723483,-0.751550405261657,1.1952052836879563,-1.2448467036897353,0.9427527061843003,-0.6521385410756733,0.34771290442543695,0.9350055381482772,0.9416437823930253,1.0645804353769965
3119,-0.9661036488719961,0.8817216424333439,-1.4320155892949833,1.2378505970950135,0.3145278355313812,-0.6521385410756733,0.05758911969399139,-1.1331908328774714,-1.1334372241252668,-1.0893328046611421
3120,-1.0293938734071988,0.8817216424333439,-0.9065714146983955,-1.2448467036897353,0.8729499427784192,-1.5472054402842532,0.038888593741698986,-1.2312518677105888,-1.2385046168603704,-1.146014732030567
3121,0.6583454475315381,-1.5681864291091574,-1.4320155892949833,-0.8310638202256104,-1.221132959397981,1.5855287069457766,0.22153748074164586,0.8280298637848764,0.8540876217804394,0.6678069437910232
3122,0.8904096041606141,-1.5681864291091574,0.6697611090913683,0.410284830166764,-1.5003440130215,0.2429283581329067,0.3410189661584232,1.086554410163095,1.0904892554344225,0.8661936895840104
3123,0.4262812909024616,1.6983576662808442,1.1952052836879563,1.6516334805591384,2.618019027925419,-1.5472054402842532,0.2618073633320937,0.5071028406946738,0.4250624347787669,0.7953412803722286
3124,0.4473780324141958,-0.751550405261657,-0.9065714146983955,0.410284830166764,1.7105831036489814,1.1379952573414867,0.32226531371194816,0.524932119755241,0.5388854435751288,0.752829834845161
3125,0.8060226381136772,0.06508561858584352,1.7206494582845442,0.410284830166764,0.7333444159666572,0.6904618077371967,0.2078839717367051,0.9350055381482772,0.8365763896579225,0.97955754432286
3126,-0.5652655601490462,-0.751550405261657,-1.4320155892949833,-0.8310638202256104,1.0125554695901813,-1.5472054402842532,0.06061732986240238,-0.5091660657576332,-0.4767660195308704,-0.3808087125433334
3127,-0.6074590431725145,-1.5681864291091574,1.1952052836879563,0.8240677136308887,0.8031471793725382,0.2429283581329067,0.08797747436646655,-0.6072271005907509,-0.5555665640821986,-0.4941725672821829
3128,0.21531387578511957,0.06508561858584352,-0.38112724010180754,0.410284830166764,-0.38349979852741883,1.5855287069457766,0.20241194283589226,0.4268710849221234,0.3550175062886978,0.3418858614168312
3129,-0.9239101658485277,0.06508561858584352,1.1952052836879563,0.8240677136308887,-1.430541249615619,0.6904618077371967,0.03856983477660309,-0.99947123992322,-0.9583249029000951,-1.1035032865034986
3130,-0.45978185259037524,-0.751550405261657,1.1952052836879563,-1.2448467036897353,1.2219637598078192,-0.6521385410756733,0.0687988099665303,-0.40219039139423235,-0.34543177861199154,-0.23910389411977154
3131,-1.0715873564306673,0.8817216424333439,1.1952052836879563,-0.4172809367614856,-0.31369703512154284,-0.6521385410756733,0.03830420230568985,-1.3114836234831393,-1.2647714650441464,-1.3018900322964846
3132,-0.4808785941021094,0.06508561858584352,0.14431693449478036,-1.2448467036897353,-0.7325136155568189,0.2429283581329067,0.0834617223609414,-0.33087327515196513,-0.3629430107345084,-0.4233201580704017
3133,0.5106682569493985,-1.5681864291091574,1.7206494582845442,-0.8310638202256104,0.7333444159666572,-0.2046050914713833,0.1837645433777825,0.6319077941186418,0.6702196844940084,0.7386593530028038
3134,0.21531387578511957,-1.5681864291091574,0.14431693449478036,-0.8310638202256104,-0.31369703512154284,1.1379952573414867,0.18424268182542633,0.40012716633127293,0.4250624347787669,0.3702268251015436
3135,-0.1855242129378305,-1.5681864291091574,1.1952052836879563,-1.2448467036897353,0.24472507212550018,0.2429283581329067,0.11719704616692345,-0.045604810182896936,-0.012718368284164113,0.0017942972002833347
3136,-0.9450069073602619,0.8817216424333439,1.1952052836879563,-0.4172809367614856,0.38433059893725724,-1.0996719906799632,0.05546405992668544,-1.0975322747563376,-1.0633922956351987,-1.0326508772917173
3137,-0.8184264582898567,0.06508561858584352,-1.4320155892949833,0.8240677136308887,-0.9419219057744619,0.2429283581329067,0.061254847792594165,-0.8122638097872686,-0.8357462780424739,-0.9051165407105121
3138,0.5106682569493985,0.8817216424333439,0.6697611090913683,0.410284830166764,0.035316781907857205,-1.0996719906799632,0.27848908250544546,0.685395631300342,0.7052421487390429,0.6961479074757362
3139,1.9241499382355902,0.06508561858584352,-0.9065714146983955,-0.8310638202256104,-0.8023163789626999,1.1379952573414867,0.7079105349837964,1.8086402121160499,1.7121379957837843,1.6172292272288868
3140,0.8482161211371456,-1.5681864291091574,-0.38112724010180754,-1.2448467036897353,0.5239361257490193,0.6904618077371967,0.31976836848536366,0.8280298637848764,0.8628432378416978,0.9087051351110781
3141,1.6287955570713115,-1.5681864291091574,-0.9065714146983955,-1.2448467036897353,-1.988963356862662,0.2429283581329067,0.6745470966370929,1.6392620610406659,1.6596042994162323,1.3338195903817645
3142,-1.155974322477604,-0.751550405261657,-1.4320155892949833,1.6516334805591384,0.9427527061843003,-0.6521385410756733,0.03060086064920576,-1.5432642512705075,-1.4749062505143535,-1.4152538870353342
3143,2.578148925099351,0.06508561858584352,0.6697611090913683,-0.8310638202256104,0.8031471793725382,1.1379952573414867,0.7432927801094406,2.067164758494269,1.9923177097440596,2.1415370553960655
3144,-0.1644274714260963,-0.751550405261657,0.14431693449478036,0.410284830166764,-0.4533025619332999,1.1379952573414867,0.14370716676406525,-0.009946252061763314,0.022304095960870397,-0.040717148326785545
3145,-0.016750280843956692,-1.5681864291091574,0.14431693449478036,-0.8310638202256104,0.5937388891549003,-0.2046050914713833,0.1410508420549328,0.09702942230163755,0.10986025657345705,0.17184007930855758
3146,-0.8395231998015908,0.8817216424333439,-1.4320155892949833,-1.2448467036897353,0.5239361257490193,-0.2046050914713833,0.03756043138713276,-0.9192394841506695,-0.8707687422875084,-0.8342641314987308
3147,0.5950552229963354,-1.5681864291091574,-0.38112724010180754,0.410284830166764,0.8031471793725382,0.6904618077371967,0.2929926154173086,0.6586517127094915,0.7227533808615598,0.7953412803722286
3148,-0.2910079204965014,-0.751550405261657,0.14431693449478036,0.410284830166764,-0.17409150830978082,1.4960220170249174,0.12086277426552622,-0.161495124076581,-0.11778576101926763,-0.1540810030656344
3149,-0.7762329752663882,-0.751550405261657,0.6697611090913683,0.410284830166764,-2.617188227515581,-0.2046050914713833,0.036976039951123627,-0.6874588563633014,-0.6343671086335261,-0.9192870225528679
3150,-0.9450069073602619,-1.5681864291091574,-1.4320155892949833,-1.2448467036897353,0.8031471793725382,0.2429283581329067,0.03261966742814642,-1.115361553816904,-1.0633922956351987,-1.004309913607005
3151,-0.20662095444956474,0.8817216424333439,-0.38112724010180754,1.2378505970950135,-0.10428874490389983,-0.2046050914713833,0.1501885990543484,-0.03669017065261294,0.0047928638383535295,-0.026546666484429042
3152,-1.1137808394541355,0.8817216424333439,0.14431693449478036,1.6516334805591384,-1.221132959397981,2.033062156550067,0.0309727461084843,-1.3560568211345563,-1.326060777472957,-1.4294243688776906
3153,0.8482161211371456,-1.5681864291091574,0.6697611090913683,-1.2448467036897353,1.0823582329960573,-0.2046050914713833,0.24990702863518036,0.86368842190601,0.8103095414741465,0.97955754432286
3154,-0.03784702235569092,0.8817216424333439,0.6697611090913683,0.8240677136308887,0.1051195453137382,-0.6521385410756733,0.1649577644371248,0.1594318990136216,0.17990518506352607,0.18601056115091347
3155,0.4473780324141958,-1.5681864291091574,-1.4320155892949833,0.410284830166764,-0.5929080887450618,-0.2046050914713833,0.33995643627477024,0.6051638755277915,0.6439528363102324,0.5402726072098178
3156,-1.0293938734071988,0.8817216424333439,-0.38112724010180754,1.2378505970950135,-0.6627108521509428,-1.0996719906799632,0.05004515752005525,-1.1688493909986049,-1.1772153044315605,-1.2168671412423475
3157,1.5022151080009063,0.8817216424333439,1.1952052836879563,0.8240677136308887,-0.03448598149801883,-1.5472054402842532,0.7341018966158424,1.4520546309047144,1.466980746068543,1.4471834451206125
3158,0.4473780324141958,-1.5681864291091574,0.14431693449478036,-0.8310638202256104,-1.8493578300509,-0.2046050914713833,0.22865643096212082,0.7477981080123259,0.7752870772291119,0.5119316435251055
3159,-0.1855242129378305,0.06508561858584352,0.14431693449478036,0.410284830166764,0.1051195453137382,0.6904618077371967,0.14269776337459492,0.0167976665290871,-0.012718368284164113,0.015964779042639207
3160,-0.5441688186373119,0.8817216424333439,1.1952052836879563,-0.8310638202256104,0.035316781907857205,-1.5472054402842532,0.06019231790894119,-0.4467635890456492,-0.424232323163319,-0.4233201580704017
3161,-0.41758836956690676,0.8817216424333439,-1.4320155892949833,0.410284830166764,-0.38349979852741883,-0.6521385410756733,0.11629389576581842,-0.2506415193794147,-0.2578756179994049,-0.2957858214891963
3162,-1.0293938734071988,-1.5681864291091574,-1.4320155892949833,0.410284830166764,-0.10428874490389983,0.6904618077371967,0.036126016044201244,-1.2579957863014386,-1.212237768676595,-1.231037623084704
3163,-0.9661036488719961,-1.5681864291091574,1.1952052836879563,0.410284830166764,-0.38349979852741883,2.033062156550067,0.031663390532858736,-1.1510201119380377,-1.0984147598802323,-1.146014732030567
3164,-0.8395231998015908,0.06508561858584352,1.7206494582845442,0.8240677136308887,-0.7325136155568189,1.1379952573414867,0.0430324602879456,-0.8390077283781191,-0.8532575101649915,-0.9051165407105121
3165,-0.1644274714260963,-1.5681864291091574,1.1952052836879563,-1.2448467036897353,0.7333444159666572,0.6904618077371967,0.12033150932369972,-0.03669017065261294,0.0047928638383535295,0.07264670641206396
3166,0.48957151543766425,-1.5681864291091574,1.1952052836879563,0.410284830166764,0.3145278355313812,-0.2046050914713833,0.3605163895234553,0.6229931545883579,0.6351972202489738,0.6678069437910232
3167,-0.20662095444956474,-0.751550405261657,0.14431693449478036,-1.2448467036897353,-2.826596517733219,3.3756625053629365,0.11512511289380013,0.04354158511993751,-0.012718368284164113,-0.3099563033315528
3168,0.8693128626488799,-0.751550405261657,-0.38112724010180754,-1.2448467036897353,-2.477582700703819,0.2429283581329067,0.3199277479679116,1.1132983287539453,1.1167561036181979,0.752829834845161
3169,0.9536998286958168,0.8817216424333439,0.6697611090913683,0.8240677136308887,-0.10428874490389983,-0.6521385410756733,0.39765180895712693,1.0508958520419613,1.0642224072506465,1.0362394716922834
3170,1.481118366489172,0.06508561858584352,-0.9065714146983955,-0.8310638202256104,0.1051195453137382,0.2429283581329067,0.4594910481857302,1.4342253518441472,1.3444021212109216,1.390501517751188
3171,1.67098904009478,-1.5681864291091574,1.7206494582845442,0.410284830166764,0.8031471793725382,0.28768170309333635,0.45295648940126443,1.478798549495564,1.5020032103135774,1.588888263544175
3172,-0.6285557846842488,0.8817216424333439,-0.9065714146983955,0.410284830166764,-0.4533025619332999,-0.2046050914713833,0.11916272645168145,-0.5537392634090501,-0.5292997158984225,-0.57919545833632
3173,-1.050490614918933,0.06508561858584352,0.6697611090913683,1.6516334805591384,0.035316781907857205,0.2429283581329067,0.027944535940073314,-1.293654344422572,-1.2297490007991119,-1.24520810492706
3174,-0.7762329752663882,0.8817216424333439,-1.4320155892949833,-1.2448467036897353,-0.38349979852741883,-0.5626318511548141,0.04266057482866706,-0.7676906121358518,-0.7394345013686295,-0.777582204129306
3175,-0.1855242129378305,0.8817216424333439,-0.38112724010180754,-0.4172809367614856,-0.4533025619332999,-0.6521385410756733,0.17478616586091483,0.007883026998803893,0.03981532808338804,-0.026546666484429042
3176,-1.1348775809658698,0.8817216424333439,0.14431693449478036,1.2378505970950135,-0.10428874490389983,-0.2046050914713833,0.03182277001540668,-1.4719471350282403,-1.4311281702080605,-1.4435948507200465
3177,-1.050490614918933,0.8817216424333439,0.14431693449478036,0.410284830166764,0.1749223087196192,-1.0996719906799632,0.03214152898050258,-1.2669104258317225,-1.2297490007991119,-1.2168671412423475
3178,-0.12223398840262782,-1.5681864291091574,-0.9065714146983955,-0.8310638202256104,-0.17409150830978082,0.6904618077371967,0.14556659406045794,0.05245622465022072,0.07483779232842254,0.044305742727351584
3179,0.8482161211371456,0.8817216424333439,1.7206494582845442,0.8240677136308887,-0.31369703512154284,-0.6521385410756733,0.29400201880677895,0.9795787357996941,0.9941774787605774,0.937046098795791
3180,1.5233118495126405,-1.5681864291091574,1.1952052836879563,0.410284830166764,0.4541333623431382,-0.6521385410756733,0.5893321999681241,1.36290823560188,1.4232026657622499,1.4471834451206125
3181,0.6583454475315381,0.8817216424333439,0.6697611090913683,-1.2448467036897353,0.3145278355313812,-0.6521385410756733,0.2597885565531531,0.7923713056637428,0.8015539254128881,0.8378527258992975
3182,-1.1137808394541355,0.8817216424333439,-0.9065714146983955,1.2378505970950135,-0.03448598149801883,-0.2046050914713833,0.031132125591032248,-1.400630018785973,-1.343572009595474,-1.3585719596659094
3183,-0.5019753356138434,0.06508561858584352,1.1952052836879563,0.8240677136308887,-0.8721191423685809,0.6904618077371967,0.10173723635977262,-0.3754464728033827,-0.4154767071020606,-0.4800020854398264
3184,-0.1855242129378305,0.8817216424333439,-1.4320155892949833,0.8240677136308887,0.4541333623431382,-0.2046050914713833,0.17818626148860436,-0.054519449713180144,-0.021473984345422546,0.015964779042639207
3185,-0.8606199413133251,-1.5681864291091574,-0.38112724010180754,1.2378505970950135,-0.17409150830978082,-0.6521385410756733,0.049195133613132866,-0.9192394841506695,-0.8795243583487669,-0.9051165407105121
3186,-0.016750280843956692,0.8817216424333439,0.6697611090913683,-1.2448467036897353,-0.10428874490389983,-0.6521385410756733,0.14641661796738034,0.1950904571347552,0.20617203324730138,0.18601056115091347
3187,-0.8184264582898567,0.8817216424333439,-0.9065714146983955,0.410284830166764,0.4541333623431382,-1.0996719906799632,0.057164107740530205,-0.8390077283781191,-0.8532575101649915,-0.7917526859716626
3188,-0.8817166828250593,0.8817216424333439,1.1952052836879563,-1.2448467036897353,-0.10428874490389983,-0.6521385410756733,0.051479572862986774,-0.9370687632112367,-0.9670805189613535,-0.9617984680799367
3189,0.6583454475315381,-1.5681864291091574,0.14431693449478036,1.6516334805591384,-1.639949539833262,0.2429283581329067,0.6189236572278596,0.8993469800271436,0.9241325502705084,0.681977425633379
3190,0.9115063456723483,0.8817216424333439,0.6697611090913683,-0.8310638202256104,0.38433059893725724,-1.0996719906799632,0.25357275673378316,0.9974080148602605,0.9503993984542844,1.0220689898499276
3191,0.046539943691245755,0.06508561858584352,-1.4320155892949833,0.410284830166764,-1.430541249615619,1.5855287069457766,0.19640864899325294,0.3109807710284393,0.26746134567611196,0.11515815193913284
3192,1.903053196723856,-0.751550405261657,-0.38112724010180754,-0.8310638202256104,1.2917665232137003,-0.6521385410756733,0.4311215002921957,1.585774223858965,1.5983149869874218,1.7731045274948052
3193,0.21531387578511957,-1.5681864291091574,-1.4320155892949833,-0.8310638202256104,0.4541333623431382,-0.2046050914713833,0.19454922169686023,0.3555539686798561,0.3812843544724739,0.4269087524709683
3194,-0.5019753356138434,-1.5681864291091574,1.1952052836879563,1.6516334805591384,-0.24389427171566183,-0.2046050914713833,0.10678425330712427,-0.4200196704547996,-0.3629430107345084,-0.40914967622804577
3195,-0.20662095444956474,-1.5681864291091574,0.14431693449478036,-1.2448467036897353,1.2219637598078192,-0.6521385410756733,0.12755671253253997,-0.1347512054857306,-0.06525206465171549,0.044305742727351584
3196,-0.6285557846842488,-1.5681864291091574,-1.4320155892949833,0.410284830166764,-0.31369703512154284,0.2429283581329067,0.08627742655262179,-0.5983124610604676,-0.5380553319596809,-0.5933659401786759
3197,-1.0293938734071988,0.8817216424333439,-0.9065714146983955,0.410284830166764,0.24472507212550018,-1.0996719906799632,0.038994846730064286,-1.2669104258317225,-1.2385046168603704,-1.2168671412423475
3198,1.7131825231182485,0.8817216424333439,1.1952052836879563,0.410284830166764,0.3145278355313812,-0.6521385410756733,0.5058173511130001,1.6392620610406659,1.5457812906198702,1.631399709071244
3199,-0.3542981450317041,0.06508561858584352,-1.4320155892949833,-1.2448467036897353,-0.31369703512154284,0.2429283581329067,0.10205599532486852,-0.14366584501601382,-0.18783068950933665,-0.1965924485927033
3200,-0.8395231998015908,0.06508561858584352,-1.4320155892949833,-0.8310638202256104,-0.24389427171566183,0.6904618077371967,0.0454231525261648,-0.8746662864992527,-0.9057912065325429,-0.9051165407105121
3201,-1.050490614918933,0.8817216424333439,-1.4320155892949833,1.6516334805591384,0.035316781907857205,-0.6521385410756733,0.04191680391010997,-1.2669104258317225,-1.2297490007991119,-1.231037623084704
3202,-0.20662095444956474,0.8817216424333439,0.6697611090913683,-1.2448467036897353,0.5937388891549003,-0.6521385410756733,0.11618764277745311,-0.06343408924346336,-0.03898521646793941,0.015964779042639207
3203,0.9536998286958168,0.8817216424333439,1.1952052836879563,-0.8310638202256104,-0.17409150830978082,-0.6521385410756733,0.33469691335068796,1.1311276078145118,1.0379555590668703,1.0504099535346405
3204,2.7047293741697565,0.06508561858584352,-0.38112724010180754,-0.8310638202256104,0.7333444159666572,1.1379952573414867,0.6723157838814217,2.1295672352062516,2.0098289418665765,2.1698780190807785
3205,-1.1348775809658698,-1.5681864291091574,0.14431693449478036,1.2378505970950135,-0.31369703512154284,0.2429283581329067,0.029857089730648673,-1.4273739373768235,-1.3785944738405085,-1.4152538870353342
3206,-1.1981678055010725,-1.5681864291091574,-0.38112724010180754,-0.4172809367614856,1.5011748134313383,-1.0996719906799632,0.01960367635339744,-1.6413252861036247,-1.6062404914332327,-1.4861062962471148
3207,-0.20662095444956474,-1.5681864291091574,0.14431693449478036,0.8240677136308887,0.1749223087196192,-0.2046050914713833,0.14917919566487808,-0.08126336830403057,-0.021473984345422546,-0.026546666484429042
3208,0.700538930555006,0.8817216424333439,1.1952052836879563,-0.8310638202256104,-0.31369703512154284,-0.2046050914713833,0.25033204058864156,0.8904323404968605,0.8190651575354049,0.8095117622145858
3209,-0.9872003903837303,0.06508561858584352,0.14431693449478036,-1.2448467036897353,-0.5929080887450618,0.6904618077371967,0.029219571800456888,-1.1688493909986049,-1.1246816080640083,-1.1885261775576352
3210,-0.649652526195983,-1.5681864291091574,0.14431693449478036,-1.2448467036897353,0.5239361257490193,-0.2046050914713833,0.05928916750783616,-0.6607149377724509,-0.6256114925722677,-0.57919545833632
3211,-0.5863623016607803,0.8817216424333439,1.1952052836879563,-1.2448467036897353,-0.38349979852741883,-1.0996719906799632,0.08898687775593689,-0.4735075076364996,-0.44174355528583586,-0.4941725672821829
3212,2.894600047775364,-1.5681864291091574,-0.38112724010180754,-0.8310638202256104,-2.058766120268543,2.033062156550067,0.77697497742124,2.4504942582964553,2.447609744929508,2.0706846461842847
3213,0.5528617399728669,-1.5681864291091574,-0.38112724010180754,-0.8310638202256104,0.7333444159666572,-0.2046050914713833,0.23226903256654094,0.6764809917700587,0.731508996922819,0.7953412803722286
3214,0.48957151543766425,0.06508561858584352,-0.9065714146983955,-0.8310638202256104,0.38433059893725724,0.2429283581329067,0.19523986612123467,0.685395631300342,0.5826635238814225,0.6961479074757362
3215,-0.8395231998015908,0.8817216424333439,0.14431693449478036,0.8240677136308887,0.035316781907857205,-1.0996719906799632,0.05158582585135207,-0.8657516469689694,-0.8357462780424739,-0.8342641314987308
3216,-0.20662095444956474,0.8817216424333439,1.1952052836879563,1.6516334805591384,-0.6627108521509428,-0.6521385410756733,0.17027041385538969,0.0167976665290871,0.04857094414464647,-0.040717148326785545
3217,-0.5019753356138434,0.8817216424333439,1.1952052836879563,1.2378505970950135,0.1749223087196192,-0.6521385410756733,0.11698454019019285,-0.40219039139423235,-0.38045424285702606,-0.36663823070097756
3218,-0.8395231998015908,0.8817216424333439,0.6697611090913683,1.6516334805591384,-0.24389427171566183,-0.6521385410756733,0.06587685278648461,-0.8657516469689694,-0.8269906619812155,-0.8626050951834432
3219,2.746922857193225,1.6983576662808442,0.14431693449478036,-0.8310638202256104,-1.5701467764273809,5.1657963037800965,0.8769059129788025,2.33460394440277,2.202452495214267,1.9856617551301483
3220,-0.05894376386742515,-1.5681864291091574,0.6697611090913683,0.8240677136308887,0.3145278355313812,0.6904618077371967,0.1424852573978643,0.08811478277135434,0.10110464051219785,0.1293286337814887
3221,0.7638291550902088,0.8817216424333439,1.1952052836879563,-0.4172809367614856,-1.2909357228038618,-0.2046050914713833,0.5508154916857037,0.9974080148602605,1.0467111751281288,0.8378527258992975
3222,-0.41758836956690676,0.06508561858584352,-0.9065714146983955,-1.2448467036897353,-0.9419219057744619,1.1379952573414867,0.10604048238856718,-0.22389760078856427,-0.2578756179994049,-0.33829726701626517
3223,2.5359554420758825,1.6983576662808442,-0.38112724010180754,-0.8310638202256104,1.9199913938666193,-0.6521385410756733,0.6191892896987727,1.9601890841308676,1.860983468825181,2.19821898276549
3224,-0.7973297167781225,0.8817216424333439,0.14431693449478036,1.6516334805591384,0.3145278355313812,-0.6521385410756733,0.06486744939701429,-0.8122638097872686,-0.8269906619812155,-0.777582204129306
3225,-0.5863623016607803,0.8817216424333439,-0.9065714146983955,0.410284830166764,0.5937388891549003,-1.0996719906799632,0.10194974233650321,-0.5269953448182004,-0.5380553319596809,-0.46583160359747056
3226,-1.050490614918933,0.06508561858584352,-0.38112724010180754,-0.8310638202256104,-0.5929080887450618,0.6904618077371967,0.01955054985921479,-1.2579957863014386,-1.212237768676595,-1.2735490686117723
3227,-0.5019753356138434,0.8817216424333439,-1.4320155892949833,0.410284830166764,0.1051195453137382,-0.6521385410756733,0.09663709291823833,-0.4111050309245164,-0.3629430107345084,-0.36663823070097756
3228,-1.0293938734071988,0.8817216424333439,-0.9065714146983955,0.410284830166764,0.3145278355313812,-1.5472054402842532,0.05004515752005525,-1.240166507240872,-1.2472602329216296,-1.2026966593999917
3229,0.02544320217951176,-0.751550405261657,-0.9065714146983955,-1.2448467036897353,1.6407803402430954,-1.5472054402842532,0.1765924666631249,0.1683465385439048,0.19741641718604294,0.38439730694390006
3230,-1.261458030036275,0.06508561858584352,-1.4320155892949833,0.410284830166764,-1.360738486209743,2.033062156550067,0.019497423365032143,-1.730471681406459,-1.7200635002295945,-1.8120273786213075
3231,-0.03784702235569092,0.8817216424333439,0.14431693449478036,-1.2448467036897353,-0.4533025619332999,-0.6521385410756733,0.1552887424958827,0.186175817604472,0.2149276493085606,0.1434991156238452
3232,-0.20662095444956474,0.06508561858584352,0.14431693449478036,-1.2448467036897353,0.1051195453137382,0.2429283581329067,0.11847208202730702,-0.03669017065261294,0.0047928638383535295,0.0017942972002833347
3233,-0.5441688186373119,0.8817216424333439,1.1952052836879563,1.2378505970950135,-0.10428874490389983,-1.0996719906799632,0.10843117462678638,-0.4556782285759332,-0.43298793922457746,-0.451661121755114
3234,-0.6285557846842488,-1.5681864291091574,-1.4320155892949833,-0.8310638202256104,-0.24389427171566183,0.2429283581329067,0.06130797428677682,-0.5715685424696173,-0.5468109480209394,-0.57919545833632
3235,0.9326030871840826,0.8817216424333439,-0.38112724010180754,1.2378505970950135,0.1051195453137382,-1.0996719906799632,0.46182861392976676,0.9974080148602605,1.029199943005612,1.0362394716922834
3236,-0.8395231998015908,0.8817216424333439,1.1952052836879563,1.2378505970950135,-0.24389427171566183,-1.0996719906799632,0.06375179301917866,-0.8657516469689694,-0.888279974410026,-0.8909460588681556
3237,-0.438685111078641,0.8817216424333439,0.6697611090913683,1.2378505970950135,-0.38349979852741883,-0.6521385410756733,0.10885618658024757,-0.2773854379702651,-0.24036438587688802,-0.2957858214891963
3238,0.21531387578511957,0.8817216424333439,1.1952052836879563,-0.8310638202256104,-0.7325136155568189,-0.2046050914713833,0.2291876959039473,0.409041805861557,0.521374211452612,0.3702268251015436
3239,-0.2910079204965014,-1.5681864291091574,-1.4320155892949833,1.2378505970950135,0.035316781907857205,-1.0996719906799632,0.17579556925038517,-0.11692192642516418,-0.06525206465171549,-0.0832285938538538
3240,1.7342792646299827,0.06508561858584352,0.14431693449478036,0.410284830166764,-0.4533025619332999,1.1379952573414867,0.79482547946661,1.6392620610406659,1.5983149869874218,1.5322063361747504
3241,-0.03784702235569092,-1.5681864291091574,0.6697611090913683,-0.8310638202256104,-0.8023163789626999,1.1379952573414867,0.11315943260904213,0.1594318990136216,0.17114956900226685,0.07264670641206396
3242,2.9789870138223007,-1.5681864291091574,1.1952052836879563,-0.8310638202256104,-0.7325136155568189,2.033062156550067,0.8407267704404187,2.3970064211147544,2.4038316646232154,2.254900910134915
3243,-0.14333072991436205,0.8817216424333439,-1.4320155892949833,0.8240677136308887,-0.38349979852741883,-0.2046050914713833,0.19231790894118897,0.10594406183192076,0.0573265602059049,0.044305742727351584
3244,-0.9872003903837303,0.8817216424333439,-1.4320155892949833,-1.2448467036897353,0.4541333623431382,-0.6521385410756733,0.030760240131753706,-1.1777640305288881,-1.142192840186526,-1.1035032865034986
3245,-0.5652655601490462,0.8817216424333439,1.1952052836879563,-0.4172809367614856,-1.0117246691803428,-0.6521385410756733,0.1218190511608139,-0.39327575186394914,-0.35418739467325,-0.4800020854398264
3246,0.700538930555006,0.8817216424333439,-1.4320155892949833,-0.0034980532973608127,0.1749223087196192,-1.0996719906799632,0.1981086968070977,0.8280298637848764,0.845332005719181,0.8520232077416533
3247,1.5233118495126405,1.6983576662808442,-0.38112724010180754,-0.0034980532973608127,5.549735090972382,-1.0996719906799632,0.24693194496095203,1.0598104915722446,1.0116887108830943,1.801445491179517
3248,-0.5230720771255777,0.8817216424333439,1.1952052836879563,-0.4172809367614856,0.1749223087196192,-1.0996719906799632,0.12739733304999204,-0.4289343099850828,-0.38920985891828447,-0.3808087125433334
3249,-0.8606199413133251,0.06508561858584352,-1.4320155892949833,1.6516334805591384,-0.4533025619332999,0.6904618077371967,0.059979811932210594,-0.9370687632112367,-0.8707687422875084,-0.9334575043952245
3250,0.21531387578511957,-1.5681864291091574,-1.4320155892949833,-0.8310638202256104,-1.639949539833262,0.2429283581329067,0.20570578547521648,0.5160174802249571,0.5388854435751288,0.31354489773211885
3251,-0.20662095444956474,-1.5681864291091574,0.14431693449478036,0.410284830166764,0.7333444159666572,0.2429283581329067,0.13557881315411996,-0.11692192642516418,-0.08276329677423314,-0.012376184642073167
3252,1.903053196723856,-0.751550405261657,0.6697611090913683,-0.0034980532973608127,1.2917665232137003,0.2429283581329067,0.3439409233384689,1.5946888633892482,1.5282700584973534,1.7447635638100922
3253,-0.20662095444956474,-1.5681864291091574,-0.9065714146983955,-1.2448467036897353,0.24472507212550018,-0.6521385410756733,0.14269776337459492,-0.07234872877374655,-0.03898521646793941,-0.026546666484429042
3254,-1.1348775809658698,0.8817216424333439,0.14431693449478036,1.2378505970950135,-1.0117246691803428,-0.6521385410756733,0.03894172023588163,-1.4095446583162563,-1.36983885777925,-1.4577653325624031
3255,-0.7762329752663882,0.8817216424333439,-0.38112724010180754,0.410284830166764,-0.7325136155568189,-1.0996719906799632,0.045529405514530094,-0.6874588563633014,-0.7394345013686295,-0.777582204129306
3256,-0.9239101658485277,0.8817216424333439,0.6697611090913683,0.410284830166764,0.035316781907857205,-1.0996719906799632,0.03442596823035648,-0.99947123992322,-1.0108585992676464,-0.9901394317646491
3257,-1.050490614918933,0.06508561858584352,-0.9065714146983955,-0.8310638202256104,-0.24389427171566183,0.6904618077371967,0.030494607660840462,-1.2669104258317225,-1.2910383132279224,-1.2877195504541288
3258,0.21531387578511957,-1.5681864291091574,0.14431693449478036,-1.2448467036897353,0.9427527061843003,0.2429283581329067,0.19253041491791956,0.3198954105587225,0.36377312234995707,0.4552497161556807
3259,-0.9872003903837303,-1.5681864291091574,-0.9065714146983955,1.6516334805591384,-1.5701467764273809,-0.6521385410756733,0.049567019072411414,-1.0886176352260544,-1.0283698313901641,-1.1885261775576352
3260,0.21531387578511957,1.6983576662808442,-0.9065714146983955,-1.2448467036897353,1.9199913938666193,1.5855287069457766,0.19598363703979174,0.2842368524375889,0.24119449749233587,0.4977611616827496
3261,-0.45978185259037524,0.8817216424333439,0.14431693449478036,1.6516334805591384,0.035316781907857205,-0.6521385410756733,0.12022525633533443,-0.3219586356216819,-0.28414246618318095,-0.2957858214891963
3262,-0.7129427507311856,0.8817216424333439,-1.4320155892949833,-0.8310638202256104,-0.31369703512154284,-1.0996719906799632,0.04967327206077671,-0.6696295773027342,-0.6431227246947845,-0.678388831232813
3263,0.4262812909024616,-1.5681864291091574,-0.9065714146983955,-0.8310638202256104,0.38433059893725724,-0.6521385410756733,0.23099399670615736,0.5338467592855243,0.5739079078201633,0.5969545345792426
3264,1.5022151080009063,0.06508561858584352,1.1952052836879563,-1.2448467036897353,-1.5003440130215,1.1379952573414867,0.5912447537586994,1.5501156657378312,1.4844919781910597,1.2771376630123397
3265,-0.6918460092194515,0.06508561858584352,-0.38112724010180754,0.8240677136308887,-1.0117246691803428,1.5855287069457766,0.06608935876321521,-0.6072271005907509,-0.60810026044975,-0.7067297949175254
3266,-0.3964916280551725,0.06508561858584352,1.1952052836879563,0.410284830166764,0.8729499427784192,0.2429283581329067,0.095627689528768,-0.2684707984399819,-0.2928980822444394,-0.1824219667503468
3267,0.21531387578511957,-1.5681864291091574,0.6697611090913683,-1.2448467036897353,-0.03448598149801883,0.2429283581329067,0.17393614195399246,0.3912125268009897,0.4163068187175084,0.398567788786256
3268,-0.1855242129378305,0.8817216424333439,-0.9065714146983955,1.6516334805591384,-0.10428874490389983,-1.5472054402842532,0.22977208733995644,0.007883026998803893,0.03981532808338804,0.015964779042639207
3269,1.5022151080009063,0.06508561858584352,1.1952052836879563,1.6516334805591384,-0.5929080887450618,0.2429283581329067,0.8129947404770759,1.5055424680864145,1.440713897884767,1.3763310359088319
3270,-0.6707492677077173,-0.751550405261657,1.1952052836879563,0.410284830166764,2.548216264519543,0.6904618077371967,0.05780162567072199,-0.8390077283781191,-0.7481901174298881,-0.5366840128092512
3271,-1.0926840979424013,-1.5681864291091574,0.14431693449478036,0.8240677136308887,-0.5231053253391809,0.6904618077371967,0.025872602666950007,-1.338227542073989,-1.2647714650441464,-1.330230995981197
3272,-0.016750280843956692,0.8817216424333439,0.6697611090913683,0.410284830166764,0.8729499427784192,0.2429283581329067,0.14407905222334377,0.10594406183192076,0.13612710475723236,0.22852200667798234
3273,-0.9239101658485277,0.8817216424333439,-1.4320155892949833,0.8240677136308887,0.035316781907857205,-0.6521385410756733,0.04526377304361685,-1.0440444375746376,-0.9933473671451296,-1.004309913607005
3274,-0.03784702235569092,-1.5681864291091574,-0.9065714146983955,0.410284830166764,-1.360738486209743,1.1379952573414867,0.1950804866386867,0.21291973619532162,0.2587057296148535,0.07264670641206396
3275,0.7216356720667403,0.06508561858584352,1.1952052836879563,0.410284830166764,0.1051195453137382,0.2429283581329067,0.32640918025819476,0.8458591428454428,0.8628432378416978,0.8661936895840104
3276,-0.4808785941021094,0.8817216424333439,0.6697611090913683,0.8240677136308887,0.3145278355313812,-1.0996719906799632,0.07692716357647558,-0.40219039139423235,-0.35418739467325,-0.33829726701626517
3277,-0.6074590431725145,-1.5681864291091574,1.1952052836879563,0.410284830166764,0.4541333623431382,-0.2046050914713833,0.0763958986346491,-0.5715685424696173,-0.5468109480209394,-0.5083430491245388
3278,-1.1137808394541355,-1.5681864291091574,-1.4320155892949833,-1.2448467036897353,-0.38349979852741883,-0.2046050914713833,0.021622483132338097,-1.3649714606648393,-1.3173051614116977,-1.3585719596659094
3279,1.8186662306769192,-0.751550405261657,1.7206494582845442,0.410284830166764,1.8501886304607433,-1.5472054402842532,0.45136269457578493,1.532286386677265,1.5808037548649048,1.82978645486423
3280,1.481118366489172,1.6983576662808442,0.6697611090913683,-0.8310638202256104,5.828946144595895,0.2429283581329067,0.22993146682250437,1.095469049693378,0.9766662466380598,1.8439569367065858
3281,-0.9661036488719961,0.8817216424333439,1.1952052836879563,0.410284830166764,0.3145278355313812,-1.0996719906799632,0.0406417680497264,-1.0975322747563376,-1.1071703759414915,-1.0609918409764298
3282,0.4473780324141958,0.8817216424333439,0.14431693449478036,-0.8310638202256104,0.4541333623431382,-0.6521385410756733,0.19832120278382828,0.6319077941186418,0.5651522917589049,0.6536364619486673
3283,0.4473780324141958,-1.5681864291091574,0.6697611090913683,-1.2448467036897353,0.8031471793725382,0.2429283581329067,0.22132497476491525,0.5427613988158074,0.5563966756976465,0.6536364619486673
3284,1.5444085910243748,0.06508561858584352,0.6697611090913683,-1.2448467036897353,0.8031471793725382,0.6904618077371967,0.4734101896615842,1.4520546309047144,1.3881802015172156,1.5322063361747504
3285,-1.0082971318954645,0.8817216424333439,1.1952052836879563,-1.2448467036897353,-0.24389427171566183,-0.2046050914713833,0.03251341443978112,-1.1777640305288881,-1.185970920492819,-1.1885261775576352
3286,-0.20662095444956474,0.06508561858584352,-1.4320155892949833,-1.2448467036897353,-0.03448598149801883,2.033062156550067,0.1377038729214259,-0.045604810182896936,-0.08276329677423314,-0.0690581120114973
3287,0.5739584814846012,0.06508561858584352,0.14431693449478036,-0.8310638202256104,-1.0117246691803428,0.2429283581329067,0.24969452265844977,0.8458591428454428,0.7752870772291119,0.6678069437910232
3288,0.004346460667777534,-0.751550405261657,0.14431693449478036,-1.2448467036897353,1.4313720500254572,0.6904618077371967,0.15353556818785527,0.12377334089248797,0.08359340838968098,0.2710334522050506
3289,-0.6074590431725145,0.8817216424333439,1.1952052836879563,1.6516334805591384,0.1051195453137382,-1.0996719906799632,0.1048716995165489,-0.48242214716678283,-0.5117884837759049,-0.4800020854398264
3290,0.4473780324141958,0.06508561858584352,-1.4320155892949833,-1.2448467036897353,-0.5231053253391809,0.6904618077371967,0.30542421505604844,0.6586517127094915,0.617685988126457,0.5686135708945302
3291,-0.7973297167781225,0.8817216424333439,1.1952052836879563,0.410284830166764,0.24472507212550018,-0.6521385410756733,0.044998140572703606,-0.8390077283781191,-0.7832125816749225,-0.777582204129306
3292,-1.050490614918933,-1.5681864291091574,1.1952052836879563,0.410284830166764,-0.8023163789626999,1.1379952573414867,0.027944535940073314,-1.2758250653620058,-1.2209933847378536,-1.3018900322964846
3293,-1.0293938734071988,-1.5681864291091574,-0.38112724010180754,-1.2448467036897353,0.4541333623431382,1.1379952573414867,0.023694416405461403,-1.2579957863014386,-1.2209933847378536,-1.1885261775576352
3294,0.004346460667777534,-1.5681864291091574,-0.38112724010180754,-0.8310638202256104,0.6635416525607812,-0.6521385410756733,0.13180683206715188,0.08811478277135434,0.15363833687975,0.20018104299326997
3295,0.9326030871840826,0.8817216424333439,1.7206494582845442,0.8240677136308887,-0.10428874490389983,-0.2046050914713833,0.31164001487541837,1.0330665729813941,1.0467111751281288,1.0220689898499276
3296,0.21531387578511957,-0.751550405261657,-1.4320155892949833,0.8240677136308887,2.1293996840842575,-1.5472054402842532,0.2312596291770706,0.3466393291495729,0.293728193859888,0.5827840527368867
3297,2.5570521835876163,-1.5681864291091574,0.6697611090913683,-0.8310638202256104,-1.5701467764273809,0.2429283581329067,0.7261860489826276,2.1830550723879525,2.167430030969233,1.9006388640760106
3298,0.4473780324141958,-0.751550405261657,0.14431693449478036,-1.2448467036897353,1.2917665232137003,0.2429283581329067,0.2602666950007969,0.5160174802249571,0.5563966756976465,0.6961479074757362
3299,0.21531387578511957,-1.5681864291091574,-0.9065714146983955,0.8240677136308887,1.1521609964019384,0.2429283581329067,0.29278010944057803,0.3733832477404233,0.3112394259824049,0.4835906798403931
3300,0.8693128626488799,0.06508561858584352,1.7206494582845442,0.410284830166764,-1.2909357228038618,0.6904618077371967,0.2571853583382033,1.0598104915722446,0.985421862699319,0.8378527258992975
3301,-0.7762329752663882,0.8817216424333439,0.14431693449478036,-1.2448467036897353,-0.10428874490389983,-0.2046050914713833,0.042076183392657916,-0.8300930888478358,-0.7744569656136641,-0.8059231678140184
3302,-0.8817166828250593,-1.5681864291091574,0.14431693449478036,-0.8310638202256104,-1.1513301959920998,1.1379952573414867,0.034213462253625884,-0.9192394841506695,-0.8620131262262499,-0.9901394317646491
3303,-0.8606199413133251,0.8817216424333439,1.1952052836879563,-1.2448467036897353,-0.5231053253391809,-1.0996719906799632,0.035860383573287996,-0.8746662864992527,-0.8007238137974394,-0.8767755770257997
3304,-0.9661036488719961,0.8817216424333439,-0.9065714146983955,1.2378505970950135,0.4541333623431382,-1.0996719906799632,0.06433618445518781,-1.106446914286621,-1.1246816080640083,-1.0609918409764298
3305,2.5570521835876163,0.8817216424333439,0.6697611090913683,-1.2448467036897353,0.38433059893725724,-0.2046050914713833,0.8330234287839345,2.0582501189639846,2.05360702217287,2.0990256098689968
3306,1.5444085910243748,0.8817216424333439,0.14431693449478036,-1.2448467036897353,0.5937388891549003,-1.0996719906799632,0.6595654252775859,1.478798549495564,1.4319582818235084,1.5322063361747504
3307,-0.8817166828250593,-1.5681864291091574,-0.38112724010180754,0.410284830166764,-0.10428874490389983,-0.6521385410756733,0.03771981086968071,-0.9370687632112367,-0.8970355904712844,-0.9192870225528679
3308,-1.050490614918933,-1.5681864291091574,-0.38112724010180754,0.410284830166764,-0.5929080887450618,1.5855287069457766,0.025128831748392925,-1.2579957863014386,-1.212237768676595,-1.2735490686117723
3309,-0.8184264582898567,0.8817216424333439,-0.9065714146983955,-0.8310638202256104,0.38433059893725724,-0.2046050914713833,0.03628539552674919,-0.8746662864992527,-0.8357462780424739,-0.8059231678140184
3310,-0.4808785941021094,0.8817216424333439,0.14431693449478036,-0.8310638202256104,0.1051195453137382,0.2429283581329067,0.07310205599532486,-0.3487025542125323,-0.3629430107345084,-0.33829726701626517
3311,-1.1348775809658698,0.8817216424333439,-0.38112724010180754,1.6516334805591384,0.5239361257490193,-1.5472054402842532,0.026988259044785634,-1.4452032164373898,-1.396105705963026,-1.3585719596659094
3312,-0.6074590431725145,0.06508561858584352,0.6697611090913683,-0.8310638202256104,-0.9419219057744619,0.6904618077371967,0.05078892843861234,-0.4735075076364996,-0.49427725165338804,-0.57919545833632
3313,-1.050490614918933,0.8817216424333439,-0.9065714146983955,-1.2448467036897353,0.1051195453137382,-1.0996719906799632,0.027838282951708017,-1.2669104258317225,-1.212237768676595,-1.2168671412423475
3314,0.4473780324141958,0.8817216424333439,0.14431693449478036,-0.8310638202256104,0.8031471793725382,-0.2046050914713833,0.2580885087393083,0.5516760383460907,0.5914191399426809,0.6678069437910232
3315,-0.8184264582898567,0.8817216424333439,-1.4320155892949833,-1.2448467036897353,0.035316781907857205,-0.6521385410756733,0.048026350741114596,-0.8479223679084023,-0.8445018941037331,-0.8342641314987308
3316,-0.14333072991436205,0.06508561858584352,-1.4320155892949833,-1.2448467036897353,0.035316781907857205,0.6904618077371967,0.1333475003984487,0.06137086418050393,-0.003962752222904903,0.03013526088499571
3317,0.4262812909024616,0.06508561858584352,-0.38112724010180754,-1.2448467036897353,-1.919160593456781,1.1379952573414867,0.23317218296764597,0.7032249103609084,0.7227533808615598,0.4552497161556807
3318,0.4473780324141958,0.06508561858584352,-0.38112724010180754,-0.8310638202256104,-0.10428874490389983,0.6904618077371967,0.22132497476491525,0.5873345964672243,0.617685988126457,0.5827840527368867
3319,-1.0082971318954645,0.8817216424333439,-0.9065714146983955,0.8240677136308887,-0.4533025619332999,-0.6521385410756733,0.03756043138713276,-1.1510201119380377,-1.1071703759414915,-1.1601852138729227
3320,-0.5863623016607803,0.8817216424333439,0.14431693449478036,1.6516334805591384,-0.10428874490389983,-0.2046050914713833,0.11517823938798279,-0.5091660657576332,-0.4680104034696119,-0.4941725672821829
3321,2.5359554420758825,1.6983576662808442,0.6697611090913683,-0.8310638202256104,5.130918510537096,-0.6521385410756733,0.46411305317962065,1.879957328358317,1.7208936118450429,2.5949924743514634
3322,0.4473780324141958,-1.5681864291091574,0.14431693449478036,-1.2448467036897353,-1.0117246691803428,1.1379952573414867,0.26414492907613024,0.6497370731792083,0.7139977648003013,0.5402726072098178
3323,-0.8395231998015908,0.8817216424333439,1.7206494582845442,0.8240677136308887,-0.31369703512154284,-0.6521385410756733,0.032194655474685224,-0.8568370074386863,-0.8269906619812155,-0.8626050951834432
3324,-0.5230720771255777,0.8817216424333439,0.14431693449478036,0.8240677136308887,-0.24389427171566183,-1.0996719906799632,0.09589332199968124,-0.437848949515366,-0.39796547497954293,-0.43749063991275816
3325,-1.1348775809658698,0.8817216424333439,-0.38112724010180754,1.6516334805591384,0.035316781907857205,-0.7863985759569591,0.02539446421930617,-1.4719471350282403,-1.4311281702080605,-1.4294243688776906
3326,-0.1011372468908936,-1.5681864291091574,0.14431693449478036,-1.2448467036897353,0.9427527061843003,0.2429283581329067,0.12468788184667694,-0.02777553112232973,0.0047928638383535295,0.10098767009677634
3327,0.4473780324141958,-1.5681864291091574,1.7206494582845442,-0.8310638202256104,1.2219637598078192,0.6904618077371967,0.18392392286033044,0.5071028406946738,0.547641059636388,0.681977425633379
3328,0.21531387578511957,0.06508561858584352,0.14431693449478036,-0.8310638202256104,-0.17409150830978082,0.6904618077371967,0.2002868830685863,0.4179564453918402,0.43381805084002606,0.398567788786256
3329,-0.7762329752663882,0.06508561858584352,-0.9065714146983955,-1.2448467036897353,-1.1513301959920998,0.2429283581329067,0.056526589810338417,-0.7142027749541517,-0.7394345013686295,-0.8342641314987308
3330,0.48957151543766425,0.06508561858584352,-0.38112724010180754,-1.2448467036897353,0.8729499427784192,0.6904618077371967,0.22706263613664135,0.6229931545883579,0.5826635238814225,0.7103183893180921
3331,-0.016750280843956692,0.06508561858584352,-0.38112724010180754,-1.2448467036897353,0.035316781907857205,0.6904618077371967,0.12086277426552622,0.21291973619532162,0.15363833687975,0.18601056115091347
3332,2.0085369042825274,0.8817216424333439,-0.38112724010180754,-0.0034980532973608127,-0.17409150830978082,-1.0996719906799632,0.3936141953992456,1.826469491176617,1.764671692151336,1.7589340456524494
3333,-1.0082971318954645,0.8817216424333439,-1.4320155892949833,0.410284830166764,-0.24389427171566183,-0.6521385410756733,0.040801147532274346,-1.1421054724077544,-1.1597040723090428,-1.1601852138729227
3334,0.46847477392593007,0.06508561858584352,0.14431693449478036,-0.0034980532973608127,-1.5003440130215,0.6904618077371967,0.13026616373585506,0.6943102708306251,0.6264416041877154,0.4694201979980372
3335,1.67098904009478,-1.5681864291091574,0.6697611090913683,0.410284830166764,-0.8721191423685809,2.4805956061543566,0.5368963502098496,1.5946888633892482,1.5020032103135774,1.404671999593545
3336,-1.0293938734071988,0.8817216424333439,1.1952052836879563,0.8240677136308887,0.5239361257490193,-0.2046050914713833,0.033204058864155554,-1.240166507240872,-1.1947265365540773,-1.1601852138729227
3337,-1.0293938734071988,-0.751550405261657,0.6697611090913683,0.8240677136308887,1.3615692866195812,-1.0996719906799632,0.0333634383467035,-1.2490811467711553,-1.256015848982888,-1.1176737683458546
3338,0.8693128626488799,0.8817216424333439,1.1952052836879563,1.2378505970950135,-0.5231053253391809,-0.2046050914713833,0.5568719120225256,1.0687251311025279,0.9941774787605774,0.951216580638147
3339,-1.0082971318954645,0.8817216424333439,-0.38112724010180754,-1.2448467036897353,0.035316781907857205,-1.0996719906799632,0.025447590713488816,-1.1955933095894553,-1.1597040723090428,-1.1601852138729227
3340,1.1857639853248934,0.06508561858584352,0.6697611090913683,0.8240677136308887,0.1749223087196192,0.6904618077371967,0.4033363438346704,1.2202740031173456,1.1605341839244907,1.2062852538005577
3341,-0.5019753356138434,-1.5681864291091574,1.1952052836879563,1.6516334805591384,0.24472507212550018,-0.8311519209173887,0.1241034904106678,-0.39327575186394914,-0.37169862679576765,-0.35246774885862103
3342,-0.5019753356138434,0.8817216424333439,1.7206494582845442,0.410284830166764,0.1749223087196192,-0.6521385410756733,0.06502682887956224,-0.4111050309245164,-0.37169862679576765,-0.36663823070097756
3343,-0.9028134243367935,0.06508561858584352,1.1952052836879563,-1.2448467036897353,0.24472507212550018,1.1379952573414867,0.037613557881315415,-0.99947123992322,-1.045881063512681,-0.9901394317646491
3344,-0.9661036488719961,0.8817216424333439,-0.9065714146983955,-1.2448467036897353,-0.9419219057744619,-0.2046050914713833,0.04266057482866706,-1.0707883561654872,-1.072147911696457,-1.146014732030567
3345,1.5655053325361088,0.8817216424333439,-0.38112724010180754,-0.8310638202256104,-0.5929080887450618,-0.4731251612339579,0.5021516230143973,1.5144571076166977,1.5020032103135774,1.404671999593545
3346,-0.7129427507311856,-1.5681864291091574,-1.4320155892949833,0.410284830166764,-0.31369703512154284,-0.2046050914713833,0.057429740211443446,-0.6607149377724509,-0.6256114925722677,-0.6642183493904572
3347,-1.0082971318954645,0.8817216424333439,-0.38112724010180754,-0.8310638202256104,-0.5929080887450618,-0.6521385410756733,0.023056898475269618,-1.1777640305288881,-1.1246816080640083,-1.1885261775576352
3348,-0.9661036488719961,0.8817216424333439,-1.4320155892949833,0.8240677136308887,-0.6627108521509428,-0.2046050914713833,0.0548796684906763,-1.0707883561654872,-1.0896591438189738,-1.1318442501882104
3349,0.5950552229963354,0.8817216424333439,1.1952052836879563,0.410284830166764,-0.31369703512154284,-0.6521385410756733,0.3562662699888434,0.7923713056637428,0.7490202290453358,0.7244888711604479
3350,-0.20662095444956474,-1.5681864291091574,1.1952052836879563,0.410284830166764,1.0823582329960573,-0.2046050914713833,0.13483504223556286,-0.09909264736459697,-0.06525206465171549,0.044305742727351584
3351,3.1477609459161746,0.06508561858584352,0.6697611090913683,0.410284830166764,-0.6627108521509428,1.1379952573414867,0.9909684959889496,2.441579618766172,2.4213428967457324,2.297412355661984
3352,-0.9872003903837303,0.06508561858584352,1.1952052836879563,1.2378505970950135,-0.5929080887450618,1.1379952573414867,0.05918291451947086,-1.0975322747563376,-1.11592599200275,-1.146014732030567
3353,-0.6285557846842488,-1.5681864291091574,-0.38112724010180754,0.410284830166764,0.8031471793725382,0.2429283581329067,0.07103012272220156,-0.5804831819999005,-0.5555665640821986,-0.4800020854398264
3354,-0.755136233754654,-1.5681864291091574,-1.4320155892949833,0.8240677136308887,0.3145278355313812,0.2429283581329067,0.06619561175158051,-0.8300930888478358,-0.7744569656136641,-0.7634117222869502
3355,0.7216356720667403,0.06508561858584352,1.1952052836879563,0.410284830166764,-0.24389427171566183,1.1379952573414867,0.37608245231897147,0.8726030614362933,0.8278207735966633,0.8095117622145858
3356,-0.37539488654343833,0.06508561858584352,-1.4320155892949833,-0.8310638202256104,-0.4533025619332999,0.6904618077371967,0.08388673431440259,-0.17932440313714743,-0.20534192163185352,-0.23910389411977154
3357,0.7638291550902088,0.8817216424333439,1.1952052836879563,-0.8310638202256104,0.1051195453137382,-0.6521385410756733,0.25925729161132655,0.8904323404968605,0.9066213181479907,0.9087051351110781
3358,0.5950552229963354,0.8817216424333439,0.6697611090913683,-1.2448467036897353,-0.24389427171566183,-0.2046050914713833,0.23779418796153642,0.8369445033151597,0.7752870772291119,0.7670003166875169
3359,0.4262812909024616,0.06508561858584352,1.1952052836879563,0.410284830166764,0.1749223087196192,2.033062156550067,0.29989905966105296,0.6051638755277915,0.547641059636388,0.5969545345792426
3360,0.7216356720667403,0.8817216424333439,0.14431693449478036,-0.0034980532973608127,-0.31369703512154284,-0.6521385410756733,0.21909366200924402,0.91717625908771,0.8803544699642155,0.8378527258992975
3361,-0.7762329752663882,0.06508561858584352,-1.4320155892949833,-0.8310638202256104,-0.5231053253391809,1.1379952573414867,0.04797322424693194,-0.7052881354238678,-0.7569457334911465,-0.777582204129306
3362,-0.5863623016607803,-1.5681864291091574,-0.9065714146983955,0.8240677136308887,0.5239361257490193,-0.2046050914713833,0.09716835786006481,-0.5537392634090501,-0.5030328677146465,-0.46583160359747056
3363,-0.03784702235569092,-1.5681864291091574,-1.4320155892949833,-1.2448467036897353,-0.5929080887450618,-0.2046050914713833,0.16230143972799235,0.177261178074188,0.20617203324730138,0.11515815193913284
3364,0.004346460667777534,-0.751550405261657,0.14431693449478036,0.410284830166764,1.0125554695901813,-1.0996719906799632,0.18217074855230303,0.13268798042277116,0.14488272081849157,0.25686297036269473
3365,-0.9450069073602619,0.06508561858584352,0.6697611090913683,-1.2448467036897353,0.5239361257490193,0.2429283581329067,0.032194655474685224,-1.0707883561654872,-1.0896591438189738,-1.0184803954493615
3366,0.21531387578511957,-0.751550405261657,1.1952052836879563,-1.2448467036897353,2.4086107377077814,0.2429283581329067,0.19492110715613878,0.23966365478617205,0.28497257779862883,0.5544430890521743
3367,-0.1855242129378305,-1.5681864291091574,-1.4320155892949833,-1.2448467036897353,1.0125554695901813,-0.2046050914713833,0.1336662593635446,-0.009946252061763314,-0.056496448590457056,0.08681718825442046
3368,-1.050490614918933,0.8817216424333439,-0.9065714146983955,0.8240677136308887,0.1749223087196192,-1.5472054402842532,0.04505126706688626,-1.240166507240872,-1.256015848982888,-1.2168671412423475
3369,-0.9028134243367935,-1.5681864291091574,-1.4320155892949833,-1.2448467036897353,-0.24389427171566183,1.1379952573414867,0.03150401105031079,-1.0083858794535039,-0.9758361350226119,-1.004309913607005
3370,-0.45978185259037524,0.8817216424333439,-1.4320155892949833,0.410284830166764,0.1051195453137382,-0.6521385410756733,0.1054029644583754,-0.3130439960913987,-0.3366761625507331,-0.3099563033315528
3371,-0.5230720771255777,-1.5681864291091574,-1.4320155892949833,0.410284830166764,0.38433059893725724,1.5855287069457766,0.088668118790841,-0.5091660657576332,-0.4592547874083535,-0.43749063991275816
3372,-1.0082971318954645,0.8817216424333439,1.1952052836879563,1.2378505970950135,-0.4533025619332999,-1.0996719906799632,0.04228868936938852,-1.1331908328774714,-1.0984147598802323,-1.146014732030567
3373,-0.5019753356138434,0.8817216424333439,-0.9065714146983955,-1.2448467036897353,0.1051195453137382,-0.2046050914713833,0.10906869255697817,-0.4111050309245164,-0.38045424285702606,-0.3808087125433334
3374,-0.20662095444956474,-0.751550405261657,0.6697611090913683,-0.8310638202256104,1.2219637598078192,-0.6521385410756733,0.08898687775593689,-0.1258365659554474,-0.09151891283549156,0.03013526088499571
3375,-1.0082971318954645,0.06508561858584352,-1.4320155892949833,-1.2448467036897353,-1.081527432586219,1.1379952573414867,0.0382510758115072,-1.1510201119380377,-1.1772153044315605,-1.24520810492706
3376,-0.8395231998015908,0.8817216424333439,1.1952052836879563,0.410284830166764,-0.4533025619332999,-0.6521385410756733,0.06587685278648461,-0.8835809260295359,-0.8357462780424739,-0.8909460588681556
3377,0.6794421890432724,0.06508561858584352,0.14431693449478036,0.8240677136308887,-0.38349979852741883,0.2429283581329067,0.4198586835254742,0.8815177009665764,0.8278207735966633,0.7953412803722286
3378,3.3165348780100485,0.06508561858584352,-0.38112724010180754,-0.8310638202256104,0.38433059893725724,-0.2046050914713833,0.8511395633002178,2.512896735008439,2.4213428967457324,2.509969583297326
3379,-0.9872003903837303,0.8817216424333439,-1.4320155892949833,1.6516334805591384,-0.5929080887450618,-0.6521385410756733,0.04324496626467619,-1.1421054724077544,-1.0984147598802323,-1.1601852138729227
3380,0.6794421890432724,0.06508561858584352,-0.38112724010180754,-1.2448467036897353,0.1051195453137382,0.6904618077371967,0.28109228072039527,0.8280298637848764,0.6877309166165253,0.7670003166875169
3381,-0.1855242129378305,0.8817216424333439,0.14431693449478036,-0.8310638202256104,-0.17409150830978082,-1.0996719906799632,0.14174148647930723,0.04354158511993751,0.013548479899611962,0.0017942972002833347
3382,-0.8184264582898567,0.8817216424333439,0.14431693449478036,0.410284830166764,0.035316781907857205,-0.6521385410756733,0.05881102906019232,-0.8300930888478358,-0.8357462780424739,-0.8200936496563749
3383,-0.9450069073602619,-0.751550405261657,0.6697611090913683,-1.2448467036897353,1.2917665232137003,-0.6521385410756733,0.025075705254210275,-1.0975322747563376,-1.0546366795739395,-0.9476279862375803
3384,-0.9028134243367935,0.8817216424333439,0.14431693449478036,-1.2448467036897353,0.4541333623431382,-1.5472054402842532,0.03272592041651171,-1.0083858794535039,-0.9670805189613535,-0.9334575043952245
3385,-0.12223398840262782,0.06508561858584352,0.6697611090913683,-0.8310638202256104,-0.8023163789626999,1.1379952573414867,0.09578706901131594,0.14160261995305437,0.0573265602059049,0.0017942972002833347
3386,0.48957151543766425,-0.751550405261657,-0.9065714146983955,-0.8310638202256104,1.4313720500254572,-1.5472054402842532,0.19162726451681453,0.5605906778763746,0.49510736326883587,0.7103183893180921
3387,-1.0082971318954645,0.8817216424333439,-0.9065714146983955,0.410284830166764,-0.8721191423685809,-0.6521385410756733,0.04026988259044786,-1.1421054724077544,-1.0984147598802323,-1.1885261775576352
3388,0.8482161211371456,-1.5681864291091574,-0.38112724010180754,0.8240677136308887,-1.081527432586219,-0.2046050914713833,0.4270838867343144,1.0241519334511109,1.0642224072506465,0.8803641714263664
3389,-0.438685111078641,1.6983576662808442,1.1952052836879563,-0.0034980532973608127,1.9897941572724953,-0.6521385410756733,0.04797322424693194,-0.4200196704547996,-0.4680104034696119,-0.22493341227741567
3390,1.5233118495126405,0.8817216424333439,0.6697611090913683,-1.2448467036897353,0.1051195453137382,-0.6521385410756733,0.48472613292248845,1.4609692704349977,1.4757363621298014,1.4755244088053256
3391,0.5528617399728669,0.06508561858584352,-0.38112724010180754,-1.2448467036897353,-0.5231053253391809,0.2429283581329067,0.26961695797694313,0.7834566661334595,0.731508996922819,0.681977425633379
3392,0.9115063456723483,-1.5681864291091574,0.6697611090913683,0.410284830166764,-0.38349979852741883,0.6904618077371967,0.3626414492907613,0.9884933753299773,0.9416437823930253,0.9087051351110781
3393,-1.0293938734071988,0.8817216424333439,-0.38112724010180754,0.410284830166764,0.24472507212550018,-1.0996719906799632,0.025978855655315304,-1.2579957863014386,-1.212237768676595,-1.2026966593999917
3394,-0.1855242129378305,0.8817216424333439,-0.38112724010180754,1.6516334805591384,-0.03448598149801883,-0.2046050914713833,0.1790894118897094,-0.045604810182896936,-0.003962752222904903,-0.012376184642073167
3395,0.06763668520297998,0.8817216424333439,-1.4320155892949833,-1.2448467036897353,0.38433059893725724,-1.0996719906799632,0.20384635817882377,0.22183437572560563,0.2499501135535943,0.28520393404740707
3396,0.21531387578511957,-0.751550405261657,1.1952052836879563,-0.8310638202256104,1.4313720500254572,-0.6521385410756733,0.1724486001168783,0.3822978872707065,0.3462618902274394,0.5402726072098178
3397,1.481118366489172,0.06508561858584352,-1.4320155892949833,-0.8310638202256104,-0.38349979852741883,0.6904618077371967,0.5259522924082239,1.4520546309047144,1.466980746068543,1.390501517751188
3398,-1.050490614918933,-0.751550405261657,0.14431693449478036,-1.2448467036897353,1.2917665232137003,-1.0996719906799632,0.026563247091324443,-1.293654344422572,-1.2297490007991119,-1.1318442501882104
3399,1.2279574683483612,-1.5681864291091574,0.14431693449478036,0.8240677136308887,-0.24389427171566183,1.5855287069457766,0.5995856133453753,1.2202740031173456,1.2305791124145598,1.177944290115846
3400,0.4473780324141958,0.06508561858584352,-0.38112724010180754,-1.2448467036897353,-0.7325136155568189,0.2429283581329067,0.25346650374541785,0.6764809917700587,0.6264416041877154,0.5544430890521743
3401,2.746922857193225,1.6983576662808442,1.1952052836879563,-0.0034980532973608127,3.9442715326371434,0.6904618077371967,0.3504754821229347,1.8621280492977508,1.7734273082125942,2.4107762104008335
3402,0.23641061729685378,0.06508561858584352,-1.4320155892949833,-0.8310638202256104,-0.4533025619332999,0.6904618077371967,0.19672740795834884,0.4179564453918402,0.44257366690128447,0.3702268251015436
3403,-1.0293938734071988,-1.5681864291091574,1.1952052836879563,0.8240677136308887,-2.477582700703819,1.5855287069457766,0.0309727461084843,-1.1688493909986049,-1.1246816080640083,-1.3585719596659094
3404,-1.050490614918933,0.06508561858584352,1.1952052836879563,1.6516334805591384,-0.5231053253391809,1.1379952573414867,0.03633852202093184,-1.2758250653620058,-1.2385046168603704,-1.2877195504541288
3405,-0.4808785941021094,0.8817216424333439,1.1952052836879563,0.8240677136308887,-0.8023163789626999,-0.2046050914713833,0.09642458694150773,-0.3130439960913987,-0.28414246618318095,-0.3808087125433334
3406,-0.5652655601490462,0.8817216424333439,-0.9065714146983955,0.410284830166764,-0.38349979852741883,-1.0996719906799632,0.09865589969717899,-0.4645928681062164,-0.424232323163319,-0.4800020854398264
3407,-0.9028134243367935,-0.751550405261657,1.1952052836879563,-0.8310638202256104,1.0823582329960573,-1.0996719906799632,0.025872602666950007,-1.0262151585140704,-0.9845917510838703,-0.8909460588681556
3408,-0.3964916280551725,0.8817216424333439,0.6697611090913683,1.2378505970950135,0.1749223087196192,-1.0996719906799632,0.09254635286617437,-0.24172687984913147,-0.21409753769311196,-0.21076293043505917
3409,0.4473780324141958,0.06508561858584352,0.14431693449478036,1.6516334805591384,0.24472507212550018,-2.4422723394928334,0.47882909206821445,0.685395631300342,0.6264416041877154,0.681977425633379
3410,0.8904096041606141,0.06508561858584352,1.1952052836879563,0.410284830166764,0.035316781907857205,0.2429283581329067,0.4363278967220953,0.9884933753299773,1.029199943005612,1.0078985080075717
3411,0.23641061729685378,-1.5681864291091574,-0.38112724010180754,-1.2448467036897353,1.1521609964019384,0.6904618077371967,0.19709929341762736,0.3466393291495729,0.3112394259824049,0.4694201979980372
3412,-1.0082971318954645,0.8817216424333439,-1.4320155892949833,0.410284830166764,0.3145278355313812,-0.6521385410756733,0.03729479891621952,-1.2134225886500216,-1.1597040723090428,-1.146014732030567
3413,1.5655053325361088,-1.5681864291091574,1.1952052836879563,-1.2448467036897353,-0.31369703512154284,0.6904618077371967,0.5331774956170642,1.4698839099652807,1.466980746068543,1.404671999593545
3414,0.7216356720667403,0.8817216424333439,1.1952052836879563,-0.4172809367614856,-0.4533025619332999,-0.2046050914713833,0.5478935345056579,0.86368842190601,0.8978657020867323,0.8095117622145858
3415,-1.0082971318954645,0.06508561858584352,-0.9065714146983955,1.6516334805591384,-0.17409150830978082,1.1379952573414867,0.0525952292408224,-1.1777640305288881,-1.1947265365540773,-1.1885261775576352
3416,-0.4808785941021094,0.8817216424333439,-0.38112724010180754,-0.8310638202256104,0.38433059893725724,-0.6521385410756733,0.05721723423471285,-0.3754464728033827,-0.39796547497954293,-0.33829726701626517
3417,-0.9872003903837303,0.06508561858584352,-1.4320155892949833,-0.4172809367614856,-0.6627108521509428,0.2429283581329067,0.059979811932210594,-1.1331908328774714,-1.0896591438189738,-1.1601852138729227
3418,-0.8395231998015908,0.8817216424333439,-1.4320155892949833,0.410284830166764,0.5937388891549003,-0.2046050914713833,0.055145300961589545,-0.9192394841506695,-0.9233024386550606,-0.8626050951834432
3419,2.9789870138223007,0.06508561858584352,1.7206494582845442,-0.8310638202256104,0.6635416525607812,-0.2046050914713833,0.7247516336396961,2.3167746653422037,2.202452495214267,2.3540942830314084
3420,-0.9239101658485277,0.06508561858584352,-1.4320155892949833,-1.2448467036897353,0.3145278355313812,0.6904618077371967,0.04016362960208256,-1.0351297980443537,-1.0546366795739395,-1.004309913607005
3421,-0.7129427507311856,-1.5681864291091574,0.14431693449478036,-0.8310638202256104,0.5937388891549003,0.2429283581329067,0.04329809275885884,-0.7587759726055686,-0.678145188939819,-0.6500478675481006
3422,0.5739584814846012,0.8817216424333439,-0.38112724010180754,-1.2448467036897353,-0.5231053253391809,-0.6521385410756733,0.2805610157785688,0.7745420266031756,0.8278207735966633,0.7244888711604479
3423,0.257507358808588,0.8817216424333439,0.14431693449478036,-1.2448467036897353,0.7333444159666572,-0.6521385410756733,0.2248313233809701,0.3644686082101393,0.39003997053373235,0.4694201979980372
3424,1.3123444343952981,0.06508561858584352,0.14431693449478036,0.8240677136308887,-2.337977173892062,0.6904618077371967,0.5492216968602242,1.4520546309047144,1.3881802015172156,1.0645804353769965
3425,-1.050490614918933,0.8817216424333439,-0.38112724010180754,-0.4172809367614856,0.3145278355313812,-1.5472054402842532,0.04058864155554375,-1.240166507240872,-1.1947265365540773,-1.1743556957152792
3426,-0.6285557846842488,0.06508561858584352,0.14431693449478036,0.8240677136308887,-1.2909357228038618,1.5855287069457766,0.08850873930829305,-0.5091660657576332,-0.5292997158984225,-0.6500478675481006
3427,-0.8184264582898567,-1.5681864291091574,0.6697611090913683,-0.8310638202256104,1.2219637598078192,-0.2046050914713833,0.03676353397439303,-0.9014102050901031,-0.9057912065325429,-0.777582204129306
3428,-0.2699111789847672,-0.751550405261657,0.14431693449478036,0.8240677136308887,0.38433059893725724,2.033062156550067,0.1218190511608139,-0.20606832172799786,-0.12654137708052607,-0.11156955753856616
3429,-1.050490614918933,0.8817216424333439,-1.4320155892949833,0.410284830166764,-0.24389427171566183,-1.0996719906799632,0.04483876109015566,-1.240166507240872,-1.2385046168603704,-1.24520810492706
3430,1.6498922985830458,0.8817216424333439,1.1952052836879563,-1.2448467036897353,0.3145278355313812,-1.0996719906799632,0.6336396961164533,1.5233717471469816,1.5457812906198702,1.5747177817018192
3431,0.21531387578511957,-1.5681864291091574,1.1952052836879563,-0.8310638202256104,0.9427527061843003,0.2429283581329067,0.15178239387982786,0.3109807710284393,0.2499501135535943,0.398567788786256
3432,-1.050490614918933,0.8817216424333439,1.1952052836879563,-0.8310638202256104,0.1051195453137382,-0.2046050914713833,0.02241938054507783,-1.293654344422572,-1.2472602329216296,-1.24520810492706
3433,0.06763668520297998,0.8817216424333439,-1.4320155892949833,0.410284830166764,-0.31369703512154284,-0.6521385410756733,0.2269032566540934,0.2931514919678721,0.3024838099211465,0.25686297036269473
3434,-0.05894376386742515,-1.5681864291091574,1.1952052836879563,-1.2448467036897353,1.0125554695901813,-0.2046050914713833,0.13738511395633002,0.11485870136220476,0.022304095960870397,0.18601056115091347
3435,-1.0082971318954645,0.8817216424333439,0.6697611090913683,1.2378505970950135,0.1051195453137382,-1.0996719906799632,0.04016362960208256,-1.1866786700591714,-1.1772153044315605,-1.1601852138729227
3436,-0.9661036488719961,0.8817216424333439,-1.4320155892949833,0.410284830166764,0.3145278355313812,-0.2046050914713833,0.04404186367741593,-1.1331908328774714,-1.1509484562477845,-1.1035032865034986
3437,0.8482161211371456,0.8817216424333439,1.1952052836879563,0.8240677136308887,-0.03448598149801883,-1.0996719906799632,0.4801572544227806,1.0598104915722446,1.0029330948218358,1.0220689898499276
3438,-0.9661036488719961,-1.5681864291091574,0.14431693449478036,0.8240677136308887,-0.4533025619332999,1.1379952573414867,0.04223556287520586,-1.1331908328774714,-1.072147911696457,-1.1318442501882104
3439,3.0844707213809714,0.06508561858584352,-0.38112724010180754,-0.8310638202256104,-0.4533025619332999,-0.2046050914713833,0.7376613717260798,2.4237503397056037,2.3337867361331464,2.283241873819628
3440,0.9115063456723483,-1.5681864291091574,-0.38112724010180754,-1.2448467036897353,0.8729499427784192,-1.0996719906799632,0.3009615895447059,0.8815177009665764,0.9153769342092499,1.0362394716922834
3441,-0.8606199413133251,0.8817216424333439,-0.9065714146983955,1.6516334805591384,-1.221132959397981,-0.6521385410756733,0.05408277107793657,-0.8568370074386863,-0.8269906619812155,-0.9476279862375803
3442,-1.0293938734071988,-1.5681864291091574,-1.4320155892949833,-0.8310638202256104,-0.38349979852741883,1.5855287069457766,0.023110024969452265,-1.2223372281803049,-1.1947265365540773,-1.231037623084704
3443,1.903053196723856,0.06508561858584352,1.1952052836879563,-1.2448467036897353,0.5239361257490193,1.5855287069457766,0.7297986505870477,1.6125181424498154,1.5195144424360942,1.631399709071244
3444,-0.14333072991436205,-0.751550405261657,-1.4320155892949833,0.410284830166764,1.0823582329960573,1.1379952573414867,0.1446634436593529,-0.054519449713180144,-0.003962752222904903,0.10098767009677634
3445,-0.6074590431725145,1.6983576662808442,0.14431693449478036,-1.2448467036897353,2.4086107377077814,-0.2046050914713833,0.06337990755990013,-0.6250563796513173,-0.564322180143457,-0.33829726701626517
3446,-0.5441688186373119,-1.5681864291091574,-0.38112724010180754,-1.2448467036897353,-0.10428874490389983,-0.6521385410756733,0.06561122031557137,-0.4645928681062164,-0.43298793922457746,-0.451661121755114
3447,-0.20662095444956474,0.8817216424333439,-0.9065714146983955,-0.8310638202256104,-1.0117246691803428,-0.6521385410756733,0.12755671253253997,-0.0010316125314793153,0.031059712022128826,-0.09739907569620966
3448,-0.45978185259037524,0.8817216424333439,-0.9065714146983955,0.410284830166764,-0.38349979852741883,-0.2046050914713833,0.09966530308664931,-0.3219586356216819,-0.28414246618318095,-0.33829726701626517
3449,0.21531387578511957,-1.5681864291091574,1.1952052836879563,-1.2448467036897353,1.4313720500254572,-0.2046050914713833,0.19933060617329862,0.2753222129073057,0.3462618902274394,0.4835906798403931
3450,0.48957151543766425,-1.5681864291091574,1.1952052836879563,-1.2448467036897353,0.5937388891549003,-0.6521385410756733,0.266907506773628,0.6051638755277915,0.617685988126457,0.681977425633379
3451,1.481118366489172,1.6983576662808442,1.1952052836879563,0.410284830166764,1.8501886304607433,-0.6521385410756733,0.6793284811135313,1.2737618402990463,1.186801032108267,1.4896948906476815
3452,-1.050490614918933,0.8817216424333439,0.14431693449478036,0.410284830166764,0.7333444159666572,-1.0996719906799632,0.04122615948573553,-1.2490811467711553,-1.282282697166664,-1.1885261775576352
3453,-1.155974322477604,-0.751550405261657,0.14431693449478036,1.2378505970950135,-1.8493578300509,1.1379952573414867,0.026031982149497954,-1.454117855967674,-1.4136169380855428,-1.5711291873012518
3454,1.1224737607896906,-1.5681864291091574,0.6697611090913683,0.410284830166764,0.5239361257490193,1.5855287069457766,0.32954364341497105,1.1222129682842286,1.1255117196794562,1.192114771958202
3455,0.21531387578511957,-0.751550405261657,-0.9065714146983955,-1.2448467036897353,1.8501886304607433,1.1379952573414867,0.21872177654996547,0.1950904571347552,0.23243888143107744,0.44107923431332485
3456,0.5950552229963354,0.8817216424333439,-0.38112724010180754,-0.8310638202256104,-0.9419219057744619,-0.2046050914713833,0.23667853158370078,0.801285945194026,0.8278207735966633,0.681977425633379
3457,-0.9872003903837303,-1.5681864291091574,-1.4320155892949833,0.410284830166764,0.9427527061843003,-0.2046050914713833,0.03570100409074005,-1.2045079491197386,-1.142192840186526,-1.0751623228187863
3458,1.481118366489172,-1.5681864291091574,-0.9065714146983955,0.8240677136308887,-1.081527432586219,0.6904618077371967,0.8287733092493227,1.3985667937230135,1.4232026657622499,1.2346262174852707
3459,0.4473780324141958,0.06508561858584352,0.6697611090913683,-1.2448467036897353,0.035316781907857205,0.2429283581329067,0.2223343781543856,0.6408224336489251,0.5563966756976465,0.5969545345792426
3460,-0.5652655601490462,0.8817216424333439,1.1952052836879563,0.410284830166764,-0.24389427171566183,-1.0996719906799632,0.08579928810497796,-0.4467635890456492,-0.4154767071020606,-0.451661121755114
3461,-1.0293938734071988,0.06508561858584352,1.1952052836879563,1.2378505970950135,-0.4533025619332999,0.2429283581329067,0.043351219253041494,-1.2579957863014386,-1.212237768676595,-1.2593785867694165
3462,-1.1137808394541355,-1.5681864291091574,0.14431693449478036,1.6516334805591384,-0.38349979852741883,-0.2046050914713833,0.036232269032566544,-1.4184592978465402,-1.36983885777925,-1.4152538870353342
3463,-0.20662095444956474,0.06508561858584352,-1.4320155892949833,0.410284830166764,0.8729499427784192,1.5855287069457766,0.12830048345109707,-0.08126336830403057,-0.1965863055705951,-0.040717148326785545
3464,-0.8606199413133251,-1.5681864291091574,-1.4320155892949833,0.410284830166764,0.9427527061843003,-0.6521385410756733,0.05657971630452106,-0.9281541236809527,-0.9670805189613535,-0.8484346133410873
3465,0.48957151543766425,0.8817216424333439,1.1952052836879563,-1.2448467036897353,-1.0117246691803428,0.2429283581329067,0.27322955958136325,0.7477981080123259,0.7752870772291119,0.6252954982639549
3466,0.8904096041606141,-1.5681864291091574,1.7206494582845442,0.410284830166764,-0.6627108521509428,-0.6521385410756733,0.27413270998246825,1.086554410163095,1.029199943005612,0.951216580638147
3467,-0.7973297167781225,-1.5681864291091574,0.14431693449478036,-1.2448467036897353,-0.8023163789626999,0.2429283581329067,0.04000425011953461,-0.8211784493175527,-0.7394345013686295,-0.8484346133410873
3468,-0.8817166828250593,0.8817216424333439,-1.4320155892949833,1.2378505970950135,0.5937388891549003,-0.6521385410756733,0.06731126812941614,-1.0083858794535039,-0.9583249029000951,-0.9192870225528679
3469,-0.5230720771255777,0.06508561858584352,-1.4320155892949833,-1.2448467036897353,-0.38349979852741883,0.6904618077371967,0.08239919247728843,-0.4289343099850828,-0.39796547497954293,-0.451661121755114
3470,0.21531387578511957,-1.5681864291091574,-0.38112724010180754,0.8240677136308887,1.2917665232137003,-1.0996719906799632,0.24889762524571005,0.3733832477404233,0.32875065810492254,0.5119316435251055
3471,-1.050490614918933,0.8817216424333439,-0.38112724010180754,-1.2448467036897353,-0.03448598149801883,-0.6521385410756733,0.024703819794931733,-1.2490811467711553,-1.212237768676595,-1.2168671412423475
3472,-0.9450069073602619,0.8817216424333439,-0.9065714146983955,0.410284830166764,-0.8023163789626999,-0.6521385410756733,0.05647346331615577,-1.0351297980443537,-1.045881063512681,-1.1035032865034986
3473,-0.20662095444956474,-0.751550405261657,0.14431693449478036,-1.2448467036897353,0.7333444159666572,0.2429283581329067,0.13122244063114274,-0.11692192642516418,-0.07400768071297392,-0.012376184642073167
3474,-0.20662095444956474,0.06508561858584352,-1.4320155892949833,-0.8310638202256104,0.8729499427784192,0.2429283581329067,0.12405036391648515,-0.03669017065261294,-0.08276329677423314,0.044305742727351584
3475,-0.5230720771255777,0.06508561858584352,-1.4320155892949833,-0.8310638202256104,-2.337977173892062,1.5855287069457766,0.060245444403123835,-0.3219586356216819,-0.37169862679576765,-0.5933659401786759
3476,-0.6074590431725145,-1.5681864291091574,-0.9065714146983955,0.8240677136308887,0.3145278355313812,0.6904618077371967,0.10407480210380916,-0.562653902939334,-0.5292997158984225,-0.5083430491245388
3477,-0.5230720771255777,0.8817216424333439,-1.4320155892949833,-1.2448467036897353,-0.10428874490389983,-0.6521385410756733,0.08611804707007385,-0.4200196704547996,-0.39796547497954293,-0.40914967622804577
3478,-0.8395231998015908,0.06508561858584352,-1.4320155892949833,0.8240677136308887,-1.1513301959920998,0.2429283581329067,0.05976730595548,-0.8657516469689694,-0.888279974410026,-0.9759689499222927
3479,-1.0082971318954645,0.8817216424333439,-0.38112724010180754,1.2378505970950135,-0.9419219057744619,-0.2046050914713833,0.04972639855495936,-1.1331908328774714,-1.1509484562477845,-1.2168671412423475
3480,-1.0293938734071988,0.8817216424333439,1.1952052836879563,0.410284830166764,0.6635416525607812,-0.2046050914713833,0.03708229293948892,-1.240166507240872,-1.2472602329216296,-1.1743556957152792
3481,-0.20662095444956474,-1.5681864291091574,0.14431693449478036,-1.2448467036897353,0.5239361257490193,0.6904618077371967,0.14195399245603782,-0.06343408924346336,-0.170319457386819,-0.054887630169141416
3482,0.46847477392593007,0.8817216424333439,0.14431693449478036,-0.8310638202256104,0.035316781907857205,-0.2046050914713833,0.25670721989055945,0.6764809917700587,0.6089303720651978,0.6394659801063115
3483,-0.6285557846842488,0.06508561858584352,-1.4320155892949833,0.410284830166764,0.6635416525607812,-1.5472054402842532,0.09275885884290495,-0.562653902939334,-0.5818334122659738,-0.4941725672821829
3484,0.4473780324141958,0.8817216424333439,0.6697611090913683,0.8240677136308887,-0.4533025619332999,-1.5472054402842532,0.2753014928544865,0.6497370731792083,0.6527084523714916,0.5827840527368867
3485,1.1435705023014249,0.8817216424333439,1.1952052836879563,-0.8310638202256104,0.1749223087196192,-1.0996719906799632,0.28465175583063274,1.1846154449962119,1.1342673357407154,1.177944290115846
3486,0.9115063456723483,0.8817216424333439,1.1952052836879563,-0.8310638202256104,-0.10428874490389983,-1.0996719906799632,0.20124315996387399,1.0508958520419613,1.0029330948218358,1.0078985080075717
3487,0.8060226381136772,0.06508561858584352,-0.38112724010180754,-1.2448467036897353,-1.1513301959920998,1.1379952573414867,0.2521383413908516,1.0330665729813941,0.8891100860254739,0.7953412803722286
3488,-0.05894376386742515,0.06508561858584352,0.14431693449478036,-0.8310638202256104,0.3145278355313812,0.2429283581329067,0.12123465972480477,0.15051725948333838,0.10110464051219785,0.17184007930855758
3489,0.4262812909024616,0.06508561858584352,0.14431693449478036,0.410284830166764,0.24472507212550018,0.2429283581329067,0.3212559103224778,0.6408224336489251,0.547641059636388,0.5969545345792426
3490,-0.5652655601490462,0.8817216424333439,-0.38112724010180754,-1.2448467036897353,0.4541333623431382,0.6904618077371967,0.06513308186792753,-0.4913367866970668,-0.4592547874083535,-0.4233201580704017
3491,-0.1855242129378305,-1.5681864291091574,-1.4320155892949833,0.410284830166764,1.2219637598078192,0.6904618077371967,0.15183552037401052,-0.045604810182896936,-0.12654137708052607,0.058476224569708087
3492,0.21531387578511957,0.06508561858584352,-0.9065714146983955,-1.2448467036897353,0.6635416525607812,0.2429283581329067,0.23274717101418477,0.3198954105587225,0.36377312234995707,0.4269087524709683
3493,-0.03784702235569092,-1.5681864291091574,-0.38112724010180754,-1.2448467036897353,0.9427527061843003,0.2429283581329067,0.13812888487488711,0.10594406183192076,0.12737148869597392,0.22852200667798234
3494,-0.1855242129378305,1.6983576662808442,0.14431693449478036,-1.2448467036897353,0.5937388891549003,-0.2046050914713833,0.11092811985337088,-0.0010316125314793153,-0.04774083252919862,0.044305742727351584
3495,0.4473780324141958,0.8817216424333439,-0.9065714146983955,-1.2448467036897353,0.1749223087196192,-1.0996719906799632,0.30292726982946394,0.5873345964672243,0.6264416041877154,0.6252954982639549
3496,1.6076988155595773,0.06508561858584352,0.6697611090913683,1.6516334805591384,-0.8721191423685809,0.2429283581329067,0.47059448546990384,1.6036035029195321,1.5020032103135774,1.404671999593545
3497,-1.0293938734071988,0.06508561858584352,1.1952052836879563,0.410284830166764,0.5937388891549003,-0.2046050914713833,0.03708229293948892,-1.2579957863014386,-1.256015848982888,-1.1885261775576352
3498,-0.9872003903837303,0.8817216424333439,-0.38112724010180754,1.6516334805591384,0.3145278355313812,-1.5472054402842532,0.04537002603198215,-1.1331908328774714,-1.1334372241252668,-1.0893328046611421
3499,-1.0082971318954645,0.8817216424333439,0.6697611090913683,1.2378505970950135,0.4541333623431382,-1.0996719906799632,0.04016362960208256,-1.2045079491197386,-1.2209933847378536,-1.1601852138729227
3500,-1.0082971318954645,0.06508561858584352,-0.38112724010180754,-1.2448467036897353,0.3145278355313812,-0.6521385410756733,0.03060086064920576,-1.1955933095894553,-1.2034821526153359,-1.1601852138729227
3501,1.5022151080009063,-1.5681864291091574,1.1952052836879563,0.8240677136308887,1.0823582329960573,-1.9947388898885432,0.7337300111565638,1.425310712313864,1.3356465051496633,1.5322063361747504
3502,0.32079758334379044,0.06508561858584352,-1.4320155892949833,-0.8310638202256104,-1.988963356862662,1.5855287069457766,0.2075652127716092,0.6408224336489251,0.5914191399426809,0.3560563432591877
3503,-0.9239101658485277,0.8817216424333439,-0.38112724010180754,1.2378505970950135,0.1749223087196192,-1.5472054402842532,0.04159804494501408,-1.0173005189837871,-0.9845917510838703,-0.9759689499222927
3504,0.8904096041606141,0.8817216424333439,1.1952052836879563,0.410284830166764,-1.1513301959920998,-0.2046050914713833,0.528821123094087,1.095469049693378,1.1167561036181979,0.937046098795791
3505,-0.6707492677077173,-0.751550405261657,1.1952052836879563,0.8240677136308887,-2.477582700703819,0.779968497658056,0.06523933485629284,-0.5715685424696173,-0.5205440998371641,-0.7917526859716626
3506,0.40518454939072734,1.6983576662808442,0.6697611090913683,-0.8310638202256104,4.432890876478296,-0.6521385410756733,0.14933857514742602,0.4268710849221234,0.28497257779862883,0.9087051351110781
3507,-0.5230720771255777,0.8817216424333439,1.1952052836879563,0.8240677136308887,-0.31369703512154284,-0.2046050914713833,0.0885618658024757,-0.4289343099850828,-0.39796547497954293,-0.43749063991275816
3508,0.8482161211371456,-1.5681864291091574,1.1952052836879563,-1.2448467036897353,1.2219637598078192,-0.6521385410756733,0.3541412102215375,0.9260908986179933,0.845332005719181,1.0504099535346405
3509,1.903053196723856,0.06508561858584352,0.14431693449478036,0.8240677136308887,-0.8023163789626999,0.2429283581329067,0.979121287786219,1.7373230958737826,1.7296492279063014,1.588888263544175
3510,0.21531387578511957,0.06508561858584352,0.6697611090913683,-0.8310638202256104,-0.8023163789626999,1.1379952573414867,0.1566169048504489,0.4892735616341074,0.43381805084002606,0.3560563432591877
3511,-1.050490614918933,0.06508561858584352,-0.9065714146983955,0.410284830166764,-0.5231053253391809,1.1379952573414867,0.03771981086968071,-1.2847397048922888,-1.2297490007991119,-1.2877195504541288
3512,-1.050490614918933,-1.5681864291091574,-0.9065714146983955,-1.2448467036897353,0.38433059893725724,-0.2046050914713833,0.027838282951708017,-1.3114836234831393,-1.2472602329216296,-1.231037623084704
3513,-0.1644274714260963,0.8817216424333439,0.6697611090913683,-1.2448467036897353,-0.31369703512154284,-0.6521385410756733,0.12490038782340754,0.04354158511993751,0.06608217626716334,0.015964779042639207
3514,0.9747965702075511,0.06508561858584352,1.7206494582845442,-1.2448467036897353,-0.03448598149801883,0.2429283581329067,0.27662965520905275,1.1222129682842286,1.029199943005612,1.0645804353769965
3515,1.481118366489172,0.8817216424333439,1.1952052836879563,0.8240677136308887,-0.31369703512154284,-0.6521385410756733,0.8591085374276152,1.4966278285561312,1.4319582818235084,1.404671999593545
3516,-1.050490614918933,0.8817216424333439,-1.4320155892949833,1.2378505970950135,-0.8721191423685809,-0.2046050914713833,0.047548212293470754,-1.240166507240872,-1.1772153044315605,-1.2735490686117723
3517,-0.05894376386742515,0.8817216424333439,0.14431693449478036,-1.2448467036897353,-0.03448598149801883,-0.6521385410756733,0.19667428146416618,0.10594406183192076,0.15363833687975,0.1293286337814887
3518,-0.6918460092194515,0.8817216424333439,0.6697611090913683,-0.4172809367614856,0.3145278355313812,-1.0996719906799632,0.06258301014716039,-0.6607149377724509,-0.6343671086335261,-0.6075364220210324
3519,0.4473780324141958,-1.5681864291091574,-1.4320155892949833,-1.2448467036897353,-2.1983716470803,0.2429283581329067,0.2532008712745046,0.7032249103609084,0.7402646129840774,0.4269087524709683
3520,-0.8395231998015908,-1.5681864291091574,0.6697611090913683,1.2378505970950135,-0.6627108521509428,0.2429283581329067,0.045104393561068906,-0.8746662864992527,-0.791968197736181,-0.8909460588681556
3521,-0.6285557846842488,-1.5681864291091574,0.14431693449478036,-0.4172809367614856,-0.24389427171566183,1.1379952573414867,0.11889709398076821,-0.5893978215301837,-0.5555665640821986,-0.5933659401786759
3522,-1.1348775809658698,-1.5681864291091574,-0.38112724010180754,1.6516334805591384,-0.8721191423685809,-0.6521385410756733,0.02581947617276736,-1.4273739373768235,-1.3785944738405085,-1.4577653325624031
3523,3.27434139498658,0.06508561858584352,0.6697611090913683,-1.2448467036897353,0.035316781907857205,0.2429283581329067,0.7535993199808745,2.539640653599289,2.36880920037818,2.439117174085545
3524,-0.6285557846842488,0.06508561858584352,-0.9065714146983955,0.410284830166764,0.8031471793725382,1.5855287069457766,0.0980183817669872,-0.6250563796513173,-0.678145188939819,-0.5650249764939635
3525,0.21531387578511957,0.06508561858584352,1.1952052836879563,-0.8310638202256104,-0.9419219057744619,0.2429283581329067,0.1830207724592254,0.462529643043257,0.49510736326883587,0.3560563432591877
3526,-0.6285557846842488,0.8817216424333439,1.1952052836879563,0.410284830166764,0.5937388891549003,-0.2046050914713833,0.07565212771609202,-0.5537392634090501,-0.5993446443884916,-0.5083430491245388
3527,2.7258261156814902,-1.5681864291091574,0.6697611090913683,-0.8310638202256104,0.8729499427784192,-0.2046050914713833,0.7811719704616692,2.1028233166154022,2.097385102479164,2.226559946450203
3528,-0.8184264582898567,-0.751550405261657,1.1952052836879563,1.2378505970950135,1.2917665232137003,-0.6521385410756733,0.04483876109015566,-0.9014102050901031,-0.8707687422875084,-0.7492412404445943
3529,0.004346460667777534,0.8817216424333439,0.14431693449478036,-0.8310638202256104,-0.24389427171566183,-0.6521385410756733,0.16277957817563618,0.23074901525588884,0.17114956900226685,0.17184007930855758
3530,-0.1644274714260963,0.8817216424333439,-0.9065714146983955,0.410284830166764,0.24472507212550018,-1.5472054402842532,0.18328640493013865,0.025712306059370308,0.06608217626716334,0.07264670641206396
3531,-0.9028134243367935,0.8817216424333439,1.1952052836879563,-1.2448467036897353,0.1051195453137382,-1.0996719906799632,0.031132125591032248,-0.9905566003929368,-0.9408136707775774,-0.9476279862375803
3532,0.9326030871840826,0.8817216424333439,1.1952052836879563,0.410284830166764,0.38433059893725724,-0.2046050914713833,0.46746002231312755,1.086554410163095,1.0116887108830943,1.0929213990617082
3533,2.578148925099351,0.06508561858584352,-1.4320155892949833,-0.8310638202256104,-0.5231053253391809,0.6904618077371967,0.9624926951070499,2.1830550723879525,2.0886294864179042,2.028173200657216
3534,1.6287955570713115,0.8817216424333439,1.7206494582845442,-1.2448467036897353,0.1749223087196192,-0.8311519209173887,0.4268713807575838,1.5144571076166977,1.5195144424360942,1.5322063361747504
3535,-0.9872003903837303,0.8817216424333439,0.14431693449478036,1.2378505970950135,-0.24389427171566183,-0.2046050914713833,0.04951389257822876,-1.106446914286621,-1.1071703759414915,-1.1176737683458546
3536,-1.050490614918933,-1.5681864291091574,-0.38112724010180754,-1.2448467036897353,0.8729499427784192,-1.5472054402842532,0.022366254050895183,-1.3025689839528563,-1.256015848982888,-1.1885261775576352
3537,-1.050490614918933,0.8817216424333439,-0.9065714146983955,1.6516334805591384,-0.10428874490389983,-0.2046050914713833,0.04324496626467619,-1.2669104258317225,-1.2385046168603704,-1.24520810492706
3538,-0.5019753356138434,0.8817216424333439,-1.4320155892949833,-1.2448467036897353,0.6635416525607812,-0.2046050914713833,0.08393986080858525,-0.4467635890456492,-0.4067210910408021,-0.35246774885862103
3539,-0.20662095444956474,0.06508561858584352,-1.4320155892949833,-1.2448467036897353,-0.31369703512154284,0.2429283581329067,0.14753227434521596,-0.018860891592046524,-0.04774083252919862,-0.0690581120114973
3540,-0.14333072991436205,-1.5681864291091574,-1.4320155892949833,1.6516334805591384,1.1521609964019384,0.2429283581329067,0.18652712107528024,-0.045604810182896936,-0.03022960040668098,0.10098767009677634
3541,-0.6074590431725145,-0.751550405261657,1.1952052836879563,1.6516334805591384,1.2219637598078192,-0.6521385410756733,0.09297136481963555,-0.5893978215301837,-0.5468109480209394,-0.43749063991275816
3542,-0.016750280843956692,0.8817216424333439,-0.9065714146983955,-0.8310638202256104,0.7333444159666572,-0.2046050914713833,0.15156988790309728,0.15051725948333838,0.10110464051219785,0.21435152483562583
3543,0.4473780324141958,-1.5681864291091574,-0.9065714146983955,1.6516334805591384,0.8729499427784192,-0.6521385410756733,0.5737661371726079,0.5516760383460907,0.5914191399426809,0.681977425633379
3544,-0.14333072991436205,0.06508561858584352,-1.4320155892949833,0.410284830166764,0.1749223087196192,-0.2046050914713833,0.15162301439727993,0.11485870136220476,0.022304095960870397,0.08681718825442046
3545,1.586602074047843,0.8817216424333439,-1.4320155892949833,-1.2448467036897353,-0.17409150830978082,-0.6521385410756733,0.7061042341815864,1.4877131890258481,1.4232026657622499,1.4188424814359009
3546,-0.9661036488719961,0.06508561858584352,-0.9065714146983955,0.410284830166764,-1.7097523032391428,0.6904618077371967,0.036497901503479785,-1.0529590771049209,-1.002102983206388,-1.1743556957152792
3547,0.9958933117192852,0.06508561858584352,0.14431693449478036,1.6516334805591384,-0.31369703512154284,1.1379952573414867,0.632470913244435,1.1222129682842286,1.0204443269443535,1.0220689898499276
3548,0.21531387578511957,-1.5681864291091574,1.1952052836879563,-1.2448467036897353,1.1521609964019384,-1.5472054402842532,0.19205227647027573,0.3377246896192897,0.3725287384112155,0.4977611616827496
3549,-0.9872003903837303,0.8817216424333439,-1.4320155892949833,1.2378505970950135,0.1051195453137382,-1.5472054402842532,0.050204537002603196,-1.1421054724077544,-1.1071703759414915,-1.1035032865034986
3550,0.8904096041606141,0.8817216424333439,0.6697611090913683,-1.2448467036897353,0.5239361257490193,-0.6521385410756733,0.2722201561918929,0.970664096269411,0.9241325502705084,1.0078985080075717
3551,-0.7762329752663882,-1.5681864291091574,0.14431693449478036,-0.8310638202256104,-0.8721191423685809,0.6904618077371967,0.0360728895500186,-0.7587759726055686,-0.7219232692461119,-0.8200936496563749
3552,1.1646672438131591,0.06508561858584352,0.6697611090913683,-0.8310638202256104,-1.360738486209743,0.6904618077371967,0.3036179142538384,1.36290823560188,1.283112808782112,1.1070918809040653
3553,1.5233118495126405,0.8817216424333439,1.1952052836879563,-1.2448467036897353,-1.0117246691803428,-0.2046050914713833,0.5899697178983159,1.5501156657378312,1.5545369066811288,1.390501517751188
3554,-0.6285557846842488,0.8817216424333439,1.1952052836879563,1.6516334805591384,0.24472507212550018,-1.0996719906799632,0.09764649630770865,-0.6072271005907509,-0.564322180143457,-0.5508544946516076
3555,-0.6074590431725145,0.06508561858584352,0.14431693449478036,-0.8310638202256104,-1.988963356862662,1.1379952573414867,0.06348616054826542,-0.437848949515366,-0.4767660195308704,-0.6642183493904572
3556,-0.8395231998015908,0.06508561858584352,1.1952052836879563,0.8240677136308887,-0.7325136155568189,0.2429283581329067,0.05976730595548,-0.8211784493175527,-0.8357462780424739,-0.8909460588681556
3557,0.21531387578511957,-1.5681864291091574,0.14431693449478036,-0.8310638202256104,1.1521609964019384,1.1379952573414867,0.1840833023428784,0.2931514919678721,0.3112394259824049,0.44107923431332485
3558,-0.9239101658485277,0.06508561858584352,-1.4320155892949833,0.410284830166764,-1.360738486209743,2.033062156550067,0.05381713860702332,-0.99947123992322,-1.0283698313901641,-1.1318442501882104
3559,-0.9239101658485277,-1.5681864291091574,1.1952052836879563,0.8240677136308887,0.035316781907857205,-0.6521385410756733,0.03936673218934283,-1.0351297980443537,-0.9933473671451296,-0.9901394317646491
3560,-0.438685111078641,0.06508561858584352,-0.38112724010180754,-1.2448467036897353,0.4541333623431382,0.2429283581329067,0.06720501514105084,-0.2773854379702651,-0.3366761625507331,-0.25327437596212804
3561,0.48957151543766425,-1.5681864291091574,0.14431693449478036,-1.2448467036897353,0.5239361257490193,0.6904618077371967,0.22748764809010252,0.6051638755277915,0.6264416041877154,0.681977425633379
3562,-0.8395231998015908,0.8817216424333439,1.1952052836879563,1.6516334805591384,-0.4533025619332999,-0.2046050914713833,0.04861074217712373,-0.9014102050901031,-0.8357462780424739,-0.9051165407105121
3563,-0.1011372468908936,0.8817216424333439,-1.4320155892949833,0.410284830166764,-1.081527432586219,-0.2046050914713833,0.16957976943101524,0.177261178074188,0.14488272081849157,0.03013526088499571
3564,3.6118892591743266,0.06508561858584352,-0.38112724010180754,-0.8310638202256104,-0.8023163789626999,1.5855287069457766,0.7726186048982627,2.807079839507791,2.578943985848387,2.481628619612614
3565,-0.6074590431725145,0.8817216424333439,0.14431693449478036,1.6516334805591384,0.4541333623431382,-0.2046050914713833,0.11119375232428412,-0.5804831819999005,-0.5380553319596809,-0.5083430491245388
3566,-1.050490614918933,0.06508561858584352,-0.9065714146983955,0.410284830166764,0.7333444159666572,0.6904618077371967,0.04839823620039314,-1.293654344422572,-1.2910383132279224,-1.2168671412423475
3567,-0.3964916280551725,-1.5681864291091574,-0.38112724010180754,0.410284830166764,1.0823582329960573,0.01916163333076169,0.08447112575041173,-0.3130439960913987,-0.2928980822444394,-0.1824219667503468
3568,-0.7762329752663882,0.8817216424333439,-1.4320155892949833,0.8240677136308887,-0.38349979852741883,-0.6521385410756733,0.052117090793178555,-0.7498613330752854,-0.6956564210623358,-0.7492412404445943
3569,2.5570521835876163,0.06508561858584352,-0.38112724010180754,-0.8310638202256104,0.3145278355313812,1.5855287069457766,0.832651543324656,2.093908677085119,2.018584557927835,2.0848551280266405
3570,-0.12223398840262782,0.06508561858584352,0.14431693449478036,-1.2448467036897353,-0.38349979852741883,0.6904618077371967,0.14577910003718855,0.13268798042277116,0.07483779232842254,0.058476224569708087
3571,-1.0082971318954645,0.8817216424333439,-1.4320155892949833,0.8240677136308887,-1.2909357228038618,-1.0996719906799632,0.04026988259044786,-1.1331908328774714,-1.0896591438189738,-1.2168671412423475
3572,-0.5863623016607803,0.8817216424333439,1.1952052836879563,1.6516334805591384,-0.5929080887450618,-0.6521385410756733,0.09870902619136163,-0.4556782285759332,-0.4154767071020606,-0.4941725672821829
3573,0.6794421890432724,0.8817216424333439,1.1952052836879563,1.6516334805591384,-0.10428874490389983,-1.0996719906799632,0.5217021728736121,0.8458591428454428,0.8803544699642155,0.8378527258992975
3574,0.8904096041606141,0.06508561858584352,-0.9065714146983955,0.410284830166764,-1.5003440130215,1.1379952573414867,0.47548212293470754,1.1043836892236614,1.0642224072506465,0.8661936895840104
3575,-0.3964916280551725,0.8817216424333439,-0.38112724010180754,0.410284830166764,0.5239361257490193,-1.5472054402842532,0.08452425224459438,-0.2684707984399819,-0.24912000193814646,-0.1965924485927033
3576,-1.050490614918933,1.6983576662808442,-0.9065714146983955,1.6516334805591384,2.4086107377077814,0.6904618077371967,0.04101365350900494,-1.3649714606648393,-1.3610832417179914,-1.146014732030567
3577,-0.20662095444956474,-0.751550405261657,0.6697611090913683,0.410284830166764,-2.966202044544981,2.033062156550067,0.12049088880624767,0.07028550371078714,0.03981532808338804,-0.2957858214891963
3578,-0.438685111078641,-1.5681864291091574,-1.4320155892949833,0.410284830166764,-0.8023163789626999,1.1379952573414867,0.11124687881846677,-0.2595561589096979,-0.21409753769311196,-0.3241267851739087
3579,-0.08004050537915937,0.8817216424333439,-1.4320155892949833,-1.2448467036897353,0.6635416525607812,-1.5472054402842532,0.15183552037401052,0.13268798042277116,0.08359340838968098,0.18601056115091347
3580,-1.0082971318954645,0.8817216424333439,-0.38112724010180754,-1.2448467036897353,-0.8023163789626999,-0.2046050914713833,0.03060086064920576,-1.1510201119380377,-1.1684596883703013,-1.2168671412423475
3581,0.4473780324141958,0.8817216424333439,-0.38112724010180754,0.410284830166764,0.6635416525607812,-0.6521385410756733,0.27445146894756417,0.5516760383460907,0.5826635238814225,0.6536364619486673
3582,1.903053196723856,-1.5681864291091574,1.7206494582845442,0.410284830166764,1.0125554695901813,0.2429283581329067,0.4106678000318759,1.6303474215103817,1.5457812906198702,1.7305930819677364
3583,0.48957151543766425,-0.751550405261657,-0.38112724010180754,-0.8310638202256104,2.2690052108960193,-0.2046050914713833,0.20676831535886947,0.5071028406946738,0.5126185953913535,0.7953412803722286
3584,0.5739584814846012,0.8817216424333439,-1.4320155892949833,-0.8310638202256104,0.4541333623431382,1.1379952573414867,0.28050788928438614,0.6764809917700587,0.6877309166165253,0.7386593530028038
3585,0.5950552229963354,0.8817216424333439,-1.4320155892949833,-0.8310638202256104,-0.03448598149801883,-0.2046050914713833,0.26988259044785634,0.7745420266031756,0.7139977648003013,0.7386593530028038
3586,-1.0293938734071988,0.8817216424333439,1.1952052836879563,1.2378505970950135,-0.17409150830978082,-1.0996719906799632,0.04191680391010997,-1.1955933095894553,-1.1509484562477845,-1.1743556957152792
3587,0.06763668520297998,0.8817216424333439,1.1952052836879563,-1.2448467036897353,0.035316781907857205,-1.0996719906799632,0.16846411305317963,0.2842368524375889,0.3112394259824049,0.29937441588976293
3588,-1.0293938734071988,0.8817216424333439,-0.38112724010180754,0.410284830166764,0.3145278355313812,-1.0996719906799632,0.0333634383467035,-1.2134225886500216,-1.212237768676595,-1.1743556957152792
3589,-1.050490614918933,-1.5681864291091574,0.6697611090913683,-1.2448467036897353,-0.8721191423685809,2.033062156550067,0.02093183870796366,-1.2490811467711553,-1.1947265365540773,-1.2877195504541288
3590,-0.6074590431725145,0.06508561858584352,1.1952052836879563,-0.8310638202256104,0.8729499427784192,1.5855287069457766,0.05610157785687722,-0.5804831819999005,-0.6518783407560429,-0.5225135309668953
3591,0.4473780324141958,-1.5681864291091574,0.6697611090913683,-1.2448467036897353,0.7333444159666572,0.2429283581329067,0.20655580938213888,0.5695053174066579,0.5826635238814225,0.6678069437910232
3592,-0.9028134243367935,0.8817216424333439,1.1952052836879563,-0.4172809367614856,-0.17409150830978082,-0.6521385410756733,0.05610157785687722,-1.0083858794535039,-0.9583249029000951,-0.9901394317646491
3593,0.38408780787899316,-1.5681864291091574,-1.4320155892949833,-0.8310638202256104,-0.4533025619332999,1.1379952573414867,0.2069276948414174,0.5160174802249571,0.547641059636388,0.4694201979980372
3594,-0.9661036488719961,-0.751550405261657,-0.38112724010180754,0.410284830166764,0.9427527061843003,-0.6521385410756733,0.028528927376082452,-1.1777640305288881,-1.11592599200275,-1.0468213591340738
3595,1.0169900532310194,0.8817216424333439,-0.38112724010180754,0.410284830166764,0.38433059893725724,-0.6521385410756733,0.3770918557084418,1.1043836892236614,1.0116887108830943,1.1070918809040653
3596,1.0802802777662222,0.8817216424333439,-0.38112724010180754,-0.8310638202256104,0.3145278355313812,-0.2046050914713833,0.35074111459384794,1.1311276078145118,1.0729780233119048,1.1354328445887771
3597,0.4473780324141958,0.06508561858584352,-1.4320155892949833,-1.2448467036897353,0.5937388891549003,0.2429283581329067,0.2974552409286511,0.524932119755241,0.49510736326883587,0.5827840527368867
3598,0.6372487060198039,0.06508561858584352,-0.9065714146983955,-1.2448467036897353,-2.058766120268543,1.5855287069457766,0.2978271263879297,0.8904323404968605,0.8190651575354049,0.5686135708945302
3599,0.8060226381136772,-1.5681864291091574,1.1952052836879563,0.410284830166764,0.6635416525607812,-1.233932025561249,0.4468469425702598,0.8993469800271436,0.9066213181479907,0.97955754432286
3600,0.46847477392593007,0.06508561858584352,-1.4320155892949833,-1.2448467036897353,0.7333444159666572,0.2429283581329067,0.2884237369176008,0.6408224336489251,0.5739079078201633,0.6961479074757362
3601,-0.5652655601490462,-1.5681864291091574,0.6697611090913683,0.410284830166764,-1.0117246691803428,1.1827486023019163,0.06322052807735218,-0.4556782285759332,-0.424232323163319,-0.5366840128092512
3602,-0.9872003903837303,0.06508561858584352,1.1952052836879563,0.8240677136308887,-0.8721191423685809,0.2429283581329067,0.04537002603198215,-1.106446914286621,-1.142192840186526,-1.1885261775576352
3603,-1.0082971318954645,0.8817216424333439,1.1952052836879563,1.6516334805591384,-0.24389427171566183,-1.0996719906799632,0.038782340753333686,-1.1866786700591714,-1.142192840186526,-1.1743556957152792
3604,-0.45978185259037524,0.8817216424333439,-0.9065714146983955,1.6516334805591384,0.24472507212550018,-0.2046050914713833,0.13903203527599214,-0.36653183327309874,-0.2928980822444394,-0.3099563033315528
3605,-0.9028134243367935,-1.5681864291091574,-0.9065714146983955,0.8240677136308887,-0.4533025619332999,0.2429283581329067,0.04356372522977209,-0.9548980422718031,-0.9057912065325429,-0.9617984680799367
3606,2.6203424081228195,0.06508561858584352,1.1952052836879563,-0.8310638202256104,0.24472507212550018,0.6904618077371967,0.7915847633214684,2.14739651426682,2.0360957900503536,2.113196091711354
3607,-0.5863623016607803,0.8817216424333439,-1.4320155892949833,-1.2448467036897353,-0.4533025619332999,-0.2046050914713833,0.08797747436646655,-0.4735075076364996,-0.49427725165338804,-0.5366840128092512
3608,-0.9450069073602619,0.06508561858584352,-1.4320155892949833,0.410284830166764,-1.5701467764273809,0.2429283581329067,0.0522764702757265,-0.9905566003929368,-1.002102983206388,-1.1318442501882104
3609,1.8819564552121217,-1.5681864291091574,0.6697611090913683,-1.2448467036897353,0.035316781907857205,1.1379952573414867,0.5576688094352653,1.648176700570949,1.6420930672937155,1.631399709071244
3610,0.48957151543766425,0.06508561858584352,1.7206494582845442,-1.2448467036897353,-0.03448598149801883,-1.5472054402842532,0.22063433034054084,0.738883468482042,0.6702196844940084,0.6961479074757362
3611,0.784925896601943,0.8817216424333439,-0.38112724010180754,-0.8310638202256104,0.38433059893725724,-0.2046050914713833,0.27152951176751844,0.9350055381482772,0.8803544699642155,0.951216580638147
3612,-0.5652655601490462,0.06508561858584352,-0.9065714146983955,-1.2448467036897353,-0.24389427171566183,0.2429283581329067,0.08319608989002816,-0.48242214716678283,-0.44174355528583586,-0.4800020854398264
3613,-0.20662095444956474,-1.5681864291091574,1.1952052836879563,1.6516334805591384,1.1521609964019384,0.6904618077371967,0.15433246560059502,-0.09909264736459697,-0.08276329677423314,0.044305742727351584
3614,1.903053196723856,0.8817216424333439,1.1952052836879563,0.410284830166764,0.8031471793725382,-1.0996719906799632,0.8370610423418159,1.7194938168132161,1.6333374512324563,1.787275009337161
3615,0.257507358808588,-0.751550405261657,-0.9065714146983955,-0.8310638202256104,-1.919160593456781,0.2429283581329067,0.209105881102906,0.5160174802249571,0.547641059636388,0.28520393404740707
3616,0.21531387578511957,0.8817216424333439,-1.4320155892949833,-0.8310638202256104,0.1749223087196192,-1.0996719906799632,0.19454922169686023,0.3733832477404233,0.43381805084002606,0.4269087524709683
3617,-0.9661036488719961,0.06508561858584352,1.1952052836879563,0.410284830166764,0.035316781907857205,0.2429283581329067,0.0406417680497264,-1.0975322747563376,-1.1071703759414915,-1.0893328046611421
3618,0.4473780324141958,-1.5681864291091574,-0.38112724010180754,-1.2448467036897353,1.0823582329960573,0.2429283581329067,0.24661318599585613,0.5962492359975082,0.5563966756976465,0.7103183893180921
3619,0.9326030871840826,0.06508561858584352,-1.4320155892949833,-1.2448467036897353,-1.430541249615619,0.6904618077371967,0.3652446475057111,1.1935300845264958,1.0992448714956808,0.937046098795791
3620,1.481118366489172,0.06508561858584352,-1.4320155892949833,-0.8310638202256104,-0.17409150830978082,0.6904618077371967,0.42841204908888064,1.3985667937230135,1.309379656965888,1.3196491085394073
3621,0.21531387578511957,1.6983576662808442,-1.4320155892949833,-0.8310638202256104,1.8501886304607433,0.2429283581329067,0.14020081814801041,0.3020661314981561,0.24119449749233587,0.4977611616827496
3622,-0.438685111078641,0.06508561858584352,0.6697611090913683,-0.4172809367614856,-0.38349979852741883,0.2429283581329067,0.10439356106890506,-0.2863000775005483,-0.31040931436695707,-0.33829726701626517
3623,-0.9450069073602619,0.8817216424333439,-0.9065714146983955,1.2378505970950135,-0.17409150830978082,-0.2046050914713833,0.061998618711151254,-1.079702995695771,-1.0371254474514224,-1.0609918409764298
3624,-0.9028134243367935,0.06508561858584352,1.1952052836879563,0.8240677136308887,-1.779555066645019,1.5855287069457766,0.050842054932794985,-0.9192394841506695,-0.9670805189613535,-1.1035032865034986
3625,-0.1644274714260963,0.8817216424333439,1.1952052836879563,-1.2448467036897353,-0.24389427171566183,-1.5472054402842532,0.13536630717738937,0.05245622465022072,0.06608217626716334,0.03013526088499571
3626,-0.1855242129378305,-0.751550405261657,0.6697611090913683,0.8240677136308887,-0.17409150830978082,2.928129055758647,0.12362535196302396,0.025712306059370308,-0.07400768071297392,-0.040717148326785545
3627,0.4262812909024616,0.06508561858584352,0.14431693449478036,0.410284830166764,-0.8721191423685809,0.6904618077371967,0.3527599213727886,0.7477981080123259,0.5739079078201633,0.5402726072098178
3628,-0.1855242129378305,-0.751550405261657,0.14431693449478036,-1.2448467036897353,1.7803858670548574,-0.2046050914713833,0.11289380013812889,-0.09909264736459697,-0.1615638413255606,0.07264670641206396
3629,0.21531387578511957,-0.751550405261657,-0.38112724010180754,-0.8310638202256104,0.6635416525607812,2.928129055758647,0.15316368272857675,0.3198954105587225,0.23243888143107744,0.3560563432591877
3630,0.48957151543766425,0.8817216424333439,1.7206494582845442,-1.2448467036897353,-0.03448598149801883,-0.6521385410756733,0.23349094193274186,0.6764809917700587,0.6964865326777845,0.681977425633379
3631,-0.6074590431725145,0.8817216424333439,0.14431693449478036,0.410284830166764,-0.31369703512154284,-0.6521385410756733,0.08298358391329756,-0.5002514262273501,-0.5205440998371641,-0.5366840128092512
3632,-0.03784702235569092,-1.5681864291091574,-0.38112724010180754,-0.8310638202256104,0.5937388891549003,0.6904618077371967,0.12776921850927056,0.07028550371078714,0.10110464051219785,0.15766959746620107
3633,0.46847477392593007,0.8817216424333439,0.14431693449478036,-0.8310638202256104,0.4541333623431382,-0.2046050914713833,0.22945332837486054,0.5962492359975082,0.6089303720651978,0.6536364619486673
3634,0.6794421890432724,0.06508561858584352,-1.4320155892949833,-0.8310638202256104,0.8729499427784192,1.5855287069457766,0.22392817297986506,0.8280298637848764,0.7665314611678535,0.9087051351110781
3635,1.5022151080009063,1.6983576662808442,-0.9065714146983955,0.410284830166764,2.9670328449548196,-0.2046050914713833,0.8049726398554959,1.2826764798293295,1.1780454160470084,1.6455701909135998
3636,2.5359554420758825,-1.5681864291091574,-0.38112724010180754,-1.2448467036897353,-1.1513301959920998,1.5855287069457766,0.8415236678531584,2.111737956145685,2.097385102479164,1.9006388640760106
3637,-1.050490614918933,0.8817216424333439,1.7206494582845442,-0.4172809367614856,-0.17409150830978082,-0.2046050914713833,0.025978855655315304,-1.2847397048922888,-1.2034821526153359,-1.24520810492706
3638,0.257507358808588,-1.5681864291091574,-0.38112724010180754,0.8240677136308887,-0.03448598149801883,2.033062156550067,0.2246188174042395,0.4179564453918402,0.33750627416618095,0.3702268251015436
3639,-0.9450069073602619,-0.751550405261657,0.6697611090913683,-1.2448467036897353,1.2917665232137003,-0.6521385410756733,0.032194655474685224,-1.0707883561654872,-1.0809035277577155,-0.9476279862375803
3640,-0.5230720771255777,0.8817216424333439,-0.9065714146983955,0.410284830166764,-0.03448598149801883,-1.0996719906799632,0.11331881209159007,-0.4111050309245164,-0.38920985891828447,-0.3949791943856899
3641,0.4262812909024616,-1.5681864291091574,0.14431693449478036,0.410284830166764,0.3145278355313812,-0.2046050914713833,0.3284811135313181,0.5962492359975082,0.6089303720651978,0.6394659801063115
3642,0.5528617399728669,0.8817216424333439,1.1952052836879563,1.6516334805591384,-1.0117246691803428,-0.2046050914713833,0.46358178823779417,0.7834566661334595,0.8278207735966633,0.6678069437910232
3643,0.21531387578511957,-0.751550405261657,-1.4320155892949833,-1.2448467036897353,1.4313720500254572,1.5855287069457766,0.18015194177336238,0.2842368524375889,0.3024838099211465,0.4694201979980372
3644,0.8482161211371456,0.06508561858584352,0.14431693449478036,0.410284830166764,0.24472507212550018,-1.5472054402842532,0.4673006428305796,0.9260908986179933,0.871598853902957,0.9228756169534352
3645,0.4262812909024616,-0.751550405261657,0.6697611090913683,-1.2448467036897353,1.4313720500254572,0.2429283581329067,0.2045370026031982,0.4892735616341074,0.5126185953913535,0.681977425633379
3646,-1.1981678055010725,-0.751550405261657,1.1952052836879563,1.6516334805591384,1.4313720500254572,-0.6521385410756733,0.022738139510173724,-1.596752088452208,-1.6062404914332327,-1.471935814404759
3647,-1.050490614918933,0.8817216424333439,1.1952052836879563,0.410284830166764,-0.10428874490389983,-0.2046050914713833,0.028953939329543644,-1.2758250653620058,-1.2297490007991119,-1.24520810492706
3648,-0.8184264582898567,0.06508561858584352,0.14431693449478036,-1.2448467036897353,0.5937388891549003,-1.0996719906799632,0.051479572862986774,-0.8479223679084023,-0.8707687422875084,-0.7917526859716626
3649,0.4473780324141958,0.8817216424333439,-0.9065714146983955,-1.2448467036897353,0.4541333623431382,-1.5472054402842532,0.2734420655580938,0.7032249103609084,0.5651522917589049,0.6961479074757362
3650,0.8482161211371456,0.06508561858584352,-1.4320155892949833,-0.0034980532973608127,0.38433059893725724,1.1379952573414867,0.20565265898103385,0.9350055381482772,0.8540876217804394,0.937046098795791
3651,0.5528617399728669,0.06508561858584352,-0.38112724010180754,0.410284830166764,-0.4533025619332999,0.6904618077371967,0.2737076980290071,0.7567127475426092,0.6789753005552669,0.6536364619486673
3652,-0.9872003903837303,-1.5681864291091574,1.1952052836879563,0.8240677136308887,-0.31369703512154284,-0.2046050914713833,0.03617914253838389,-1.124276193347188,-1.0896591438189738,-1.1176737683458546
3653,-0.6074590431725145,0.8817216424333439,-0.38112724010180754,-0.4172809367614856,0.38433059893725724,-1.5472054402842532,0.09982468256919726,-0.5269953448182004,-0.49427725165338804,-0.46583160359747056
3654,1.1224737607896906,0.06508561858584352,0.6697611090913683,0.410284830166764,0.5239361257490193,1.5855287069457766,0.33554693725761037,1.1489568868750781,1.0992448714956808,1.192114771958202
3655,-0.05894376386742515,-1.5681864291091574,1.1952052836879563,0.8240677136308887,-0.4533025619332999,-1.5472054402842532,0.16984540190192848,0.1594318990136216,0.17990518506352607,0.11515815193913284
3656,0.4262812909024616,0.8817216424333439,-1.4320155892949833,0.410284830166764,-0.10428874490389983,-0.2046050914713833,0.3570100409074005,0.6319077941186418,0.5651522917589049,0.5827840527368867
3657,0.4473780324141958,-0.751550405261657,-0.9065714146983955,-0.8310638202256104,-2.8963992811391,2.033062156550067,0.22631886521808425,0.738883468482042,0.8103095414741465,0.38439730694390006
3658,0.3418943248555247,1.6983576662808442,-0.38112724010180754,-0.0034980532973608127,5.200721273942982,-0.6521385410756733,0.09238697338362642,0.21291973619532162,0.08359340838968098,0.7670003166875169
3659,-1.0082971318954645,0.8817216424333439,-0.9065714146983955,0.410284830166764,0.1051195453137382,-1.0996719906799632,0.04026988259044786,-1.1777640305288881,-1.1334372241252668,-1.1318442501882104
3660,-1.0293938734071988,0.8817216424333439,0.14431693449478036,-0.4172809367614856,0.1749223087196192,-1.5472054402842532,0.048557615682941084,-1.2045079491197386,-1.1684596883703013,-1.1601852138729227
3661,0.21531387578511957,0.06508561858584352,1.7206494582845442,-0.8310638202256104,0.8729499427784192,0.6904618077371967,0.144344684694257,0.3644686082101393,0.32875065810492254,0.4552497161556807
3662,2.746922857193225,-0.751550405261657,-0.38112724010180754,-1.2448467036897353,1.3615692866195812,1.5855287069457766,0.6439462359878871,2.111737956145685,2.044851406111612,2.283241873819628
3663,-1.050490614918933,0.06508561858584352,1.1952052836879563,0.410284830166764,0.1051195453137382,0.2429283581329067,0.027944535940073314,-1.2758250653620058,-1.2297490007991119,-1.231037623084704
3664,-1.050490614918933,0.8817216424333439,-0.9065714146983955,0.410284830166764,0.3145278355313812,-1.5472054402842532,0.04839823620039314,-1.2669104258317225,-1.273527081105405,-1.231037623084704
3665,-1.0082971318954645,0.8817216424333439,-0.9065714146983955,1.2378505970950135,0.035316781907857205,-0.6521385410756733,0.04834510970621049,-1.2134225886500216,-1.1684596883703013,-1.1743556957152792
3666,2.578148925099351,0.06508561858584352,0.6697611090913683,0.410284830166764,-1.919160593456781,0.6904618077371967,0.9505923604101365,2.325689304872487,2.2199637273367836,1.9289798277607235
3667,0.9536998286958168,0.8817216424333439,1.1952052836879563,1.6516334805591384,0.5239361257490193,-1.5472054402842532,0.5650533921266535,1.0241519334511109,1.0467111751281288,1.0929213990617082
3668,-0.20662095444956474,0.8817216424333439,1.1952052836879563,-1.2448467036897353,0.1749223087196192,-0.6521385410756733,0.14338840779896936,-0.06343408924346336,-0.03898521646793941,-0.026546666484429042
3669,2.8735033062636304,0.8817216424333439,0.6697611090913683,-1.2448467036897353,0.1749223087196192,-0.6521385410756733,0.9578175636189767,2.272201467690786,2.2462305755205607,2.269071391977271
3670,-0.7129427507311856,-1.5681864291091574,-1.4320155892949833,0.8240677136308887,-2.128568883674419,1.1379952573414867,0.07713966955320618,-0.5804831819999005,-0.5117884837759049,-0.7634117222869502
3671,-0.8395231998015908,0.8817216424333439,-1.4320155892949833,1.2378505970950135,0.4541333623431382,-0.2046050914713833,0.07081761674547096,-0.9459834027415199,-0.888279974410026,-0.8626050951834432
3672,1.2701509513718297,-1.5681864291091574,1.7206494582845442,-1.2448467036897353,1.2219637598078192,0.2429283581329067,0.3264623067523774,1.1757008054659286,1.186801032108267,1.3479900722241203
3673,-0.9661036488719961,0.8817216424333439,1.1952052836879563,-0.4172809367614856,0.1051195453137382,-1.5472054402842532,0.051745205333900014,-1.0886176352260544,-1.0546366795739395,-1.0468213591340738
3674,-0.20662095444956474,-1.5681864291091574,-1.4320155892949833,0.8240677136308887,1.1521609964019384,1.1379952573414867,0.1629920841523668,-0.09017800783431376,-0.06525206465171549,0.058476224569708087
3675,-0.12223398840262782,-0.751550405261657,-1.4320155892949833,0.8240677136308887,0.9427527061843003,0.2429283581329067,0.15002921957180046,-0.0010316125314793153,0.013548479899611962,0.11515815193913284
3676,0.4473780324141958,-1.5681864291091574,-0.38112724010180754,0.410284830166764,0.1051195453137382,2.033062156550067,0.23784731445571908,0.5695053174066579,0.6264416041877154,0.6111250164215991
3677,0.6372487060198039,0.8817216424333439,1.1952052836879563,0.8240677136308887,0.1051195453137382,-1.0996719906799632,0.3999362482069808,0.7656273870728924,0.7840426932903704,0.7811707985298727
3678,-0.2910079204965014,0.8817216424333439,1.1952052836879563,1.2378505970950135,-0.17409150830978082,-0.6521385410756733,0.15353556818785527,-0.10800728689488018,-0.1352969931417845,-0.13991052122327854
3679,2.7680195987049587,0.06508561858584352,1.7206494582845442,0.410284830166764,-1.2909357228038618,1.1379952573414867,0.6930882431068374,2.3435185839330535,2.3425423521944047,2.0990256098689968
3680,-1.050490614918933,-1.5681864291091574,-0.9065714146983955,-1.2448467036897353,0.5239361257490193,0.6904618077371967,0.029325824788822185,-1.3114836234831393,-1.273527081105405,-1.231037623084704
3681,0.4262812909024616,0.06508561858584352,-0.38112724010180754,1.6516334805591384,-1.0117246691803428,0.6904618077371967,0.3207246453806513,0.6497370731792083,0.5914191399426809,0.4835906798403931
3682,-0.1644274714260963,-0.751550405261657,0.14431693449478036,-1.2448467036897353,1.5011748134313383,2.033062156550067,0.11624076927163576,-0.02777553112232973,-0.09151891283549156,0.11515815193913284
3683,1.481118366489172,-0.751550405261657,1.1952052836879563,0.8240677136308887,1.4313720500254572,0.2429283581329067,0.7223078149072942,1.2381032821779128,1.2918684248433703,1.4613539269629696
3684,-0.20662095444956474,-1.5681864291091574,0.14431693449478036,-1.2448467036897353,-0.03448598149801883,0.6904618077371967,0.12288158104446688,-0.08126336830403057,-0.04774083252919862,-0.0690581120114973
3685,-0.20662095444956474,0.06508561858584352,0.14431693449478036,1.6516334805591384,0.3145278355313812,0.2429283581329067,0.15805132019338045,-0.009946252061763314,-0.06525206465171549,0.0017942972002833347
3686,-0.9872003903837303,0.8817216424333439,1.1952052836879563,0.8240677136308887,0.24472507212550018,-1.0996719906799632,0.03538224512564416,-1.1599347514683216,-1.11592599200275,-1.1035032865034986
3687,0.48957151543766425,0.06508561858584352,0.14431693449478036,0.410284830166764,0.4541333623431382,0.2429283581329067,0.33506879880996654,0.6586517127094915,0.6001747560039394,0.681977425633379
3688,-0.9872003903837303,0.8817216424333439,1.1952052836879563,0.8240677136308887,0.24472507212550018,-1.5472054402842532,0.04537002603198215,-1.124276193347188,-1.1509484562477845,-1.1035032865034986
3689,1.9452466797473245,0.8817216424333439,0.6697611090913683,0.410284830166764,0.7333444159666572,-0.2046050914713833,0.5963980236944164,1.7462377354040666,1.6596042994162323,1.801445491179517
3690,1.5655053325361088,0.06508561858584352,0.6697611090913683,0.8240677136308887,-0.10428874490389983,0.2429283581329067,0.5399776868724433,1.478798549495564,1.4757363621298014,1.4471834451206125
3691,-1.0293938734071988,-1.5681864291091574,0.6697611090913683,0.8240677136308887,1.2219637598078192,-0.2046050914713833,0.0333634383467035,-1.293654344422572,-1.2910383132279224,-1.1743556957152792
3692,1.481118366489172,0.8817216424333439,-0.9065714146983955,0.410284830166764,0.5937388891549003,-0.6521385410756733,0.849598894968921,1.3718228751321633,1.2918684248433703,1.404671999593545
3693,0.4473780324141958,0.06508561858584352,-1.4320155892949833,-0.8310638202256104,-1.221132959397981,1.5855287069457766,0.2614354778728152,0.7121395498911923,0.6439528363102324,0.5119316435251055
3694,4.223694763014619,-0.751550405261657,1.1952052836879563,-0.8310638202256104,1.4313720500254572,0.2429283581329067,0.9981405727036073,2.8249091185683577,2.7277894588897835,-5.014556274993803
3695,-0.20662095444956474,0.8817216424333439,0.6697611090913683,1.2378505970950135,0.035316781907857205,-0.6521385410756733,0.1575731817457366,-0.03669017065261294,-0.003962752222904903,-0.012376184642073167
3696,-0.8184264582898567,0.06508561858584352,1.1952052836879563,0.410284830166764,-1.360738486209743,0.2429283581329067,0.05636721032779047,-0.7944345307267022,-0.818235045919957,-0.9334575043952245
3697,-1.050490614918933,0.8817216424333439,0.14431693449478036,-0.4172809367614856,0.035316781907857205,-1.0996719906799632,0.04637942942145248,-1.2669104258317225,-1.2297490007991119,-1.231037623084704
3698,-0.8817166828250593,0.8817216424333439,0.14431693449478036,0.410284830166764,0.38433059893725724,-1.5472054402842532,0.04622004993890453,-0.9638126818020863,-0.9145468225938014,-0.8909460588681556
3699,-1.050490614918933,0.06508561858584352,1.1952052836879563,1.6516334805591384,-0.6627108521509428,0.2429283581329067,0.046645061892365725,-1.2045079491197386,-1.2209933847378536,-1.2593785867694165
3700,-0.1855242129378305,0.8817216424333439,0.6697611090913683,0.410284830166764,0.3145278355313812,-1.0996719906799632,0.14243213090368168,-0.018860891592046524,-0.003962752222904903,0.03013526088499571
3701,-0.7973297167781225,0.8817216424333439,1.1952052836879563,1.6516334805591384,0.24472507212550018,-0.2046050914713833,0.05859852308346172,-0.8300930888478358,-0.8445018941037331,-0.8059231678140184
3702,-0.9872003903837303,0.8817216424333439,0.14431693449478036,1.6516334805591384,-0.24389427171566183,-0.6521385410756733,0.055251553949954846,-1.106446914286621,-1.1334372241252668,-1.1318442501882104
3703,0.4473780324141958,-0.751550405261657,1.1952052836879563,1.6516334805591384,1.0125554695901813,0.6904618077371967,0.3999362482069808,0.5427613988158074,0.5651522917589049,0.681977425633379
3704,0.4262812909024616,-0.751550405261657,0.14431693449478036,-1.2448467036897353,1.2917665232137003,0.2429283581329067,0.25771662328002976,0.4803589221038234,0.5038629793300943,0.6536364619486673
3705,-0.9661036488719961,0.06508561858584352,-0.38112724010180754,0.8240677136308887,0.3145278355313812,0.2429283581329067,0.031663390532858736,-1.1599347514683216,-1.0984147598802323,-1.0893328046611421
3706,0.23641061729685378,-0.751550405261657,-0.9065714146983955,-1.2448467036897353,1.5709775768372194,0.6904618077371967,0.17834564097115232,0.3555539686798561,0.2499501135535943,0.4977611616827496
3707,-0.755136233754654,0.8817216424333439,-1.4320155892949833,1.6516334805591384,0.1051195453137382,-0.6521385410756733,0.07087074323965362,-0.7320320540147182,-0.7481901174298881,-0.7209002767598819
3708,0.8904096041606141,-1.5681864291091574,-1.4320155892949833,0.410284830166764,-0.6627108521509428,0.6904618077371967,0.5033735323805982,1.0152372939208278,1.029199943005612,0.9228756169534352
3709,0.257507358808588,0.8817216424333439,-1.4320155892949833,-1.2448467036897353,0.24472507212550018,-0.6521385410756733,0.29304574191149124,0.4357857244524066,0.44257366690128447,0.4694201979980372
3710,-0.9872003903837303,-0.751550405261657,0.14431693449478036,1.2378505970950135,1.0823582329960573,-0.2046050914713833,0.04058864155554375,-1.2045079491197386,-1.1334372241252668,-1.0609918409764298
3711,0.4473780324141958,0.06508561858584352,-0.9065714146983955,-1.2448467036897353,-1.221132959397981,0.6904618077371967,0.30707113637571054,0.6943102708306251,0.6264416041877154,0.4977611616827496
3712,-0.9872003903837303,0.06508561858584352,1.1952052836879563,1.6516334805591384,-0.5929080887450618,0.6904618077371967,0.05126706688625617,-1.106446914286621,-1.1246816080640083,-1.1601852138729227
3713,1.5444085910243748,-1.5681864291091574,-1.4320155892949833,-0.8310638202256104,-1.7097523032391428,1.1379952573414867,0.4393561068905063,1.5233717471469816,1.510758826374836,1.2487966993276265
3714,0.48957151543766425,0.8817216424333439,-0.9065714146983955,-1.2448467036897353,-0.31369703512154284,-0.6521385410756733,0.35116612654730917,0.6675663522397756,0.7052421487390429,0.6394659801063115
3715,-1.1981678055010725,0.8817216424333439,-1.4320155892949833,1.6516334805591384,0.5239361257490193,-0.2046050914713833,0.02815704191680391,-1.6145813675127747,-1.5274399468819049,-1.5144472599318273
3716,0.5106682569493985,0.8817216424333439,-0.38112724010180754,1.6516334805591384,0.3145278355313812,-1.0996719906799632,0.351644264994953,0.6675663522397756,0.6877309166165253,0.7103183893180921
3717,-0.9661036488719961,0.8817216424333439,-0.9065714146983955,0.8240677136308887,-0.24389427171566183,-0.6521385410756733,0.039791744142804016,-1.0975322747563376,-1.0546366795739395,-1.0893328046611421
3718,3.3376316195217823,0.06508561858584352,1.7206494582845442,-0.8310638202256104,-0.8023163789626999,0.6904618077371967,0.5693035116612655,2.610957769841556,2.535165905542095,2.4107762104008335
3719,-0.7762329752663882,0.06508561858584352,-1.4320155892949833,-0.8310638202256104,-0.38349979852741883,0.6904618077371967,0.0380385698347766,-0.8122638097872686,-0.7394345013686295,-0.8059231678140184
3720,-0.6074590431725145,-0.751550405261657,1.1952052836879563,-0.8310638202256104,1.2917665232137003,-1.5472054402842532,0.059979811932210594,-0.5804831819999005,-0.5993446443884916,-0.451661121755114
3721,2.5359554420758825,-1.5681864291091574,-0.38112724010180754,-1.2448467036897353,1.0125554695901813,0.2429283581329067,0.8491738830154598,1.9780183631914348,1.9222727812539908,2.0990256098689968
3722,1.481118366489172,-1.5681864291091574,-0.9065714146983955,-1.2448467036897353,1.1521609964019384,2.4805956061543566,0.5256866599373108,1.3361643170110304,1.2743571927208535,1.4613539269629696
3723,-0.7762329752663882,-0.751550405261657,0.14431693449478036,0.8240677136308887,-0.24389427171566183,1.6302820519062062,0.061998618711151254,-0.785519891196419,-0.7569457334911465,-0.7917526859716626
3724,-1.0293938734071988,0.8817216424333439,0.14431693449478036,-0.4172809367614856,-0.5231053253391809,-0.6521385410756733,0.048557615682941084,-1.1955933095894553,-1.142192840186526,-1.2026966593999917
3725,-1.050490614918933,0.8817216424333439,-0.9065714146983955,1.6516334805591384,-1.639949539833262,1.1379952573414867,0.042607448334484405,-1.1955933095894553,-1.1071703759414915,-1.2877195504541288
3726,0.21531387578511957,-0.751550405261657,-0.38112724010180754,-0.8310638202256104,0.4541333623431382,1.5855287069457766,0.1678797216171705,0.2664075733770225,0.32875065810492254,0.3560563432591877
3727,-0.8395231998015908,0.06508561858584352,-0.9065714146983955,1.6516334805591384,-0.9419219057744619,0.6904618077371967,0.06709876215268555,-0.8657516469689694,-0.8445018941037331,-0.9334575043952245
3728,0.257507358808588,0.8817216424333439,-0.9065714146983955,0.410284830166764,-0.24389427171566183,-0.6521385410756733,0.3460128566115922,0.4714442825735402,0.477596131146319,0.44107923431332485
3729,0.6161519645080696,0.06508561858584352,0.6697611090913683,-1.2448467036897353,0.1749223087196192,0.2429283581329067,0.21728736120703396,0.7745420266031756,0.7227533808615598,0.7670003166875169
3730,3.5696957761508594,0.8817216424333439,1.7206494582845442,-1.2448467036897353,1.4313720500254572,-1.5472054402842532,0.898634649099506,2.5218113745387223,2.4125872806844737,2.708356329090313
3731,-1.1770710639893383,-1.5681864291091574,-1.4320155892949833,0.410284830166764,-1.1513301959920998,0.2429283581329067,0.022260001062529882,-1.5343496117402242,-1.4836618665756118,-1.5852996691436083
3732,-1.0293938734071988,0.06508561858584352,1.1952052836879563,-0.4172809367614856,-0.5231053253391809,0.6904618077371967,0.052488976252457104,-1.2223372281803049,-1.2297490007991119,-1.2593785867694165
3733,0.4473780324141958,0.8817216424333439,-1.4320155892949833,-0.8310638202256104,-1.5003440130215,1.1379952573414867,0.2445943792169155,0.7032249103609084,0.7577758451065942,0.5261021253674619
3734,-0.755136233754654,0.06508561858584352,1.1952052836879563,0.410284830166764,-0.8023163789626999,0.2429283581329067,0.043988737183233276,-0.7409466935450014,-0.678145188939819,-0.777582204129306
3735,-1.0082971318954645,0.8817216424333439,1.1952052836879563,-0.4172809367614856,-0.5929080887450618,-0.6521385410756733,0.05068267545024704,-1.1777640305288881,-1.142192840186526,-1.2026966593999917
3736,-0.37539488654343833,0.06508561858584352,1.1952052836879563,0.410284830166764,-0.4533025619332999,0.6904618077371967,0.0978058757902566,-0.1525804845462978,-0.20534192163185352,-0.22493341227741567
3737,1.291247692883564,-1.5681864291091574,-0.38112724010180754,0.410284830166764,0.5239361257490193,0.2429283581329067,0.46995696753971206,1.202444724056779,1.213067880292043,1.2771376630123397
3738,-1.0082971318954645,0.8817216424333439,0.14431693449478036,0.410284830166764,-0.4533025619332999,-0.2046050914713833,0.03426658874780853,-1.1866786700591714,-1.1334372241252668,-1.1885261775576352
3739,-0.5863623016607803,0.8817216424333439,1.7206494582845442,-1.2448467036897353,-0.24389427171566183,-0.4731251612339579,0.0476013387876534,-0.5180807052879165,-0.49427725165338804,-0.5225135309668953
3740,1.5022151080009063,-1.5681864291091574,0.14431693449478036,-0.8310638202256104,1.0125554695901813,1.1379952573414867,0.44955639377357487,1.30942039842018,1.3444021212109216,1.4613539269629696
3741,0.5528617399728669,0.06508561858584352,0.14431693449478036,-1.2448467036897353,0.1051195453137382,0.2429283581329067,0.2583010147160389,0.7567127475426092,0.6964865326777845,0.7386593530028038
3742,-0.9450069073602619,-1.5681864291091574,-0.38112724010180754,0.410284830166764,-1.5003440130215,2.033062156550067,0.029325824788822185,-1.0351297980443537,-0.9758361350226119,-1.1318442501882104
3743,0.8482161211371456,0.06508561858584352,1.7206494582845442,0.410284830166764,0.035316781907857205,0.6904618077371967,0.244966264676194,0.9884933753299773,0.8978657020867323,0.937046098795791
3744,0.21531387578511957,0.06508561858584352,-1.4320155892949833,-1.2448467036897353,0.6635416525607812,2.033062156550067,0.21739361419539924,0.4357857244524066,0.3199950420436633,0.44107923431332485
3745,-0.7340394922429198,0.06508561858584352,0.6697611090913683,-0.8310638202256104,-1.1513301959920998,0.6904618077371967,0.044094990171598576,-0.6874588563633014,-0.7131676531848535,-0.7350707586022378
3746,-0.5441688186373119,-1.5681864291091574,-1.4320155892949833,0.410284830166764,0.9427527061843003,0.2429283581329067,0.09350262976146204,-0.4645928681062164,-0.5292997158984225,-0.3949791943856899
3747,1.7131825231182485,0.8817216424333439,-1.4320155892949833,-0.8310638202256104,-0.10428874490389983,-0.6521385410756733,0.5291930085533656,1.6125181424498154,1.6508486833549738,1.603058745386531
3748,0.4473780324141958,-0.751550405261657,-1.4320155892949833,-0.8310638202256104,-1.081527432586219,1.1379952573414867,0.2425755724379748,0.5695053174066579,0.6001747560039394,0.44107923431332485
3749,-0.3964916280551725,0.8817216424333439,1.1952052836879563,1.2378505970950135,0.6635416525607812,0.2429283581329067,0.13515380120065876,-0.3041293565611155,-0.2666312340606641,-0.21076293043505917
3750,-0.6285557846842488,-0.751550405261657,-0.9065714146983955,-1.2448467036897353,1.6407803402430954,-0.6521385410756733,0.06322052807735218,-0.6250563796513173,-0.6606339568173013,-0.46583160359747056
3751,-0.4808785941021094,0.8817216424333439,-1.4320155892949833,1.2378505970950135,0.035316781907857205,-0.6521385410756733,0.1455134675662753,-0.35761719374281553,-0.3366761625507331,-0.33829726701626517
3752,-0.3964916280551725,0.8817216424333439,-0.9065714146983955,-0.8310638202256104,-1.2909357228038618,-0.2046050914713833,0.08978377516867662,-0.161495124076581,-0.17907507344807744,-0.3099563033315528
3753,-1.1981678055010725,-1.5681864291091574,-0.38112724010180754,1.6516334805591384,-1.779555066645019,1.5855287069457766,0.020666206237050417,-1.5432642512705075,-1.4836618665756118,-1.641981596513033
3754,1.7764727476534508,0.8817216424333439,1.1952052836879563,0.410284830166764,-0.17409150830978082,-0.6521385410756733,0.8658024756946289,1.6570913401012322,1.6508486833549738,1.6172292272288868
3755,-0.5019753356138434,-1.5681864291091574,1.1952052836879563,0.8240677136308887,-1.2909357228038618,1.1379952573414867,0.10157785687722468,-0.3219586356216819,-0.28414246618318095,-0.43749063991275816
3756,2.578148925099351,0.06508561858584352,0.14431693449478036,-0.8310638202256104,-0.03448598149801883,0.2429283581329067,0.98214949795463,2.1563111537971027,2.0798738703566455,2.0990256098689968
3757,0.004346460667777534,0.8817216424333439,-1.4320155892949833,-0.8310638202256104,-0.6627108521509428,-0.6521385410756733,0.15613876640280508,0.25749293384673844,0.24119449749233587,0.17184007930855758
3758,0.06763668520297998,0.8817216424333439,0.14431693449478036,-1.2448467036897353,0.24472507212550018,-0.2046050914713833,0.15991074748977316,0.23966365478617205,0.2499501135535943,0.2710334522050506
3759,-0.6074590431725145,0.8817216424333439,-0.9065714146983955,0.410284830166764,-0.24389427171566183,-0.2046050914713833,0.0911650640174255,-0.5359099843484837,-0.5030328677146465,-0.5366840128092512
3760,-1.050490614918933,0.8817216424333439,0.6697611090913683,1.6516334805591384,0.3145278355313812,-1.0996719906799632,0.027360144504064175,-1.2758250653620058,-1.2385046168603704,-1.2168671412423475
3761,-1.050490614918933,0.06508561858584352,1.7206494582845442,0.8240677136308887,-0.38349979852741883,1.5855287069457766,0.026882006056420337,-1.2490811467711553,-1.256015848982888,-1.2735490686117723
3762,-0.8606199413133251,0.8817216424333439,1.1952052836879563,1.2378505970950135,0.1749223087196192,-0.6521385410756733,0.05195771131063061,-0.9548980422718031,-0.9057912065325429,-0.9051165407105121
3763,-0.8184264582898567,0.06508561858584352,0.14431693449478036,0.410284830166764,-1.0117246691803428,0.2429283581329067,0.05881102906019232,-0.785519891196419,-0.818235045919957,-0.8909460588681556
3764,-0.5019753356138434,0.8817216424333439,1.1952052836879563,0.410284830166764,-1.5003440130215,-0.2046050914713833,0.08829623333156245,-0.3219586356216819,-0.3016536983056986,-0.46583160359747056
3765,1.481118366489172,0.06508561858584352,-0.38112724010180754,0.410284830166764,-0.6627108521509428,0.6904618077371967,0.5467247516336396,1.4342253518441472,1.4232026657622499,1.3196491085394073
3766,-0.8184264582898567,0.8817216424333439,0.14431693449478036,0.410284830166764,0.38433059893725724,-0.2046050914713833,0.05881102906019232,-0.8479223679084023,-0.8620131262262499,-0.8059231678140184
3767,-1.1770710639893383,-1.5681864291091574,0.6697611090913683,0.8240677136308887,0.035316781907857205,-0.6521385410756733,0.02109121819051161,-1.5610935303310742,-1.509928714759388,-1.5286177417741837
3768,-0.8395231998015908,0.06508561858584352,0.14431693449478036,0.8240677136308887,-1.0117246691803428,1.1379952573414867,0.055782818891781334,-0.8211784493175527,-0.8445018941037331,-0.9192870225528679
3769,1.9241499382355902,0.06508561858584352,1.1952052836879563,0.8240677136308887,0.38433059893725724,0.2429283581329067,0.9136163204590129,1.710579177282933,1.6420930672937155,1.7164226001253804
3770,-0.8184264582898567,-0.751550405261657,-0.38112724010180754,-1.2448467036897353,1.7803858670548574,-1.5472054402842532,0.03973861764862137,-0.9014102050901031,-0.9233024386550606,-0.7350707586022378
3771,-1.050490614918933,0.8817216424333439,-0.38112724010180754,0.8240677136308887,0.6635416525607812,-1.0996719906799632,0.027944535940073314,-1.3203982630134226,-1.256015848982888,-1.2168671412423475
3772,0.004346460667777534,0.8817216424333439,-0.9065714146983955,-0.8310638202256104,0.1051195453137382,-1.5472054402842532,0.1956117515805132,0.22183437572560563,0.19741641718604294,0.22852200667798234
3773,-0.5863623016607803,0.8817216424333439,-1.4320155892949833,0.410284830166764,-0.03448598149801883,-0.2046050914713833,0.08999628114540721,-0.5002514262273501,-0.5555665640821986,-0.5225135309668953
3774,-0.1855242129378305,0.8817216424333439,0.14431693449478036,1.2378505970950135,0.1749223087196192,-0.6521385410756733,0.23662540508951815,-0.009946252061763314,0.031059712022128826,0.03013526088499571
3775,-0.1011372468908936,0.06508561858584352,0.14431693449478036,1.6516334805591384,0.4541333623431382,-0.2046050914713833,0.20304946076608404,0.13268798042277116,0.013548479899611962,0.1293286337814887
3776,-1.0082971318954645,0.06508561858584352,-0.38112724010180754,1.6516334805591384,0.3145278355313812,0.2429283581329067,0.03198214949795463,-1.2490811467711553,-1.185970920492819,-1.1743556957152792
3777,-0.7129427507311856,0.06508561858584352,1.1952052836879563,-1.2448467036897353,-0.8023163789626999,0.6904618077371967,0.05647346331615577,-0.6161417401210341,-0.6431227246947845,-0.7067297949175254
3778,0.4473780324141958,0.06508561858584352,1.1952052836879563,1.6516334805591384,-0.03448598149801883,0.6904618077371967,0.39664240556765656,0.6319077941186418,0.5563966756976465,0.5827840527368867
3779,0.46847477392593007,0.06508561858584352,0.14431693449478036,-0.8310638202256104,-0.4533025619332999,0.6904618077371967,0.2412474100834086,0.6408224336489251,0.5914191399426809,0.5544430890521743
3780,0.5950552229963354,0.8817216424333439,-0.9065714146983955,-1.2448467036897353,-0.31369703512154284,-0.6521385410756733,0.32954364341497105,0.801285945194026,0.8628432378416978,0.7811707985298727
3781,-1.0082971318954645,0.8817216424333439,-1.4320155892949833,-0.8310638202256104,0.1749223087196192,-1.0996719906799632,0.03060086064920576,-1.1777640305288881,-1.2034821526153359,-1.1601852138729227
3782,-0.03784702235569092,0.06508561858584352,0.14431693449478036,-1.2448467036897353,0.38433059893725724,-0.2046050914713833,0.1311693141369601,0.11485870136220476,0.10110464051219785,0.15766959746620107
3783,-0.5230720771255777,0.8817216424333439,0.14431693449478036,0.8240677136308887,-0.17409150830978082,-0.6521385410756733,0.10072783297030229,-0.4200196704547996,-0.38045424285702606,-0.40914967622804577
3784,-0.8184264582898567,0.8817216424333439,-1.4320155892949833,0.410284830166764,0.3145278355313812,-0.6521385410756733,0.04505126706688626,-0.8746662864992527,-0.818235045919957,-0.8059231678140184
3785,0.48957151543766425,1.6983576662808442,1.7206494582845442,-0.8310638202256104,-3.873637968821419,2.033062156550067,0.1724486001168783,0.8904323404968605,0.8365763896579225,0.32771537957447533
3786,0.8482161211371456,0.8817216424333439,-0.38112724010180754,0.8240677136308887,-0.5929080887450618,-0.2046050914713833,0.4702757265048079,1.0152372939208278,1.0204443269443535,0.9228756169534352
3787,-1.0082971318954645,0.06508561858584352,1.1952052836879563,0.410284830166764,-1.1513301959920998,1.5855287069457766,0.03570100409074005,-1.1510201119380377,-1.1597040723090428,-1.24520810492706
3788,-1.050490614918933,0.8817216424333439,-1.4320155892949833,0.410284830166764,-0.17409150830978082,-1.0996719906799632,0.03495723317218297,-1.2579957863014386,-1.1684596883703013,-1.2168671412423475
3789,-0.9872003903837303,0.8817216424333439,0.6697611090913683,1.2378505970950135,0.3145278355313812,-1.5472054402842532,0.03431971524199118,-1.1599347514683216,-1.1246816080640083,-1.1035032865034986
3790,-0.12223398840262782,-1.5681864291091574,-1.4320155892949833,-1.2448467036897353,-1.221132959397981,-0.2046050914713833,0.15082611698454018,0.10594406183192076,0.13612710475723236,-0.026546666484429042
3791,0.08873342671471421,-1.5681864291091574,0.14431693449478036,-1.2448467036897353,1.4313720500254572,-0.2046050914713833,0.15326993571694203,0.1950904571347552,0.23243888143107744,0.38439730694390006
3792,-0.14333072991436205,0.8817216424333439,1.1952052836879563,0.8240677136308887,-0.17409150830978082,-0.6521385410756733,0.17372363597726187,0.06137086418050393,0.031059712022128826,0.03013526088499571
3793,-0.14333072991436205,0.8817216424333439,-1.4320155892949833,0.410284830166764,-0.17409150830978082,-0.6521385410756733,0.17584869574456782,0.05245622465022072,0.07483779232842254,0.044305742727351584
3794,-0.6074590431725145,-1.5681864291091574,-1.4320155892949833,1.2378505970950135,0.3145278355313812,1.1379952573414867,0.13701322849705147,-0.5804831819999005,-0.5380553319596809,-0.5225135309668953
3795,-0.5019753356138434,0.8817216424333439,-0.9065714146983955,0.410284830166764,0.1051195453137382,-0.2046050914713833,0.1097593369813526,-0.38436111233366593,-0.4154767071020606,-0.3808087125433334
3796,-0.4808785941021094,0.8817216424333439,-1.4320155892949833,0.410284830166764,-0.9419219057744619,-0.2046050914713833,0.09663709291823833,-0.2952147170308315,-0.3279205464894739,-0.40914967622804577
3797,-0.9661036488719961,-1.5681864291091574,1.1952052836879563,-0.4172809367614856,-0.5231053253391809,-0.6521385410756733,0.04908888062476757,-1.0975322747563376,-1.045881063512681,-1.1035032865034986
3798,-0.14333072991436205,0.8817216424333439,-1.4320155892949833,-0.8310638202256104,-0.38349979852741883,-1.5472054402842532,0.13711948148541678,0.13268798042277116,0.10986025657345705,0.07264670641206396
3799,-0.7762329752663882,-1.5681864291091574,-1.4320155892949833,1.2378505970950135,-1.0117246691803428,0.2429283581329067,0.07613026616373586,-0.776605251666135,-0.704412037123595,-0.8342641314987308
3800,0.4262812909024616,0.06508561858584352,0.14431693449478036,-0.0034980532973608127,0.4541333623431382,0.6904618077371967,0.17765499654677788,0.5427613988158074,0.5651522917589049,0.6111250164215991
3801,-1.0082971318954645,-1.5681864291091574,-1.4320155892949833,-1.2448467036897353,1.0823582329960573,-0.6521385410756733,0.0382510758115072,-1.2312518677105888,-1.2209933847378536,-1.1176737683458546
3802,-0.5019753356138434,-1.5681864291091574,-1.4320155892949833,1.6516334805591384,0.24472507212550018,0.2429283581329067,0.10837804813260372,-0.4111050309245164,-0.35418739467325,-0.33829726701626517
3803,-1.155974322477604,-1.5681864291091574,-1.4320155892949833,0.8240677136308887,-1.2909357228038618,-0.6521385410756733,0.023163151463634915,-1.454117855967674,-1.3873500899017668,-1.5144472599318273
3804,0.6161519645080696,0.06508561858584352,-0.38112724010180754,-1.2448467036897353,-0.10428874490389983,-0.2046050914713833,0.27726717313924454,0.801285945194026,0.7490202290453358,0.752829834845161
3805,-1.050490614918933,0.8817216424333439,-0.38112724010180754,0.8240677136308887,0.24472507212550018,-1.5472054402842532,0.027944535940073314,-1.2579957863014386,-1.212237768676595,-1.2026966593999917
3806,-0.1644274714260963,-1.5681864291091574,1.7206494582845442,1.2378505970950135,-1.1513301959920998,0.2429283581329067,0.11730329915528874,0.06137086418050393,0.09234902445093941,-0.054887630169141416
3807,-0.08004050537915937,0.06508561858584352,0.14431693449478036,-1.2448467036897353,0.5239361257490193,0.6904618077371967,0.12978802528821123,0.05245622465022072,0.031059712022128826,0.10098767009677634
3808,0.48957151543766425,-0.751550405261657,-0.38112724010180754,-1.2448467036897353,1.0823582329960573,-0.2046050914713833,0.2572916113265686,0.5873345964672243,0.5914191399426809,0.7244888711604479
3809,-0.5019753356138434,-1.5681864291091574,-1.4320155892949833,-1.2448467036897353,0.7333444159666572,0.06391497829119133,0.0881368538490145,-0.4200196704547996,-0.37169862679576765,-0.3099563033315528
3810,-0.45978185259037524,0.8817216424333439,1.1952052836879563,-0.4172809367614856,-0.31369703512154284,-0.6521385410756733,0.13430377729373638,-0.33087327515196513,-0.3016536983056986,-0.35246774885862103
3811,2.599245666611085,0.8817216424333439,1.1952052836879563,-1.2448467036897353,0.1749223087196192,-0.2046050914713833,0.7776124953514317,2.111737956145685,2.027340173989095,2.0848551280266405
3812,-1.0293938734071988,0.8817216424333439,-1.4320155892949833,0.410284830166764,0.8031471793725382,-0.6521385410756733,0.04632630292726983,-1.2490811467711553,-1.2647714650441464,-1.1743556957152792
3813,-0.8184264582898567,-0.751550405261657,1.1952052836879563,-0.8310638202256104,1.3615692866195812,-1.0996719906799632,0.030282101684109865,-0.9192394841506695,-0.8620131262262499,-0.7492412404445943
3814,0.4473780324141958,1.6983576662808442,1.1952052836879563,0.410284830166764,2.3388079743018952,-0.6521385410756733,0.3161026403867609,0.4179564453918402,0.36377312234995707,0.681977425633379
3815,0.8060226381136772,0.8817216424333439,-0.9065714146983955,-0.0034980532973608127,-0.17409150830978082,2.033062156550067,0.20644955639377358,1.0241519334511109,0.871598853902957,0.9228756169534352
3816,-0.438685111078641,0.8817216424333439,0.14431693449478036,0.8240677136308887,-0.4533025619332999,-0.6521385410756733,0.11369069755086862,-0.2684707984399819,-0.23160876981562958,-0.2957858214891963
3817,-1.1137808394541355,0.8817216424333439,1.1952052836879563,0.410284830166764,-0.10428874490389983,-1.5472054402842532,0.026031982149497954,-1.3917153792556898,-1.343572009595474,-1.3585719596659094
3818,-0.9450069073602619,0.06508561858584352,-0.9065714146983955,1.2378505970950135,-0.6627108521509428,0.2429283581329067,0.061998618711151254,-1.0707883561654872,-1.0371254474514224,-1.1035032865034986
3819,-0.9450069073602619,-0.751550405261657,-0.38112724010180754,0.410284830166764,1.3615692866195812,-0.2046050914713833,0.029325824788822185,-1.115361553816904,-1.0546366795739395,-0.9476279862375803
3820,0.6583454475315381,0.06508561858584352,-1.4320155892949833,-0.8310638202256104,0.5239361257490193,0.2429283581329067,0.2477819688678744,0.801285945194026,0.7665314611678535,0.8520232077416533
3821,-0.20662095444956474,1.6983576662808442,1.1952052836879563,-0.0034980532973608127,1.9897941572724953,0.6904618077371967,0.05923604101365351,-0.08126336830403057,-0.2228531537543704,0.08681718825442046
3822,2.662535891146288,-0.751550405261657,1.7206494582845442,-1.2448467036897353,1.6407803402430954,-0.6521385410756733,0.6240238006693938,1.9958476422520013,2.062362638234129,2.283241873819628
3823,3.105567462892706,0.06508561858584352,1.7206494582845442,0.8240677136308887,0.4541333623431382,0.2429283581329067,0.9110662487382457,2.388091781584471,2.298764271888111,2.3966057285584776
3824,0.21531387578511957,0.06508561858584352,0.14431693449478036,-0.8310638202256104,-0.17409150830978082,1.5855287069457766,0.18631461509854966,0.3288100500890057,0.28497257779862883,0.28520393404740707
3825,-1.0293938734071988,0.8817216424333439,-1.4320155892949833,0.8240677136308887,-0.31369703512154284,-1.0996719906799632,0.04250119534611911,-1.1866786700591714,-1.142192840186526,-1.1885261775576352
3826,-1.0082971318954645,0.8817216424333439,1.1952052836879563,-0.4172809367614856,-0.38349979852741883,-0.2046050914713833,0.05068267545024704,-1.1866786700591714,-1.142192840186526,-1.1885261775576352
3827,2.5570521835876163,-1.5681864291091574,0.14431693449478036,-0.8310638202256104,-0.6627108521509428,-0.2046050914713833,0.9161132656855974,2.1028233166154022,2.114896334601681,1.9856617551301483
3828,-0.5441688186373119,0.8817216424333439,-1.4320155892949833,0.410284830166764,-0.10428874490389983,-0.6521385410756733,0.09424640068001913,-0.437848949515366,-0.39796547497954293,-0.4233201580704017
3829,-0.8395231998015908,0.06508561858584352,-0.9065714146983955,0.8240677136308887,-0.5929080887450618,0.2429283581329067,0.06375179301917866,-0.8211784493175527,-0.8357462780424739,-0.8767755770257997
3830,-1.1770710639893383,0.06508561858584352,-0.9065714146983955,1.2378505970950135,-0.17409150830978082,1.1379952573414867,0.03771981086968071,-1.5432642512705075,-1.5449511790044221,-1.5427882236165396
3831,1.9241499382355902,0.06508561858584352,1.1952052836879563,0.8240677136308887,0.6635416525607812,0.2429283581329067,0.8932157466928757,1.7194938168132161,1.6508486833549738,1.7731045274948052
3832,-0.1855242129378305,0.06508561858584352,0.6697611090913683,0.8240677136308887,0.1051195453137382,0.2429283581329067,0.11177814376029326,0.025712306059370308,-0.021473984345422546,0.015964779042639207
3833,-0.20662095444956474,-1.5681864291091574,-1.4320155892949833,0.8240677136308887,0.3145278355313812,-0.2046050914713833,0.16272645168145355,-0.09017800783431376,-0.04774083252919862,-0.026546666484429042
3834,3.590792517662593,0.8817216424333439,1.7206494582845442,-0.8310638202256104,1.5709775768372194,-1.0996719906799632,0.7704404186367741,2.5218113745387223,2.4038316646232154,2.722526810932669
3835,1.0802802777662222,-1.5681864291091574,-1.4320155892949833,0.410284830166764,0.9427527061843003,-0.6521385410756733,0.5362588322796579,1.086554410163095,1.0204443269443535,1.177944290115846
3836,-0.6074590431725145,-1.5681864291091574,-1.4320155892949833,-0.8310638202256104,-0.10428874490389983,-0.2046050914713833,0.06348616054826542,-0.5002514262273501,-0.4767660195308704,-0.4941725672821829
3837,2.5570521835876163,0.06508561858584352,-0.38112724010180754,-1.2448467036897353,-0.8023163789626999,2.033062156550067,0.8889656271582638,2.093908677085119,2.027340173989095,1.9148093459183664
3838,0.46847477392593007,0.06508561858584352,-0.9065714146983955,0.410284830166764,-1.360738486209743,1.5855287069457766,0.3670509483079212,0.7834566661334595,0.7052421487390429,0.5544430890521743
3839,2.5570521835876163,-0.751550405261657,1.1952052836879563,-0.8310638202256104,1.2917665232137003,0.6904618077371967,0.5894915794506721,1.9958476422520013,1.8960059330702155,2.1415370553960655
3840,-0.7762329752663882,0.8817216424333439,0.14431693449478036,1.2378505970950135,0.38433059893725724,-1.0996719906799632,0.07554587472772671,-0.7587759726055686,-0.7744569656136641,-0.7209002767598819
3841,0.5739584814846012,0.06508561858584352,-0.9065714146983955,-0.4172809367614856,-0.5929080887450618,0.2429283581329067,0.971099187164639,0.8369445033151597,0.731508996922819,0.6961479074757362
3842,0.5528617399728669,-1.5681864291091574,-1.4320155892949833,-1.2448467036897353,-1.360738486209743,-0.6521385410756733,0.327737342612761,0.801285945194026,0.8190651575354049,0.6252954982639549
3843,0.21531387578511957,0.06508561858584352,0.14431693449478036,-0.8310638202256104,0.1051195453137382,2.033062156550067,0.17053604632630293,0.3466393291495729,0.293728193859888,0.32771537957447533
3844,-0.8395231998015908,0.8817216424333439,-1.4320155892949833,1.2378505970950135,-0.17409150830978082,-0.6521385410756733,0.0742177123731605,-0.8479223679084023,-0.8620131262262499,-0.8626050951834432
3845,-0.016750280843956692,0.8817216424333439,1.1952052836879563,-1.2448467036897353,-0.4533025619332999,-0.2046050914713833,0.15396058014131647,0.22183437572560563,0.17114956900226685,0.1434991156238452
3846,-1.0082971318954645,-1.5681864291091574,1.1952052836879563,0.8240677136308887,0.4541333623431382,0.2429283581329067,0.03426658874780853,-1.2312518677105888,-1.1684596883703013,-1.146014732030567
3847,0.4473780324141958,-1.5681864291091574,0.14431693449478036,0.410284830166764,-0.17409150830978082,-0.2046050914713833,0.3272060776709345,0.5962492359975082,0.6527084523714916,0.5969545345792426
3848,-1.0926840979424013,0.8817216424333439,-1.4320155892949833,1.6516334805591384,-0.7325136155568189,-0.2046050914713833,0.03251341443978112,-1.347142181604273,-1.299793929289181,-1.3727424415082659
3849,0.046539943691245755,0.8817216424333439,0.14431693449478036,-0.8310638202256104,0.38433059893725724,-0.6521385410756733,0.15231365882165435,0.23074901525588884,0.1886608011247845,0.25686297036269473
3850,-0.9872003903837303,-1.5681864291091574,0.6697611090913683,-0.4172809367614856,0.1749223087196192,0.2429283581329067,0.036869786962758326,-1.1510201119380377,-1.11592599200275,-1.1035032865034986
3851,-0.9028134243367935,0.06508561858584352,-1.4320155892949833,0.410284830166764,-1.988963356862662,1.5855287069457766,0.05530468044413749,-0.9370687632112367,-0.9408136707775774,-1.1176737683458546
3852,-0.9872003903837303,0.8817216424333439,-1.4320155892949833,0.410284830166764,0.4541333623431382,-1.0996719906799632,0.038410455294055144,-1.1866786700591714,-1.1509484562477845,-1.1176737683458546
3853,-0.7973297167781225,0.8817216424333439,-0.38112724010180754,-1.2448467036897353,0.4541333623431382,-0.2046050914713833,0.03718854592785422,-0.8657516469689694,-0.8269906619812155,-0.7917526859716626
3854,-0.8817166828250593,0.8817216424333439,1.1952052836879563,0.8240677136308887,0.4541333623431382,-1.5472054402842532,0.040323009084630504,-0.9816419608626535,-0.932058054716319,-0.9051165407105121
3855,-0.12223398840262782,0.8817216424333439,-0.9065714146983955,0.410284830166764,0.3145278355313812,-0.6521385410756733,0.18349891090686926,0.05245622465022072,0.06608217626716334,0.10098767009677634
3856,1.5655053325361088,-1.5681864291091574,-1.4320155892949833,-0.8310638202256104,-1.919160593456781,2.033062156550067,0.4184773946767253,1.6303474215103817,1.6245818351711978,1.3196491085394073
3857,-0.8817166828250593,0.06508561858584352,-0.38112724010180754,0.8240677136308887,-0.10428874490389983,0.2429283581329067,0.052223343781543856,-0.9192394841506695,-0.9495692868388359,-0.9334575043952245
3858,-1.0715873564306673,0.8817216424333439,1.1952052836879563,1.2378505970950135,-1.081527432586219,-0.6521385410756733,0.0357541305849227,-1.2847397048922888,-1.2297490007991119,-1.3444014778235536
3859,2.5359554420758825,-0.751550405261657,-0.9065714146983955,0.410284830166764,1.3615692866195812,1.1379952573414867,0.9435265366838442,1.9156158864794508,1.8172053885188872,2.0706846461842847
3860,1.481118366489172,0.06508561858584352,-0.38112724010180754,0.410284830166764,-1.221132959397981,2.033062156550067,0.6014981671359507,1.4966278285561312,1.440713897884767,1.2771376630123397
3861,-0.6918460092194515,-1.5681864291091574,0.14431693449478036,-1.2448467036897353,-0.4533025619332999,1.5855287069457766,0.054242150560484516,-0.6785442168330181,-0.6343671086335261,-0.6925593130751695
3862,-1.1981678055010725,-1.5681864291091574,-1.4320155892949833,1.2378505970950135,-0.5929080887450618,0.2429283581329067,0.02815704191680391,-1.5878374489219242,-1.5537067950656809,-1.5994701509859643
3863,-0.20662095444956474,-1.5681864291091574,1.1952052836879563,0.410284830166764,-1.7097523032391428,1.1379952573414867,0.13488816872974552,0.03462694558965351,0.08359340838968098,-0.1540810030656344
3864,0.21531387578511957,-1.5681864291091574,-0.9065714146983955,-0.8310638202256104,0.8729499427784192,0.2429283581329067,0.18774903044148117,0.3466393291495729,0.3725287384112155,0.4694201979980372
3865,-1.0082971318954645,0.06508561858584352,0.6697611090913683,1.6516334805591384,-0.7325136155568189,0.6904618077371967,0.0382510758115072,-1.1599347514683216,-1.1684596883703013,-1.2168671412423475
3866,-0.9450069073602619,0.8817216424333439,-1.4320155892949833,-1.2448467036897353,-0.10428874490389983,-1.0996719906799632,0.039526111671890775,-1.0529590771049209,-1.019614215328905,-1.0326508772917173
3867,-0.8395231998015908,0.06508561858584352,0.14431693449478036,0.410284830166764,0.5937388891549003,0.2429283581329067,0.044732508101790365,-0.9370687632112367,-0.888279974410026,-0.8484346133410873
3868,0.5739584814846012,0.8817216424333439,0.14431693449478036,-0.8310638202256104,0.1051195453137382,-1.0996719906799632,0.23237528555490622,0.7121395498911923,0.7402646129840774,0.7386593530028038
3869,-0.9239101658485277,0.06508561858584352,-1.4320155892949833,0.410284830166764,-0.31369703512154284,1.1379952573414867,0.04191680391010997,-1.061873716635204,-1.002102983206388,-1.0468213591340738
3870,-0.12223398840262782,0.8817216424333439,0.14431693449478036,1.6516334805591384,-0.17409150830978082,-1.5472054402842532,0.1647452584603942,0.09702942230163755,0.10986025657345705,0.08681718825442046
3871,-0.1855242129378305,-1.5681864291091574,-1.4320155892949833,-1.2448467036897353,0.1051195453137382,-0.6521385410756733,0.13042554321840302,-0.045604810182896936,-0.012718368284164113,-0.012376184642073167
3872,0.02544320217951176,-0.751550405261657,-1.4320155892949833,-0.0034980532973608127,1.6407803402430954,0.6904618077371967,0.1385538968283483,0.14160261995305437,0.10110464051219785,0.31354489773211885
3873,-1.050490614918933,-1.5681864291091574,1.1952052836879563,1.2378505970950135,-0.4533025619332999,-0.2046050914713833,0.036126016044201244,-1.2490811467711553,-1.1947265365540773,-1.24520810492706
3874,1.481118366489172,-0.751550405261657,1.1952052836879563,0.410284830166764,1.0823582329960573,2.033062156550067,0.6150454231525262,1.202444724056779,1.283112808782112,1.390501517751188
3875,2.9789870138223007,0.06508561858584352,-0.38112724010180754,-1.2448467036897353,-0.4533025619332999,0.2429283581329067,0.7428677681559794,2.3702625025239046,2.2812530397655943,2.226559946450203
3876,0.7427324135784745,0.8817216424333439,-0.38112724010180754,-0.8310638202256104,0.5239361257490193,0.2429283581329067,0.281889178133135,0.8191152242545933,0.8365763896579225,0.8945346532687222
3877,0.4262812909024616,0.06508561858584352,0.6697611090913683,-0.8310638202256104,-0.10428874490389983,0.6904618077371967,0.19720554640599267,0.5427613988158074,0.5914191399426809,0.5544430890521743
3878,0.700538930555006,0.8817216424333439,0.14431693449478036,-0.0034980532973608127,0.3145278355313812,-1.0996719906799632,0.18817404239494237,0.801285945194026,0.8278207735966633,0.8520232077416533
3879,-1.0082971318954645,0.8817216424333439,-1.4320155892949833,0.410284830166764,0.5937388891549003,-1.9947388898885432,0.047813844764384,-1.2045079491197386,-1.1947265365540773,-1.1318442501882104
3880,0.4473780324141958,0.06508561858584352,-0.38112724010180754,-0.8310638202256104,0.1051195453137382,0.6904618077371967,0.2013494129522393,0.6140785150580746,0.5563966756976465,0.5969545345792426
3881,-0.1011372468908936,0.8817216424333439,-0.9065714146983955,-0.8310638202256104,-0.31369703512154284,-0.6521385410756733,0.14731976836848537,0.10594406183192076,0.13612710475723236,0.08681718825442046
3882,0.9536998286958168,0.8817216424333439,0.14431693449478036,0.8240677136308887,-0.03448598149801883,-0.6521385410756733,0.5310524358497583,1.0687251311025279,1.0379555590668703,1.0362394716922834
3883,-0.45978185259037524,0.8817216424333439,-1.4320155892949833,0.410284830166764,0.035316781907857205,-0.2046050914713833,0.10109971842958083,-0.36653183327309874,-0.3279205464894739,-0.33829726701626517
3884,-0.45978185259037524,0.8817216424333439,-1.4320155892949833,1.6516334805591384,-0.5929080887450618,-0.6521385410756733,0.14917919566487808,-0.2863000775005483,-0.2666312340606641,-0.33829726701626517
3885,-0.4808785941021094,-0.751550405261657,1.1952052836879563,0.410284830166764,-2.477582700703819,3.8231959549672268,0.09647771343569038,-0.3487025542125323,-0.24912000193814646,-0.5650249764939635
3886,-0.6285557846842488,-0.751550405261657,-1.4320155892949833,-0.8310638202256104,1.3615692866195812,-1.0996719906799632,0.05721723423471285,-0.6250563796513173,-0.5730777962047154,-0.451661121755114
3887,0.5317649984611327,0.8817216424333439,1.1952052836879563,0.8240677136308887,-0.38349979852741883,-0.2046050914713833,0.42618073633320935,0.6943102708306251,0.7139977648003013,0.6536364619486673
3888,-0.6285557846842488,0.8817216424333439,-1.4320155892949833,-1.2448467036897353,0.1051195453137382,1.1379952573414867,0.07103012272220156,-0.5983124610604676,-0.564322180143457,-0.5650249764939635
3889,-1.050490614918933,0.8817216424333439,0.14431693449478036,-1.2448467036897353,0.38433059893725724,-1.0996719906799632,0.025235084736758222,-1.2847397048922888,-1.2472602329216296,-1.2168671412423475
3890,0.6583454475315381,-1.5681864291091574,0.6697611090913683,-0.8310638202256104,1.3615692866195812,0.2429283581329067,0.206237050417043,0.7477981080123259,0.6964865326777845,0.8945346532687222
3891,-0.6285557846842488,0.06508561858584352,1.1952052836879563,0.8240677136308887,-1.360738486209743,0.2429283581329067,0.09275885884290495,-0.48242214716678283,-0.5117884837759049,-0.6358773857057448
3892,2.6203424081228195,0.06508561858584352,0.6697611090913683,-0.0034980532973608127,-0.4533025619332999,1.5855287069457766,0.3932954364341497,2.2454575490999367,2.0886294864179042,2.0706846461842847
3893,-0.438685111078641,-1.5681864291091574,0.14431693449478036,-0.4172809367614856,0.7333444159666572,-0.6521385410756733,0.13568506614248527,-0.3754464728033827,-0.3279205464894739,-0.2674448578044839
3894,0.4262812909024616,0.8817216424333439,0.6697611090913683,-0.8310638202256104,-0.5929080887450618,-0.2046050914713833,0.20618392392286033,0.6586517127094915,0.6089303720651978,0.5544430890521743
3895,-0.5863623016607803,0.06508561858584352,1.1952052836879563,-1.2448467036897353,-1.5003440130215,2.033062156550067,0.07108324921638422,-0.4467635890456492,-0.4855216355921296,-0.6217069038633883
3896,-1.0082971318954645,0.8817216424333439,0.14431693449478036,0.410284830166764,-0.38349979852741883,-0.6521385410756733,0.043988737183233276,-1.1510201119380377,-1.1597040723090428,-1.1743556957152792
3897,-1.0293938734071988,0.8817216424333439,-0.38112724010180754,-0.4172809367614856,-0.6627108521509428,-0.2046050914713833,0.05190458481644796,-1.1866786700591714,-1.185970920492819,-1.231037623084704
3898,-0.1855242129378305,-1.5681864291091574,-1.4320155892949833,-0.8310638202256104,-2.337977173892062,2.4805956061543566,0.12447537586994634,0.10594406183192076,0.0573265602059049,-0.1965924485927033
3899,-0.1855242129378305,0.06508561858584352,-0.9065714146983955,-1.2448467036897353,-0.10428874490389983,1.1379952573414867,0.14859480422886895,0.007883026998803893,-0.03898521646793941,-0.026546666484429042
3900,-0.4808785941021094,0.8817216424333439,1.1952052836879563,1.6516334805591384,-0.03448598149801883,-1.5472054402842532,0.11130000531264941,-0.36653183327309874,-0.28414246618318095,-0.3241267851739087
3901,-0.9450069073602619,0.8817216424333439,1.1952052836879563,0.8240677136308887,0.5239361257490193,-1.0996719906799632,0.04813260372947989,-1.0529590771049209,-1.072147911696457,-1.004309913607005
3902,-0.12223398840262782,0.06508561858584352,0.14431693449478036,-1.2448467036897353,-0.24389427171566183,0.6904618077371967,0.14190086596185517,0.07920014324107114,0.06608217626716334,0.044305742727351584
3903,-0.6285557846842488,0.8817216424333439,-0.9065714146983955,1.6516334805591384,0.1051195453137382,-1.0549186457195336,0.14020081814801041,-0.5893978215301837,-0.5555665640821986,-0.5508544946516076
3904,-0.9661036488719961,-1.5681864291091574,1.1952052836879563,0.8240677136308887,0.3145278355313812,-1.0996719906799632,0.03400095627689529,-1.115361553816904,-1.0633922956351987,-1.0468213591340738
3905,1.059183536254488,0.8817216424333439,-0.9065714146983955,-1.2448467036897353,0.035316781907857205,-0.6521385410756733,0.49099505923604103,1.0687251311025279,1.0729780233119048,1.0645804353769965
3906,-0.12223398840262782,0.8817216424333439,0.14431693449478036,-1.2448467036897353,0.5239361257490193,-0.6521385410756733,0.1435477872815173,0.06137086418050393,0.022304095960870397,0.10098767009677634
3907,1.67098904009478,0.06508561858584352,1.7206494582845442,0.410284830166764,0.5937388891549003,0.6904618077371967,0.4149710460606705,1.5144571076166977,1.5020032103135774,1.588888263544175
3908,0.8693128626488799,-0.751550405261657,-1.4320155892949833,-1.2448467036897353,1.2917665232137003,0.2429283581329067,0.364500876587154,0.8191152242545933,0.9066213181479907,1.0362394716922834
3909,-1.050490614918933,0.8817216424333439,-1.4320155892949833,1.6516334805591384,-0.7325136155568189,-0.2046050914713833,0.03304467938160761,-1.2223372281803049,-1.1597040723090428,-1.24520810492706
3910,0.06763668520297998,0.8817216424333439,0.6697611090913683,0.410284830166764,0.8031471793725382,-0.6521385410756733,0.1169314136960102,0.22183437572560563,0.17990518506352607,0.29937441588976293
3911,1.5022151080009063,-1.5681864291091574,-0.38112724010180754,-1.2448467036897353,0.7333444159666572,-1.0996719906799632,0.5479466609998406,1.3896521541927305,1.3881802015172156,1.4896948906476815
3912,0.7638291550902088,0.06508561858584352,1.7206494582845442,-1.2448467036897353,0.5239361257490193,0.2429283581329067,0.2243000584391436,0.8904323404968605,0.8190651575354049,0.9228756169534352
3913,-0.6074590431725145,-1.5681864291091574,-1.4320155892949833,0.410284830166764,1.2219637598078192,-0.6521385410756733,0.08829623333156245,-0.5804831819999005,-0.5905890283272331,-0.451661121755114
3914,0.700538930555006,0.8817216424333439,-1.4320155892949833,-0.0034980532973608127,0.1749223087196192,-1.0996719906799632,0.2017212984115178,0.86368842190601,0.8103095414741465,0.8520232077416533
3915,0.48957151543766425,0.8817216424333439,1.7206494582845442,-0.8310638202256104,0.24472507212550018,-1.5472054402842532,0.21293098868405674,0.6586517127094915,0.6789753005552669,0.6961479074757362
3916,-0.5441688186373119,0.8817216424333439,0.6697611090913683,-1.2448467036897353,-0.24389427171566183,-0.6521385410756733,0.05918291451947086,-0.4289343099850828,-0.4067210910408021,-0.43749063991275816
3917,0.4473780324141958,0.06508561858584352,1.1952052836879563,0.8240677136308887,0.6635416525607812,0.2429283581329067,0.3304999203102587,0.5160174802249571,0.547641059636388,0.6111250164215991
3918,-0.9872003903837303,0.8817216424333439,-0.38112724010180754,1.2378505970950135,-0.17409150830978082,-1.0996719906799632,0.038782340753333686,-1.1510201119380377,-1.1071703759414915,-1.1318442501882104
3919,0.6794421890432724,0.8817216424333439,-0.38112724010180754,-0.8310638202256104,1.2917665232137003,-0.6521385410756733,0.2832173404877012,0.8458591428454428,0.7052421487390429,0.9228756169534352
3920,-0.7973297167781225,0.8817216424333439,1.1952052836879563,1.2378505970950135,-0.10428874490389983,-1.0996719906799632,0.06561122031557137,-0.785519891196419,-0.8007238137974394,-0.7917526859716626
3921,-0.9661036488719961,0.8817216424333439,-0.38112724010180754,1.2378505970950135,0.8031471793725382,-0.2046050914713833,0.052860861711735645,-1.124276193347188,-1.1334372241252668,-1.0468213591340738
3922,1.5444085910243748,-1.5681864291091574,1.1952052836879563,-0.8310638202256104,0.24472507212550018,1.5855287069457766,0.44918450831429635,1.3807375146624472,1.3706689693946978,1.404671999593545
3923,0.700538930555006,0.06508561858584352,-0.38112724010180754,0.410284830166764,-0.03448598149801883,-0.6521385410756733,0.3043085586782128,0.8904323404968605,0.8015539254128881,0.8378527258992975
3924,0.9115063456723483,0.06508561858584352,1.1952052836879563,-0.8310638202256104,0.24472507212550018,0.2429283581329067,0.2612760983902672,0.9974080148602605,0.9328881663317669,0.9937280261652158
3925,-0.8395231998015908,0.8817216424333439,-0.38112724010180754,-1.2448467036897353,0.5937388891549003,-2.4422723394928334,0.03745417839876747,-0.8924955655598191,-0.8532575101649915,-0.8059231678140184
3926,-0.6074590431725145,0.8817216424333439,0.14431693449478036,0.8240677136308887,0.5239361257490193,-1.0996719906799632,0.09754024331934336,-0.5359099843484837,-0.5730777962047154,-0.4941725672821829
3927,-0.20662095444956474,-0.751550405261657,-1.4320155892949833,0.8240677136308887,-1.081527432586219,1.5855287069457766,0.16033575944323433,-0.018860891592046524,0.013548479899611962,-0.12574003938092204
3928,-0.9450069073602619,0.8817216424333439,-1.4320155892949833,0.410284830166764,1.2219637598078192,-1.5472054402842532,0.0383573287998725,-1.115361553816904,-1.142192840186526,-1.004309913607005
3929,-0.20662095444956474,-1.5681864291091574,-1.4320155892949833,-1.2448467036897353,0.6635416525607812,-1.0996719906799632,0.13680072252032088,-0.09017800783431376,-0.056496448590457056,0.0017942972002833347
3930,-0.6285557846842488,1.6983576662808442,-1.4320155892949833,-1.2448467036897353,3.3160466619842195,0.2429283581329067,0.058332890612548476,-0.7676906121358518,-0.7306788853073704,-0.40914967622804577
3931,0.23641061729685378,0.06508561858584352,1.1952052836879563,-0.8310638202256104,0.7333444159666572,0.6904618077371967,0.16187642777453115,0.3644686082101393,0.33750627416618095,0.44107923431332485
3932,0.8904096041606141,0.06508561858584352,-1.4320155892949833,-1.2448467036897353,0.5937388891549003,0.2429283581329067,0.39287042448068854,0.9528348172088437,0.9153769342092499,1.0078985080075717
3933,0.7638291550902088,-1.5681864291091574,1.7206494582845442,0.410284830166764,1.3615692866195812,-0.6521385410756733,0.22966583435159113,0.801285945194026,0.8278207735966633,0.9937280261652158
3934,-0.7973297167781225,0.06508561858584352,0.14431693449478036,0.8240677136308887,-1.360738486209743,-0.2046050914713833,0.052329596769909156,-0.7498613330752854,-0.7744569656136641,-0.8909460588681556
3935,0.7638291550902088,0.8817216424333439,1.1952052836879563,-0.4172809367614856,0.1749223087196192,-0.2046050914713833,0.5260054189024066,0.86368842190601,0.871598853902957,0.8803641714263664
3936,-0.9239101658485277,0.8817216424333439,0.14431693449478036,-1.2448467036897353,-0.17409150830978082,-0.6521385410756733,0.040907400520639646,-0.9905566003929368,-1.002102983206388,-1.004309913607005
3937,0.9115063456723483,0.8817216424333439,-0.38112724010180754,0.410284830166764,0.3145278355313812,-1.0996719906799632,0.3787919035222866,0.9617494567391269,0.9766662466380598,1.0078985080075717
3938,-1.0082971318954645,-1.5681864291091574,1.7206494582845442,0.410284830166764,-1.221132959397981,1.5855287069457766,0.02087871221378101,-1.1421054724077544,-1.0896591438189738,-1.2168671412423475
3939,-1.0293938734071988,-1.5681864291091574,-1.4320155892949833,-1.2448467036897353,-0.38349979852741883,0.2429283581329067,0.026935132550602987,-1.240166507240872,-1.185970920492819,-1.231037623084704
3940,-1.050490614918933,0.06508561858584352,-1.4320155892949833,0.410284830166764,0.035316781907857205,0.2429283581329067,0.03495723317218297,-1.2669104258317225,-1.2034821526153359,-1.2168671412423475
3941,-0.9872003903837303,0.8817216424333439,-0.38112724010180754,0.8240677136308887,0.1749223087196192,-1.0996719906799632,0.03947298517770812,-1.1331908328774714,-1.1334372241252668,-1.1035032865034986
3942,-0.3964916280551725,0.8817216424333439,-0.38112724010180754,-0.4172809367614856,-1.639949539833262,0.6904618077371967,0.13074430218349892,-0.161495124076581,-0.12654137708052607,-0.3241267851739087
3943,0.784925896601943,0.8817216424333439,1.7206494582845442,-1.2448467036897353,0.38433059893725724,-1.0996719906799632,0.2594166710938745,0.8993469800271436,0.9066213181479907,0.951216580638147
3944,-0.7762329752663882,0.06508561858584352,-1.4320155892949833,-1.2448467036897353,-0.17409150830978082,1.1379952573414867,0.05036391648515114,-0.785519891196419,-0.8357462780424739,-0.8200936496563749
3945,1.0802802777662222,0.06508561858584352,-1.4320155892949833,-1.2448467036897353,0.4541333623431382,0.2429283581329067,0.4657599744992828,1.1578715264053623,1.0642224072506465,1.16377380827349
3946,1.059183536254488,-1.5681864291091574,-0.38112724010180754,-1.2448467036897353,0.38433059893725724,0.2429283581329067,0.3590288476863412,1.1043836892236614,1.1342673357407154,1.16377380827349
3947,-0.9450069073602619,0.06508561858584352,1.1952052836879563,-0.4172809367614856,-1.8493578300509,0.6904618077371967,0.05928916750783616,-0.9905566003929368,-1.002102983206388,-1.1601852138729227
3948,0.9536998286958168,0.8817216424333439,-0.38112724010180754,-0.8310638202256104,-0.38349979852741883,-0.2046050914713833,0.30866493120119004,1.0687251311025279,1.0116887108830943,0.97955754432286
3949,-0.8395231998015908,0.8817216424333439,1.1952052836879563,1.6516334805591384,0.4541333623431382,-0.6521385410756733,0.055782818891781334,-0.8835809260295359,-0.888279974410026,-0.8342641314987308
3950,0.7216356720667403,0.8817216424333439,1.7206494582845442,0.410284830166764,-0.24389427171566183,-1.0996719906799632,0.26063858046007543,0.8993469800271436,0.9066213181479907,0.8661936895840104
3951,0.5317649984611327,0.06508561858584352,1.1952052836879563,-0.0034980532973608127,-0.03448598149801883,0.6904618077371967,0.12633480316633905,0.7567127475426092,0.6439528363102324,0.681977425633379
3952,-0.8184264582898567,0.8817216424333439,0.14431693449478036,0.8240677136308887,-0.17409150830978082,-1.0996719906799632,0.06268926313552568,-0.8300930888478358,-0.791968197736181,-0.8200936496563749
3953,-0.8395231998015908,-1.5681864291091574,-1.4320155892949833,1.6516334805591384,-0.8721191423685809,0.2429283581329067,0.06401742549009191,-0.8657516469689694,-0.818235045919957,-0.9192870225528679
3954,-1.0926840979424013,0.8817216424333439,-1.4320155892949833,1.2378505970950135,0.1749223087196192,-0.6521385410756733,0.043988737183233276,-1.338227542073989,-1.3523276256567323,-1.316060514138841
3955,2.578148925099351,0.06508561858584352,-0.38112724010180754,-1.2448467036897353,0.8729499427784192,1.1379952573414867,0.7147107262391755,1.8888719678886003,1.7996941563963704,1.9714912732877912
3956,-0.6285557846842488,-1.5681864291091574,-0.9065714146983955,0.410284830166764,1.3615692866195812,-0.6521385410756733,0.08250544546565372,-0.6963734958935845,-0.6168558765110084,-0.5083430491245388
3957,0.21531387578511957,-1.5681864291091574,1.1952052836879563,-0.8310638202256104,-1.360738486209743,1.5855287069457766,0.20411199064973704,0.524932119755241,0.477596131146319,0.32771537957447533
3958,-0.20662095444956474,0.06508561858584352,-1.4320155892949833,-1.2448467036897353,-0.38349979852741883,2.033062156550067,0.12729108006162673,0.8191152242545933,-0.003962752222904903,-0.0832285938538538
3959,0.4473780324141958,0.06508561858584352,1.1952052836879563,-1.2448467036897353,0.5239361257490193,1.1379952573414867,0.24374435530999308,0.5427613988158074,0.5739079078201633,0.6252954982639549
3960,-1.050490614918933,0.8817216424333439,-1.4320155892949833,1.6516334805591384,0.7333444159666572,-1.0996719906799632,0.03883546724751634,-1.293654344422572,-1.2385046168603704,-1.1885261775576352
3961,-1.0082971318954645,0.8817216424333439,-0.38112724010180754,0.410284830166764,0.7333444159666572,-1.0996719906799632,0.03442596823035648,-1.1777640305288881,-1.185970920492819,-1.1035032865034986
3962,-1.0293938734071988,0.8817216424333439,-0.9065714146983955,0.8240677136308887,0.1749223087196192,-0.2046050914713833,0.0357541305849227,-1.2490811467711553,-1.212237768676595,-1.2026966593999917
3963,-0.9239101658485277,0.8817216424333439,-1.4320155892949833,-1.2448467036897353,0.1749223087196192,-0.2046050914713833,0.0430324602879456,-1.0351297980443537,-1.0546366795739395,-1.0184803954493615
3964,-0.20662095444956474,-1.5681864291091574,-0.38112724010180754,-1.2448467036897353,-0.4533025619332999,-0.6521385410756733,0.13536630717738937,-0.009946252061763314,0.022304095960870397,-0.040717148326785545
3965,-0.7762329752663882,0.8817216424333439,-0.9065714146983955,0.410284830166764,-0.31369703512154284,-1.0996719906799632,0.06980821335600064,-0.7944345307267022,-0.7481901174298881,-0.7917526859716626
3966,-1.0293938734071988,0.06508561858584352,0.6697611090913683,1.6516334805591384,-0.03448598149801883,0.2429283581329067,0.03708229293948892,-1.1866786700591714,-1.185970920492819,-1.1743556957152792
3967,1.0169900532310194,0.8817216424333439,-0.9065714146983955,-1.2448467036897353,-0.17409150830978082,-1.0996719906799632,0.5072517664559316,1.140042247344795,1.1517785678632324,1.1070918809040653
3968,-0.9661036488719961,0.8817216424333439,1.1952052836879563,0.410284830166764,-0.24389427171566183,-0.2046050914713833,0.0406417680497264,-1.0886176352260544,-1.0984147598802323,-1.1035032865034986
3969,-1.050490614918933,0.8817216424333439,1.1952052836879563,0.410284830166764,-0.38349979852741883,-1.0996719906799632,0.028953939329543644,-1.2312518677105888,-1.185970920492819,-1.231037623084704
3970,-0.14333072991436205,0.8817216424333439,0.14431693449478036,0.8240677136308887,-0.38349979852741883,-0.6521385410756733,0.1506136110078096,0.14160261995305437,0.06608217626716334,0.058476224569708087
3971,0.4262812909024616,0.06508561858584352,-1.4320155892949833,-0.8310638202256104,-0.03448598149801883,0.2429283581329067,0.24990702863518036,0.5873345964672243,0.5301298275138704,0.5544430890521743
3972,0.4473780324141958,-0.751550405261657,1.1952052836879563,1.6516334805591384,-2.477582700703819,-1.0996719906799632,0.38814216649843275,0.8191152242545933,0.8278207735966633,0.4835906798403931
3973,-1.0715873564306673,-1.5681864291091574,-0.38112724010180754,0.8240677136308887,0.3145278355313812,-0.6521385410756733,0.023588163417096106,-1.3293129025437058,-1.282282697166664,-1.2735490686117723
3974,-0.755136233754654,0.8817216424333439,1.1952052836879563,-1.2448467036897353,-0.4533025619332999,-0.6521385410756733,0.04319183977049355,-0.723117414484435,-0.6956564210623358,-0.7492412404445943
3975,1.3123444343952981,0.8817216424333439,-0.38112724010180754,-1.2448467036897353,0.1749223087196192,-0.6521385410756733,0.45311586888381233,1.2826764798293295,1.3006240409046288,1.3054786266970513
3976,0.46847477392593007,-0.751550405261657,0.14431693449478036,-1.2448467036897353,1.0125554695901813,0.6904618077371967,0.28162354566222175,0.5516760383460907,0.5651522917589049,0.681977425633379
3977,1.1857639853248934,0.8817216424333439,1.1952052836879563,-1.2448467036897353,-0.5929080887450618,-0.6521385410756733,0.4769165382776391,1.264847200768763,1.2480903445370775,1.16377380827349
3978,-0.9872003903837303,0.06508561858584352,-0.9065714146983955,1.2378505970950135,0.035316781907857205,0.2429283581329067,0.06412367847845721,-1.1599347514683216,-1.1684596883703013,-1.146014732030567
3979,-0.8184264582898567,0.8817216424333439,-0.9065714146983955,-1.2448467036897353,-0.5231053253391809,-0.2046050914713833,0.04202305689847527,-0.8479223679084023,-0.818235045919957,-0.8767755770257997
3980,-1.050490614918933,0.8817216424333439,-1.4320155892949833,0.410284830166764,0.24472507212550018,-0.6521385410756733,0.03495723317218297,-1.3203982630134226,-1.2472602329216296,-1.24520810492706
3981,1.586602074047843,0.06508561858584352,0.6697611090913683,-0.8310638202256104,-2.477582700703819,0.6904618077371967,0.42867768155979386,1.7818962935252003,1.6596042994162323,1.3196491085394073
3982,0.48957151543766425,1.6983576662808442,1.1952052836879563,-1.2448467036897353,3.0368356083606955,-0.6521385410756733,0.1621420602454444,0.4714442825735402,0.40755120265625,0.8236822440569416
3983,-1.050490614918933,-0.751550405261657,0.6697611090913683,-1.2448467036897353,1.2219637598078192,-0.2046050914713833,0.02093183870796366,-1.3293129025437058,-1.2910383132279224,-1.1885261775576352
3984,1.0380867947427537,-1.5681864291091574,-0.9065714146983955,-0.8310638202256104,0.1051195453137382,0.2429283581329067,0.3254529033629071,1.1222129682842286,1.1342673357407154,1.1354328445887771
3985,0.46847477392593007,0.06508561858584352,0.14431693449478036,-0.8310638202256104,-0.17409150830978082,0.2429283581329067,0.2412474100834086,0.6764809917700587,0.6001747560039394,0.6111250164215991
3986,-0.20662095444956474,-0.751550405261657,0.14431693449478036,-0.0034980532973608127,1.4313720500254572,1.1379952573414867,0.060245444403123835,-0.08126336830403057,-0.24912000193814646,0.0017942972002833347
3987,-1.050490614918933,-0.751550405261657,1.7206494582845442,-1.2448467036897353,1.4313720500254572,-0.6521385410756733,0.023906922382192,-1.3114836234831393,-1.3173051614116977,-1.1743556957152792
3988,-0.1644274714260963,0.06508561858584352,0.6697611090913683,-0.4172809367614856,0.8729499427784192,-0.2046050914713833,0.14848855124050364,-0.009946252061763314,-0.03022960040668098,0.08681718825442046
3989,-0.6285557846842488,0.8817216424333439,-1.4320155892949833,0.8240677136308887,0.4541333623431382,0.2429283581329067,0.08914625723848484,-0.6161417401210341,-0.5905890283272331,-0.5508544946516076
3990,-0.7762329752663882,0.8817216424333439,-1.4320155892949833,0.410284830166764,0.3145278355313812,-0.2046050914713833,0.055676565903416034,-0.7944345307267022,-0.818235045919957,-0.7634117222869502
3991,-0.1011372468908936,0.06508561858584352,-1.4320155892949833,-1.2448467036897353,0.7333444159666572,-0.6521385410756733,0.1433352813047867,0.04354158511993751,0.013548479899611962,0.11515815193913284
3992,-1.0293938734071988,0.06508561858584352,1.1952052836879563,0.8240677136308887,-0.38349979852741883,0.6904618077371967,0.042607448334484405,-1.2134225886500216,-1.212237768676595,-1.231037623084704
3993,-0.1855242129378305,-1.5681864291091574,1.1952052836879563,-0.8310638202256104,0.4541333623431382,0.6904618077371967,0.11533761887053073,-0.045604810182896936,-0.03022960040668098,0.015964779042639207
3994,-0.9661036488719961,0.06508561858584352,1.1952052836879563,-0.4172809367614856,0.38433059893725724,0.6904618077371967,0.053870265101205975,-1.1331908328774714,-1.0896591438189738,-1.0609918409764298
3995,-0.5863623016607803,0.8817216424333439,0.6697611090913683,0.8240677136308887,0.6635416525607812,-0.2046050914713833,0.09137756999415608,-0.5002514262273501,-0.5205440998371641,-0.43749063991275816
3996,0.7216356720667403,0.06508561858584352,1.7206494582845442,-0.8310638202256104,-0.9419219057744619,0.6904618077371967,0.20512139403920734,0.9528348172088437,0.8803544699642155,0.7811707985298727
3997,-1.050490614918933,0.06508561858584352,0.6697611090913683,-0.4172809367614856,-0.8721191423685809,0.6904618077371967,0.0430324602879456,-1.240166507240872,-1.2385046168603704,-1.3018900322964846
3998,-1.050490614918933,-0.751550405261657,1.1952052836879563,0.410284830166764,1.2219637598078192,0.2429283581329067,0.024225681347287892,-1.3293129025437058,-1.2647714650441464,-1.1743556957152792
3999,-1.0082971318954645,0.8817216424333439,1.1952052836879563,1.2378505970950135,-0.03448598149801883,-0.6521385410756733,0.04972639855495936,-1.1777640305288881,-1.1947265365540773,-1.1743556957152792
4000,-0.7973297167781225,0.8817216424333439,0.6697611090913683,1.2378505970950135,0.1749223087196192,-1.0996719906799632,0.04696382085746162,-0.8300930888478358,-0.7481901174298881,-0.7634117222869502
4001,0.46847477392593007,-1.5681864291091574,-0.38112724010180754,-0.8310638202256104,-0.5929080887450618,0.2429283581329067,0.21457791000371884,0.6051638755277915,0.6964865326777845,0.5686135708945302
4002,0.4473780324141958,-1.5681864291091574,0.14431693449478036,-0.8310638202256104,0.4541333623431382,0.2429283581329067,0.2224406311427509,0.5695053174066579,0.6001747560039394,0.6394659801063115
4003,0.4473780324141958,-1.5681864291091574,0.14431693449478036,-1.2448467036897353,-0.5231053253391809,1.5855287069457766,0.2602666950007969,0.6319077941186418,0.6439528363102324,0.5686135708945302
4004,-0.20662095444956474,0.06508561858584352,1.1952052836879563,0.8240677136308887,0.3145278355313812,-0.2046050914713833,0.14067895659565424,-0.03669017065261294,-0.06525206465171549,-0.012376184642073167
4005,1.481118366489172,0.06508561858584352,1.1952052836879563,-0.8310638202256104,-2.407779937297943,1.5855287069457766,0.3570100409074005,1.6214327819800984,1.4582251300072844,1.1354328445887771
4006,2.599245666611085,0.8817216424333439,1.7206494582845442,-0.8310638202256104,1.0125554695901813,-1.0996719906799632,0.6349147319768369,2.0136769213125683,2.0098289418665765,2.1557075372384213
4007,-1.050490614918933,0.8817216424333439,1.1952052836879563,-0.4172809367614856,-0.17409150830978082,-1.0996719906799632,0.04584816447962599,-1.2490811467711553,-1.212237768676595,-1.231037623084704
4008,0.5528617399728669,0.8817216424333439,-0.9065714146983955,1.6516334805591384,0.1749223087196192,-0.2046050914713833,0.6288583116400148,0.7032249103609084,0.7052421487390429,0.7244888711604479
4009,-0.7340394922429198,0.8817216424333439,1.1952052836879563,-1.2448467036897353,-0.10428874490389983,-1.5472054402842532,0.04414811666578122,-0.6874588563633014,-0.6606339568173013,-0.678388831232813
4010,-0.3964916280551725,-1.5681864291091574,1.1952052836879563,0.410284830166764,0.1749223087196192,-0.2046050914713833,0.09886840567390957,-0.2595561589096979,-0.23160876981562958,-0.22493341227741567
4011,0.9326030871840826,-1.5681864291091574,-0.38112724010180754,-0.8310638202256104,-1.221132959397981,0.2429283581329067,0.3112150029219572,1.1222129682842286,1.1517785678632324,0.951216580638147
4012,1.481118366489172,-1.5681864291091574,0.6697611090913683,1.6516334805591384,0.1749223087196192,-1.9947388898885432,0.5776443712479413,1.3985667937230135,1.4056914336397324,1.4188424814359009
4013,0.9747965702075511,0.8817216424333439,1.1952052836879563,0.8240677136308887,0.38433059893725724,-0.2046050914713833,0.35084736758221324,1.0687251311025279,0.9941774787605774,1.0787509172193523
4014,-0.8395231998015908,0.8817216424333439,0.6697611090913683,-0.4172809367614856,0.4541333623431382,-0.6521385410756733,0.055782818891781334,-0.8924955655598191,-0.9057912065325429,-0.8484346133410873
4015,-0.8817166828250593,0.06508561858584352,-1.4320155892949833,0.410284830166764,0.3145278355313812,0.6904618077371967,0.059076661531105565,-0.9459834027415199,-0.9670805189613535,-0.9192870225528679
4016,-0.20662095444956474,0.8817216424333439,-0.9065714146983955,0.8240677136308887,-0.24389427171566183,-0.2046050914713833,0.22966583435159113,-0.018860891592046524,0.022304095960870397,-0.026546666484429042
4017,0.46847477392593007,0.8817216424333439,-1.4320155892949833,-1.2448467036897353,-0.4533025619332999,-0.6521385410756733,0.24836636030388354,0.6943102708306251,0.6264416041877154,0.5969545345792426
4018,-0.8184264582898567,0.06508561858584352,1.1952052836879563,0.410284830166764,-0.5929080887450618,1.5855287069457766,0.05636721032779047,-0.8746662864992527,-0.8707687422875084,-0.9192870225528679
4019,-0.8395231998015908,0.8817216424333439,1.1952052836879563,1.6516334805591384,0.5937388891549003,-1.9947388898885432,0.04871699516548903,-0.9014102050901031,-0.8445018941037331,-0.8059231678140184
4020,-1.0082971318954645,-1.5681864291091574,1.1952052836879563,0.8240677136308887,0.24472507212550018,-1.0996719906799632,0.03426658874780853,-1.1777640305288881,-1.1334372241252668,-1.1176737683458546
4021,2.1773108363764013,0.06508561858584352,1.7206494582845442,-1.2448467036897353,-0.9419219057744619,0.2429283581329067,0.5689316262019869,1.986933002721718,1.93102839731525,1.787275009337161
4022,-0.4808785941021094,0.8817216424333439,0.14431693449478036,0.8240677136308887,0.035316781907857205,-1.0996719906799632,0.10832492163842108,-0.35761719374281553,-0.3366761625507331,-0.33829726701626517
4023,-0.5441688186373119,0.8817216424333439,-1.4320155892949833,1.6516334805591384,-0.4533025619332999,-0.6521385410756733,0.13292248844498752,-0.4200196704547996,-0.37169862679576765,-0.451661121755114
4024,-0.6074590431725145,0.06508561858584352,1.1952052836879563,0.410284830166764,0.4541333623431382,0.2429283581329067,0.08213356000637517,-0.5448246238787668,-0.5468109480209394,-0.4941725672821829
4025,0.7216356720667403,0.8817216424333439,-0.38112724010180754,-0.8310638202256104,0.5937388891549003,-0.2046050914713833,0.25436965414652285,0.8815177009665764,0.7840426932903704,0.9087051351110781
4026,-0.41758836956690676,0.8817216424333439,-0.38112724010180754,0.410284830166764,0.24472507212550018,-1.0996719906799632,0.0766084046113797,-0.2773854379702651,-0.24036438587688802,-0.22493341227741567
4027,1.67098904009478,-0.751550405261657,0.14431693449478036,-0.8310638202256104,1.2917665232137003,-0.2046050914713833,0.4834510970621049,1.5144571076166977,1.4494695139460252,1.6597406727559558
4028,-0.8395231998015908,-1.5681864291091574,-1.4320155892949833,-0.8310638202256104,0.24472507212550018,1.1379952573414867,0.034213462253625884,-0.9638126818020863,-0.9145468225938014,-0.9051165407105121
4029,0.21531387578511957,-0.751550405261657,0.14431693449478036,0.410284830166764,1.2917665232137003,0.6904618077371967,0.2249375763693354,0.3377246896192897,0.28497257779862883,0.4694201979980372
4030,-0.20662095444956474,0.06508561858584352,0.6697611090913683,-0.8310638202256104,0.24472507212550018,1.1379952573414867,0.09159007597088668,-0.07234872877374655,-0.10027452889675,-0.054887630169141416
4031,0.4473780324141958,-0.751550405261657,0.14431693449478036,-0.8310638202256104,-1.639949539833262,1.1379952573414867,0.21309036816660468,0.6319077941186418,0.66146406843275,0.4269087524709683
4032,1.9452466797473245,-1.5681864291091574,0.14431693449478036,-1.2448467036897353,1.0125554695901813,1.5855287069457766,0.7236891037560431,1.6838352586920826,1.607070603048681,1.787275009337161
4033,3.590792517662593,0.06508561858584352,0.6697611090913683,-0.8310638202256104,-1.919160593456781,1.1379952573414867,0.980024438187324,2.70010416514439,2.762811923134819,2.3682647648737642
4034,-0.1855242129378305,-0.751550405261657,0.14431693449478036,-1.2448467036897353,1.5011748134313383,-0.2046050914713833,0.12383785793975456,-0.14366584501601382,-0.10903014495800843,0.044305742727351584
4035,-0.45978185259037524,0.8817216424333439,-0.9065714146983955,1.6516334805591384,0.8729499427784192,-0.6521385410756733,0.12861924241619296,-0.3397879146822491,-0.39796547497954293,-0.2674448578044839
4036,1.481118366489172,-1.5681864291091574,1.1952052836879563,0.410284830166764,-0.38349979852741883,1.5855287069457766,0.6479307230515858,1.3896521541927305,1.4056914336397324,1.3338195903817645
4037,-0.6285557846842488,0.8817216424333439,0.6697611090913683,0.8240677136308887,0.1051195453137382,-1.5472054402842532,0.06003293842639324,-0.5448246238787668,-0.5030328677146465,-0.5083430491245388
4038,-0.5230720771255777,-1.5681864291091574,1.7206494582845442,-1.2448467036897353,-0.5929080887450618,-0.6521385410756733,0.058439143600913776,-0.39327575186394914,-0.3366761625507331,-0.4233201580704017
4039,-1.050490614918933,0.8817216424333439,-1.4320155892949833,0.410284830166764,0.24472507212550018,-1.7262188201259687,0.03463847420708707,-1.2758250653620058,-1.212237768676595,-1.2026966593999917
4040,1.481118366489172,0.06508561858584352,-0.9065714146983955,0.410284830166764,-1.081527432586219,0.6904618077371967,0.799659990437231,1.5590303052681154,1.4232026657622499,1.3196491085394073
4041,-0.3121046620082356,-0.751550405261657,0.6697611090913683,0.8240677136308887,-0.4533025619332999,1.898802121668781,0.09265260585453966,-0.161495124076581,-0.12654137708052607,-0.1965924485927033
4042,-0.9239101658485277,0.8817216424333439,-0.9065714146983955,-1.2448467036897353,-0.8023163789626999,-0.6521385410756733,0.03288529989905966,-1.0262151585140704,-0.9670805189613535,-1.0609918409764298
4043,0.004346460667777534,0.8817216424333439,-0.38112724010180754,-0.8310638202256104,0.4541333623431382,-0.2046050914713833,0.11273442065558094,0.1594318990136216,0.08359340838968098,0.17184007930855758
4044,0.4473780324141958,0.8817216424333439,-1.4320155892949833,0.8240677136308887,-0.9419219057744619,0.6904618077371967,0.3962173936141954,0.7032249103609084,0.6702196844940084,0.5544430890521743
4045,-0.9661036488719961,0.8817216424333439,-0.9065714146983955,0.410284830166764,-0.24389427171566183,-0.6521385410756733,0.0548796684906763,-1.0707883561654872,-1.0809035277577155,-1.0893328046611421
4046,-1.0293938734071988,0.8817216424333439,-0.9065714146983955,-1.2448467036897353,-0.31369703512154284,-0.6521385410756733,0.03001646921319662,-1.2223372281803049,-1.1597040723090428,-1.2026966593999917
4047,-0.8184264582898567,0.8817216424333439,0.6697611090913683,0.410284830166764,-0.24389427171566183,-1.5472054402842532,0.033204058864155554,-0.8211784493175527,-0.791968197736181,-0.8200936496563749
4048,-0.7340394922429198,0.8817216424333439,-1.4320155892949833,1.6516334805591384,0.1051195453137382,-0.6521385410756733,0.0744302183498911,-0.6963734958935845,-0.7219232692461119,-0.6925593130751695
4049,-0.1644274714260963,0.8817216424333439,0.14431693449478036,1.2378505970950135,-0.03448598149801883,-0.6521385410756733,0.20161504542315253,-0.0010316125314793153,0.031059712022128826,0.015964779042639207
4050,0.4262812909024616,0.8817216424333439,0.6697611090913683,-1.2448467036897353,-0.17409150830978082,-0.2046050914713833,0.24698507145513468,0.5873345964672243,0.6089303720651978,0.5686135708945302
4051,-1.050490614918933,0.06508561858584352,1.1952052836879563,0.8240677136308887,-1.221132959397981,1.1379952573414867,0.04122615948573553,-1.2490811467711553,-1.256015848982888,-1.3444014778235536
4052,-0.1644274714260963,1.6983576662808442,0.14431693449478036,-1.2448467036897353,2.1293996840842575,-1.0996719906799632,0.14296339584550816,-0.08126336830403057,-0.11778576101926763,0.1434991156238452
4053,1.586602074047843,0.8817216424333439,0.6697611090913683,0.8240677136308887,-0.38349979852741883,-1.0996719906799632,0.5464591191627265,1.5679449447983984,1.5195144424360942,1.4755244088053256
4054,0.8693128626488799,-0.751550405261657,0.14431693449478036,0.410284830166764,1.3615692866195812,0.2429283581329067,0.42028369547893535,0.8369445033151597,0.8540876217804394,1.0220689898499276
4055,-0.9239101658485277,0.8817216424333439,-0.38112724010180754,-1.2448467036897353,0.38433059893725724,-1.9947388898885432,0.028582053870265103,-1.0351297980443537,-0.9845917510838703,-0.9617984680799367
4056,-0.8395231998015908,0.06508561858584352,0.6697611090913683,-0.8310638202256104,-0.8721191423685809,0.2429283581329067,0.03729479891621952,-0.8122638097872686,-0.8532575101649915,-0.9051165407105121
4057,0.4473780324141958,-1.5681864291091574,0.14431693449478036,-0.8310638202256104,-0.5231053253391809,1.1379952573414867,0.21893428252669606,0.6319077941186418,0.6527084523714916,0.5686135708945302
4058,-0.7973297167781225,0.8817216424333439,-0.9065714146983955,1.6516334805591384,-0.03448598149801883,-1.0996719906799632,0.06295489560643894,-0.8390077283781191,-0.791968197736181,-0.8059231678140184
4059,-0.9661036488719961,0.8817216424333439,0.6697611090913683,0.8240677136308887,0.4541333623431382,-1.0996719906799632,0.036604154491845085,-1.0886176352260544,-1.1071703759414915,-1.0468213591340738
4060,-1.1348775809658698,0.8817216424333439,0.14431693449478036,1.2378505970950135,0.4541333623431382,-0.6521385410756733,0.04085427402645699,-1.4452032164373898,-1.4311281702080605,-1.3869129233506219
4061,0.21531387578511957,0.8817216424333439,0.14431693449478036,-0.8310638202256104,0.1051195453137382,-0.6521385410756733,0.2016681719173352,0.409041805861557,0.44257366690128447,0.44107923431332485
4062,-0.6285557846842488,-0.751550405261657,0.14431693449478036,-1.2448467036897353,-2.686990990921462,2.033062156550067,0.06082983583913298,-0.4913367866970668,-0.4592547874083535,-0.7492412404445943
4063,-1.0293938734071988,-0.751550405261657,0.14431693449478036,0.410284830166764,1.3615692866195812,0.6904618077371967,0.0309727461084843,-1.3114836234831393,-1.2472602329216296,-1.146014732030567
4064,-0.9239101658485277,0.06508561858584352,-0.9065714146983955,0.410284830166764,-1.8493578300509,0.2429283581329067,0.05812038463581788,-0.9370687632112367,-0.9670805189613535,-1.1176737683458546
4065,0.48957151543766425,0.06508561858584352,-0.38112724010180754,0.410284830166764,0.8729499427784192,0.6904618077371967,0.2849705147957286,0.6586517127094915,0.547641059636388,0.7103183893180921
4066,0.4473780324141958,-0.751550405261657,-1.4320155892949833,0.410284830166764,-0.6627108521509428,2.4805956061543566,0.33204058864155556,0.6319077941186418,0.6351972202489738,0.5402726072098178
4067,-0.8817166828250593,0.8817216424333439,-1.4320155892949833,0.410284830166764,-0.03448598149801883,-1.0996719906799632,0.046007543962173936,-0.9548980422718031,-0.9233024386550606,-0.9334575043952245
4068,-1.1348775809658698,-1.5681864291091574,-0.9065714146983955,1.6516334805591384,0.4541333623431382,-1.5472054402842532,0.029432077777187482,-1.4719471350282403,-1.4048613220242845,-1.3869129233506219
4069,-0.5652655601490462,-1.5681864291091574,1.7206494582845442,0.410284830166764,0.6635416525607812,-0.6521385410756733,0.05291398820591829,-0.5180807052879165,-0.4855216355921296,-0.4233201580704017
4070,1.5444085910243748,0.06508561858584352,-0.38112724010180754,-1.2448467036897353,0.4541333623431382,1.1379952573414867,0.44440312383785796,1.4342253518441472,1.3794245854559561,1.4613539269629696
4071,-0.5441688186373119,0.8817216424333439,-1.4320155892949833,-0.8310638202256104,-0.7325136155568189,-0.6521385410756733,0.07118950220474951,-0.38436111233366593,-0.424232323163319,-0.4800020854398264
4072,-0.1011372468908936,0.8817216424333439,-0.9065714146983955,-0.8310638202256104,-0.17409150830978082,-1.0996719906799632,0.1390851617701748,0.10594406183192076,0.13612710475723236,0.10098767009677634
4073,-0.9661036488719961,0.8817216424333439,1.1952052836879563,-0.4172809367614856,-1.1513301959920998,-0.2046050914713833,0.053870265101205975,-1.061873716635204,-1.0108585992676464,-1.1318442501882104
4074,-0.9661036488719961,0.06508561858584352,-1.4320155892949833,-1.2448467036897353,-1.7097523032391428,0.2429283581329067,0.0406417680497264,-1.0173005189837871,-1.0371254474514224,-1.1743556957152792
4075,0.48957151543766425,0.8817216424333439,-0.38112724010180754,1.6516334805591384,0.3145278355313812,-1.0996719906799632,0.3526536683844233,0.6229931545883579,0.66146406843275,0.6961479074757362
4076,-0.05894376386742515,-0.751550405261657,1.1952052836879563,-1.2448467036897353,1.3615692866195812,-1.5472054402842532,0.1260691706954258,0.10594406183192076,0.0573265602059049,0.2426924885203382
4077,-0.9450069073602619,0.8817216424333439,-0.9065714146983955,-0.8310638202256104,0.3145278355313812,-0.6521385410756733,0.02773202996334272,-1.079702995695771,-1.0371254474514224,-1.0184803954493615
4078,-0.7973297167781225,0.8817216424333439,0.14431693449478036,0.8240677136308887,-0.8023163789626999,-0.6521385410756733,0.048929501142219625,-0.8033491702569854,-0.7569457334911465,-0.8484346133410873
4079,-0.1644274714260963,0.8817216424333439,-1.4320155892949833,0.410284830166764,0.1749223087196192,-0.6521385410756733,0.157360675769006,-0.0010316125314793153,0.022304095960870397,0.03013526088499571
4080,0.9326030871840826,-1.5681864291091574,0.14431693449478036,0.8240677136308887,-1.919160593456781,1.1379952573414867,0.5251553949954842,1.1311276078145118,1.16928979998575,0.8661936895840104
4081,0.40518454939072734,0.06508561858584352,0.14431693449478036,0.410284830166764,0.5937388891549003,-1.0996719906799632,0.3130744302183499,0.685395631300342,0.5388854435751288,0.681977425633379
4082,0.23641061729685378,-0.751550405261657,0.14431693449478036,-1.2448467036897353,1.3615692866195812,0.2429283581329067,0.20846836317271422,0.3912125268009897,0.3199950420436633,0.5261021253674619
4083,-0.9239101658485277,0.06508561858584352,0.14431693449478036,0.8240677136308887,-0.7325136155568189,0.2429283581329067,0.05381713860702332,-0.9905566003929368,-1.019614215328905,-1.0609918409764298
4084,-0.9872003903837303,0.8817216424333439,-1.4320155892949833,1.2378505970950135,0.5937388891549003,0.2429283581329067,0.04526377304361685,-1.2223372281803049,-1.1684596883703013,-1.1318442501882104
4085,0.27860410032032223,0.06508561858584352,-0.38112724010180754,-1.2448467036897353,0.7333444159666572,0.2429283581329067,0.19369919778993785,0.4536150035129738,0.4163068187175084,0.5261021253674619
4086,-0.8184264582898567,0.06508561858584352,-1.4320155892949833,0.8240677136308887,-1.2909357228038618,0.2429283581329067,0.061254847792594165,-0.7587759726055686,-0.791968197736181,-0.8909460588681556
4087,-0.8395231998015908,0.8817216424333439,0.14431693449478036,1.6516334805591384,0.3145278355313812,-1.0996719906799632,0.053764012112840674,-0.8746662864992527,-0.8445018941037331,-0.8200936496563749
4088,0.4473780324141958,-1.5681864291091574,0.14431693449478036,-1.2448467036897353,0.7333444159666572,0.2429283581329067,0.25282898581522606,0.5516760383460907,0.6089303720651978,0.6678069437910232
4089,-0.755136233754654,0.06508561858584352,-1.4320155892949833,0.410284830166764,-0.9419219057744619,0.2429283581329067,0.05700472825798226,-0.7142027749541517,-0.7569457334911465,-0.8200936496563749
4090,0.46847477392593007,-1.5681864291091574,0.14431693449478036,-1.2448467036897353,1.3615692866195812,-0.6521385410756733,0.3028741433352813,0.5427613988158074,0.5914191399426809,0.7386593530028038
4091,-0.8606199413133251,0.8817216424333439,0.14431693449478036,0.8240677136308887,0.1749223087196192,-1.0996719906799632,0.05328587366519683,-0.9548980422718031,-0.9145468225938014,-0.9051165407105121
4092,3.211051170451377,0.8817216424333439,-0.38112724010180754,-1.2448467036897353,0.5937388891549003,-0.2046050914713833,0.9605270148222919,2.4326649792358888,2.438854128868249,2.524140065139683
4093,0.5106682569493985,0.8817216424333439,-1.4320155892949833,-0.8310638202256104,0.1749223087196192,-1.0996719906799632,0.25521967805344525,0.6675663522397756,0.6789753005552669,0.6961479074757362
4094,-0.1855242129378305,-0.751550405261657,-0.9065714146983955,-1.2448467036897353,1.5709775768372194,-0.6521385410756733,0.14030707113637572,-0.1258365659554474,-0.09151891283549156,0.07264670641206396
4095,1.5022151080009063,0.06508561858584352,-1.4320155892949833,0.8240677136308887,0.6635416525607812,0.2429283581329067,0.8855655315305743,1.425310712313864,1.3268908890884048,1.4613539269629696
4096,-0.8184264582898567,0.06508561858584352,1.7206494582845442,0.8240677136308887,-0.31369703512154284,0.6904618077371967,0.044094990171598576,-0.8479223679084023,-0.8707687422875084,-0.8767755770257997
4097,1.5233118495126405,-0.751550405261657,-0.38112724010180754,0.8240677136308887,1.2219637598078192,1.1379952573414867,0.6271051373319875,1.3450789565413135,1.353157737272181,1.5180358543323944
4098,-0.14333072991436205,-1.5681864291091574,-1.4320155892949833,-0.8310638202256104,-1.7097523032391428,-0.2046050914713833,0.12723795356744408,0.13268798042277116,0.1886608011247845,-0.040717148326785545
4099,-1.050490614918933,0.8817216424333439,-1.4320155892949833,1.6516334805591384,-1.081527432586219,-0.2046050914713833,0.04191680391010997,-1.2134225886500216,-1.1684596883703013,-1.2735490686117723
4100,-1.050490614918933,0.06508561858584352,-1.4320155892949833,-1.2448467036897353,-0.03448598149801883,-0.6521385410756733,0.035860383573287996,-1.2847397048922888,-1.282282697166664,-1.2735490686117723
4101,-0.8395231998015908,0.8817216424333439,0.14431693449478036,1.6516334805591384,0.1749223087196192,-0.6521385410756733,0.05392339159538862,-0.8924955655598191,-0.8532575101649915,-0.8484346133410873
4102,0.4473780324141958,0.8817216424333439,1.1952052836879563,-1.2448467036897353,0.8031471793725382,-1.5472054402842532,0.2482069808213356,0.6586517127094915,0.5914191399426809,0.7244888711604479
4103,-0.1855242129378305,1.6983576662808442,-0.9065714146983955,-1.2448467036897353,1.9897941572724953,1.1379952573414867,0.11427508898687776,-0.161495124076581,-0.11778576101926763,0.08681718825442046
4104,-1.0926840979424013,0.8817216424333439,-0.38112724010180754,0.410284830166764,0.5239361257490193,-1.5472054402842532,0.02481007278329703,-1.3649714606648393,-1.326060777472957,-1.2877195504541288
4105,0.4473780324141958,0.8817216424333439,0.14431693449478036,0.8240677136308887,0.3145278355313812,-0.6521385410756733,0.48222918769590395,0.5962492359975082,0.6351972202489738,0.6536364619486673
4106,0.21531387578511957,-0.751550405261657,-1.4320155892949833,-0.8310638202256104,0.1749223087196192,2.4805956061543566,0.17096105827976413,0.3198954105587225,0.3550175062886978,0.3560563432591877
4107,0.8482161211371456,-1.5681864291091574,1.7206494582845442,0.8240677136308887,0.8031471793725382,1.1379952573414867,0.27763905859852306,0.8102005847243092,0.8365763896579225,0.9228756169534352
4108,-0.9872003903837303,-1.5681864291091574,-0.9065714146983955,0.8240677136308887,-0.10428874490389983,-1.9947388898885432,0.039419858683525474,-1.1421054724077544,-1.0984147598802323,-1.1176737683458546
4109,0.4473780324141958,-0.751550405261657,-0.38112724010180754,-1.2448467036897353,-3.2454130981685,0.2429283581329067,0.2384317058917282,0.7745420266031756,0.7927983093516288,0.3418858614168312
4110,1.5022151080009063,0.8817216424333439,0.6697611090913683,-0.8310638202256104,-0.38349979852741883,0.2429283581329067,0.3911172501726611,1.425310712313864,1.4757363621298014,1.3763310359088319
4111,-1.050490614918933,0.8817216424333439,1.7206494582845442,0.8240677136308887,-1.430541249615619,-0.2046050914713833,0.02093183870796366,-1.2134225886500216,-1.1684596883703013,-1.3018900322964846
4112,-1.0293938734071988,-1.5681864291091574,-1.4320155892949833,1.6516334805591384,-2.058766120268543,0.6904618077371967,0.037401051904584814,-1.1331908328774714,-1.1246816080640083,-1.3018900322964846
4113,-0.6285557846842488,0.8817216424333439,1.1952052836879563,-0.8310638202256104,-1.221132959397981,-0.2046050914713833,0.055145300961589545,-0.5002514262273501,-0.4680104034696119,-0.6075364220210324
4114,-0.20662095444956474,0.8817216424333439,1.1952052836879563,-1.2448467036897353,-0.10428874490389983,-0.6521385410756733,0.13164745258460395,-0.03669017065261294,-0.003962752222904903,-0.026546666484429042
4115,0.4473780324141958,0.06508561858584352,0.14431693449478036,-0.8310638202256104,-1.5003440130215,0.6904618077371967,0.22934707538649524,0.7656273870728924,0.6877309166165253,0.5261021253674619
4116,-0.20662095444956474,-0.751550405261657,-1.4320155892949833,-0.8310638202256104,-1.2909357228038618,-0.2046050914713833,0.10763427721404664,0.0167976665290871,0.0573265602059049,-0.11156955753856616
4117,0.21531387578511957,1.6983576662808442,1.1952052836879563,-0.8310638202256104,1.9199913938666193,-0.6521385410756733,0.15183552037401052,0.2931514919678721,0.23243888143107744,0.4977611616827496
4118,0.02544320217951176,-1.5681864291091574,-1.4320155892949833,-1.2448467036897353,1.4313720500254572,0.2429283581329067,0.15789194071083248,0.10594406183192076,0.20617203324730138,0.32771537957447533
4119,-0.20662095444956474,0.8817216424333439,0.6697611090913683,-1.2448467036897353,-0.10428874490389983,-0.6521385410756733,0.13935079424108804,-0.03669017065261294,-0.021473984345422546,-0.040717148326785545
4120,0.5528617399728669,0.06508561858584352,0.14431693449478036,0.410284830166764,0.035316781907857205,1.1379952573414867,0.354513095680816,0.7567127475426092,0.6964865326777845,0.7244888711604479
4121,-0.3964916280551725,-1.5681864291091574,-0.9065714146983955,1.6516334805591384,-1.5003440130215,-0.2046050914713833,0.14678850342665886,-0.1525804845462978,-0.1352969931417845,-0.3099563033315528
4122,0.4473780324141958,-1.5681864291091574,-0.9065714146983955,0.410284830166764,-1.360738486209743,1.1379952573414867,0.34866918132072466,0.6140785150580746,0.6351972202489738,0.44107923431332485
4123,-0.6285557846842488,-0.751550405261657,1.1952052836879563,1.6516334805591384,1.5011748134313383,0.2429283581329067,0.09594644849386388,-0.6072271005907509,-0.6431227246947845,-0.46583160359747056
4124,-0.1644274714260963,0.06508561858584352,-0.9065714146983955,-1.2448467036897353,-0.24389427171566183,0.6904618077371967,0.1569356638155448,-0.018860891592046524,0.04857094414464647,-0.012376184642073167
4125,1.481118366489172,-0.751550405261657,-1.4320155892949833,-0.8310638202256104,1.2219637598078192,0.6904618077371967,0.4930669925091643,1.3539935960715968,1.353157737272181,1.5180358543323944
4126,-1.050490614918933,0.8817216424333439,1.1952052836879563,1.2378505970950135,0.1051195453137382,-1.5472054402842532,0.04058864155554375,-1.2490811467711553,-1.2034821526153359,-1.2026966593999917
4127,-0.9028134243367935,0.06508561858584352,0.14431693449478036,-1.2448467036897353,-0.17409150830978082,0.6904618077371967,0.04202305689847527,-0.9905566003929368,-1.002102983206388,-1.004309913607005
4128,0.4262812909024616,0.06508561858584352,0.14431693449478036,-0.8310638202256104,-0.03448598149801883,-0.2046050914713833,0.20469638208574617,0.6140785150580746,0.5388854435751288,0.5686135708945302
4129,-1.0293938734071988,0.8817216424333439,1.7206494582845442,-1.2448467036897353,0.4541333623431382,-1.9947388898885432,0.02013494129522393,-1.2045079491197386,-1.1684596883703013,-1.1318442501882104
4130,0.9536998286958168,-1.5681864291091574,1.7206494582845442,0.8240677136308887,0.035316781907857205,0.2429283581329067,0.29899590925994796,1.0330665729813941,1.0467111751281288,1.0362394716922834
4131,-0.33320140351996985,-1.5681864291091574,-1.4320155892949833,0.410284830166764,1.1521609964019384,-1.5472054402842532,0.11230940870211975,-0.18823904266743144,-0.21409753769311196,-0.0690581120114973
4132,0.21531387578511957,0.06508561858584352,1.1952052836879563,-1.2448467036897353,-0.5231053253391809,1.1379952573414867,0.20607767093449503,0.3912125268009897,0.33750627416618095,0.29937441588976293
4133,0.9115063456723483,0.8817216424333439,-0.9065714146983955,1.2378505970950135,0.4541333623431382,-0.2046050914713833,0.8634649099505923,1.0241519334511109,0.9591550145155429,1.0504099535346405
4134,-0.7762329752663882,0.06508561858584352,0.14431693449478036,0.410284830166764,-1.360738486209743,0.2429283581329067,0.04807947723529724,-0.7498613330752854,-0.6956564210623358,-0.8484346133410873
4135,1.67098904009478,-1.5681864291091574,1.1952052836879563,-1.2448467036897353,-1.5701467764273809,1.5855287069457766,0.5824257557243797,1.6392620610406659,1.67711553153875,1.404671999593545
4136,-0.9872003903837303,0.06508561858584352,-1.4320155892949833,0.8240677136308887,-0.10428874490389983,0.2429283581329067,0.053232747171014186,-1.1421054724077544,-1.1597040723090428,-1.146014732030567
4137,-0.8817166828250593,0.8817216424333439,0.6697611090913683,0.8240677136308887,0.1749223087196192,-1.5472054402842532,0.03718854592785422,-0.9459834027415199,-0.888279974410026,-0.8909460588681556
4138,-0.2910079204965014,-1.5681864291091574,-0.9065714146983955,1.6516334805591384,-0.7325136155568189,0.6904618077371967,0.22902831642139934,-0.11692192642516418,-0.056496448590457056,-0.1682514849079909
4139,0.6794421890432724,-1.5681864291091574,-0.38112724010180754,-1.2448467036897353,0.38433059893725724,-1.0996719906799632,0.2781703235403496,0.8102005847243092,0.8365763896579225,0.8661936895840104
4140,-0.3964916280551725,0.06508561858584352,-0.38112724010180754,-1.2448467036897353,-1.5701467764273809,2.033062156550067,0.07342081496042076,-0.161495124076581,-0.1965863055705951,-0.35246774885862103
4141,-0.08004050537915937,0.8817216424333439,-0.38112724010180754,1.6516334805591384,0.035316781907857205,-0.2046050914713833,0.1429102693513255,0.09702942230163755,0.15363833687975,0.1293286337814887
4142,-1.050490614918933,0.8817216424333439,0.14431693449478036,-0.4172809367614856,0.38433059893725724,-1.0996719906799632,0.04707007384582691,-1.2758250653620058,-1.2209933847378536,-1.2026966593999917
4143,-0.3964916280551725,0.8817216424333439,-0.9065714146983955,1.6516334805591384,-0.03448598149801883,-0.6521385410756733,0.1996493651383945,-0.23281224031884826,-0.27538685012192254,-0.25327437596212804
4144,0.46847477392593007,-0.751550405261657,1.1952052836879563,0.8240677136308887,-3.105807571356743,0.6904618077371967,0.30313977580619456,0.8726030614362933,0.8015539254128881,0.41273827062861246
4145,-1.050490614918933,-1.5681864291091574,-0.38112724010180754,-1.2448467036897353,1.1521609964019384,0.2429283581329067,0.0286883068586304,-1.2847397048922888,-1.2910383132279224,-1.1743556957152792
4146,0.21531387578511957,0.06508561858584352,-1.4320155892949833,0.410284830166764,-1.5701467764273809,0.2429283581329067,0.2822079370982309,0.5338467592855243,0.477596131146319,0.29937441588976293
4147,-1.155974322477604,-1.5681864291091574,1.1952052836879563,1.2378505970950135,0.035316781907857205,-0.6521385410756733,0.027891409445890667,-1.516520332679657,-1.466150634453095,-1.471935814404759
4148,-0.3542981450317041,0.06508561858584352,0.14431693449478036,0.410284830166764,-0.5231053253391809,1.5855287069457766,0.11746267863783669,-0.11692192642516418,-0.21409753769311196,-0.22493341227741567
4149,0.4473780324141958,0.8817216424333439,1.1952052836879563,0.8240677136308887,0.1749223087196192,-0.2046050914713833,0.3455347181639484,0.6319077941186418,0.547641059636388,0.6111250164215991
4150,-0.5441688186373119,0.8817216424333439,1.1952052836879563,-0.8310638202256104,0.035316781907857205,-1.5472054402842532,0.06019231790894119,-0.437848949515366,-0.39796547497954293,-0.40914967622804577
4151,-1.0082971318954645,0.06508561858584352,-0.38112724010180754,1.6516334805591384,0.24472507212550018,0.2429283581329067,0.043988737183233276,-1.1955933095894553,-1.2209933847378536,-1.1743556957152792
4152,1.9663434212590587,0.8817216424333439,1.7206494582845442,-1.2448467036897353,0.5937388891549003,-0.2046050914713833,0.36800722520320883,1.7462377354040666,1.67711553153875,1.787275009337161
4153,0.4262812909024616,-0.751550405261657,0.14431693449478036,-0.8310638202256104,1.4313720500254572,0.2429283581329067,0.2168092227593901,0.4892735616341074,0.521374211452612,0.681977425633379
4154,0.46847477392593007,0.06508561858584352,1.1952052836879563,-0.8310638202256104,-0.03448598149801883,0.2429283581329067,0.1608138978908782,0.6497370731792083,0.5914191399426809,0.6111250164215991
4155,0.21531387578511957,0.8817216424333439,1.1952052836879563,-0.8310638202256104,0.38433059893725724,-0.6521385410756733,0.19752430537108856,0.3644686082101393,0.4163068187175084,0.44107923431332485
4156,0.8904096041606141,-1.5681864291091574,0.14431693449478036,-1.2448467036897353,0.9427527061843003,0.2429283581329067,0.34691600701269726,0.9528348172088437,0.8803544699642155,1.0362394716922834
4157,1.481118366489172,0.06508561858584352,-1.4320155892949833,-0.8310638202256104,-1.5701467764273809,-1.0996719906799632,0.5355150613611008,1.585774223858965,1.5195144424360942,1.3054786266970513
4158,0.4473780324141958,-0.751550405261657,0.6697611090913683,0.410284830166764,0.7333444159666572,0.6904618077371967,0.21893428252669606,0.5427613988158074,0.5826635238814225,0.6536364619486673
4159,2.746922857193225,-1.5681864291091574,1.1952052836879563,-0.8310638202256104,1.1521609964019384,0.2429283581329067,0.6910163098337141,2.1919697119182358,2.0886294864179042,2.3115828375043397
4160,-0.8817166828250593,0.8817216424333439,-1.4320155892949833,0.8240677136308887,-0.24389427171566183,-0.6521385410756733,0.04887637464803698,-0.9548980422718031,-0.9145468225938014,-0.9476279862375803
4161,-0.8817166828250593,-1.5681864291091574,0.14431693449478036,1.6516334805591384,0.1051195453137382,1.003735222460201,0.05631408383360782,-0.9727273213323704,-0.9495692868388359,-0.9476279862375803
4162,-0.1855242129378305,0.06508561858584352,-0.9065714146983955,0.410284830166764,-0.38349979852741883,0.6904618077371967,0.1526855442809329,-0.03669017065261294,0.0047928638383535295,-0.054887630169141416
4163,0.08873342671471421,0.8817216424333439,1.1952052836879563,0.410284830166764,0.1749223087196192,-1.0996719906799632,0.209105881102906,0.3020661314981561,0.3112394259824049,0.32771537957447533
4164,0.6583454475315381,0.06508561858584352,0.14431693449478036,-0.8310638202256104,-1.988963356862662,1.1379952573414867,0.24501939117037666,0.9528348172088437,0.8803544699642155,0.6394659801063115
4165,1.6920857816065142,0.06508561858584352,0.6697611090913683,-0.8310638202256104,-0.6627108521509428,0.2429283581329067,0.4584816447962599,1.6570913401012322,1.5545369066811288,1.4896948906476815
4166,-1.0715873564306673,-1.5681864291091574,-0.9065714146983955,1.6516334805591384,-1.8493578300509,1.5855287069457766,0.03187589650958933,-1.2490811467711553,-1.1947265365540773,-1.3727424415082659
4167,-0.5652655601490462,0.8817216424333439,1.1952052836879563,-0.4172809367614856,-0.24389427171566183,-0.6521385410756733,0.11937523242841205,-0.4735075076364996,-0.43298793922457746,-0.46583160359747056
4168,-1.0082971318954645,-1.5681864291091574,-1.4320155892949833,-1.2448467036897353,1.1521609964019384,-0.6521385410756733,0.03570100409074005,-1.240166507240872,-1.2472602329216296,-1.1318442501882104
4169,-0.8395231998015908,0.8817216424333439,-1.4320155892949833,0.410284830166764,0.4541333623431382,-1.0996719906799632,0.048451362694575784,-0.9103248446203863,-0.8707687422875084,-0.8342641314987308
4170,0.700538930555006,0.8817216424333439,-0.9065714146983955,1.6516334805591384,-1.1513301959920998,-0.2046050914713833,0.651383945173458,0.9795787357996941,0.9153769342092499,0.7811707985298727
4171,-1.0082971318954645,-1.5681864291091574,1.1952052836879563,-0.4172809367614856,0.8031471793725382,-1.0996719906799632,0.04632630292726983,-1.2134225886500216,-1.1684596883703013,-1.1176737683458546
4172,-0.6074590431725145,0.8817216424333439,-1.4320155892949833,-1.2448467036897353,-0.03448598149801883,-1.0996719906799632,0.07634277214046645,-0.4913367866970668,-0.4680104034696119,-0.4800020854398264
4173,-0.755136233754654,-0.751550405261657,1.7206494582845442,0.8240677136308887,1.0125554695901813,-0.2046050914713833,0.036869786962758326,-0.8122638097872686,-0.7657013495524049,-0.678388831232813
4174,-1.0293938734071988,0.06508561858584352,0.14431693449478036,0.410284830166764,0.1749223087196192,0.2429283581329067,0.033204058864155554,-1.2669104258317225,-1.1947265365540773,-1.2026966593999917
4175,-1.0082971318954645,0.8817216424333439,1.1952052836879563,1.2378505970950135,-0.4533025619332999,-0.2046050914713833,0.044732508101790365,-1.1777640305288881,-1.142192840186526,-1.1885261775576352
4176,1.0380867947427537,0.8817216424333439,1.7206494582845442,0.410284830166764,0.24472507212550018,0.6904618077371967,0.3065929979280667,1.0598104915722446,1.0729780233119048,1.0929213990617082
4177,-0.1855242129378305,0.06508561858584352,-1.4320155892949833,0.410284830166764,0.3145278355313812,0.6904618077371967,0.1626733251872709,-0.018860891592046524,-0.10903014495800843,-0.026546666484429042
4178,-0.1855242129378305,0.8817216424333439,-1.4320155892949833,0.410284830166764,0.035316781907857205,-0.2046050914713833,0.17537055729692397,-0.03669017065261294,0.0047928638383535295,-0.012376184642073167
4179,-1.050490614918933,-0.751550405261657,1.7206494582845442,0.8240677136308887,1.1521609964019384,-0.2046050914713833,0.02093183870796366,-1.338227542073989,-1.2910383132279224,-1.2026966593999917
4180,-1.1981678055010725,-1.5681864291091574,-0.9065714146983955,1.6516334805591384,-1.5003440130215,1.5855287069457766,0.026510120597141796,-1.5521788908007907,-1.4924174826368704,-1.6278111146706766
4181,0.9747965702075511,0.8817216424333439,0.6697611090913683,-0.8310638202256104,-1.5003440130215,-0.2046050914713833,0.24990702863518036,1.1667861659356455,1.1167561036181979,0.9228756169534352
4182,2.5359554420758825,0.8817216424333439,1.1952052836879563,-0.8310638202256104,0.3145278355313812,-0.2046050914713833,0.6368804122615949,2.1384818747365366,1.9835620936828013,2.0990256098689968
4183,-0.9872003903837303,0.8817216424333439,0.14431693449478036,1.2378505970950135,0.5239361257490193,-0.6521385410756733,0.0498857780375073,-1.1599347514683216,-1.1334372241252668,-1.0893328046611421
4184,-0.8606199413133251,-1.5681864291091574,-1.4320155892949833,1.6516334805591384,0.3145278355313812,-1.0996719906799632,0.05110768740370823,-0.9548980422718031,-0.9057912065325429,-0.8909460588681556
4185,-0.8395231998015908,0.06508561858584352,-1.4320155892949833,-0.8310638202256104,0.8031471793725382,0.6904618077371967,0.0454231525261648,-0.9281541236809527,-0.9408136707775774,-0.8484346133410873
4186,0.4262812909024616,1.6983576662808442,1.1952052836879563,0.410284830166764,1.3615692866195812,-1.0996719906799632,0.2913456940976465,0.4892735616341074,0.4163068187175084,0.6252954982639549
4187,-0.4808785941021094,-1.5681864291091574,-0.38112724010180754,1.6516334805591384,-1.081527432586219,-0.6521385410756733,0.09169632895925198,-0.2863000775005483,-0.2578756179994049,-0.3808087125433334
4188,-0.7973297167781225,0.8817216424333439,1.1952052836879563,1.2378505970950135,-0.10428874490389983,-1.0996719906799632,0.06263613664134304,-0.8122638097872686,-0.7744569656136641,-0.7917526859716626
4189,-0.6285557846842488,-0.751550405261657,-1.4320155892949833,1.2378505970950135,-2.407779937297943,2.033062156550067,0.10667800031875896,-0.5091660657576332,-0.44174355528583586,-0.7209002767598819
4190,-0.45978185259037524,0.06508561858584352,0.14431693449478036,-0.8310638202256104,0.8729499427784192,-0.6521385410756733,0.06513308186792753,-0.3487025542125323,-0.4154767071020606,-0.28161533964684043
4191,0.4262812909024616,0.8817216424333439,0.14431693449478036,-1.2448467036897353,-1.221132959397981,-0.2046050914713833,0.26239175476810284,0.6408224336489251,0.5914191399426809,0.4552497161556807
4192,-0.5441688186373119,-0.751550405261657,-1.4320155892949833,0.410284830166764,0.9427527061843003,0.2429283581329067,0.08696807097699623,-0.5359099843484837,-0.4592547874083535,-0.3949791943856899
4193,-0.20662095444956474,-1.5681864291091574,1.1952052836879563,-1.2448467036897353,1.0125554695901813,0.2429283581329067,0.1124687881846677,-0.08126336830403057,-0.11778576101926763,0.015964779042639207
4194,-0.9450069073602619,0.06508561858584352,1.1952052836879563,1.6516334805591384,0.7333444159666572,0.2429283581329067,0.05440153004303246,-1.115361553816904,-1.1334372241252668,-1.0468213591340738
4195,-0.20662095444956474,-1.5681864291091574,0.6697611090913683,-0.8310638202256104,1.0125554695901813,1.1379952573414867,0.08882749827338894,-0.09909264736459697,-0.1615638413255606,-0.012376184642073167
4196,-0.9872003903837303,0.8817216424333439,-0.9065714146983955,0.410284830166764,0.035316781907857205,-0.6521385410756733,0.04149179195664878,-1.1421054724077544,-1.0984147598802323,-1.1035032865034986
4197,1.481118366489172,0.8817216424333439,1.7206494582845442,1.2378505970950135,0.3145278355313812,0.6904618077371967,0.5213834139085162,1.3985667937230135,1.3881802015172156,1.4330129632782567
4198,-0.14333072991436205,0.8817216424333439,0.6697611090913683,-1.2448467036897353,0.1749223087196192,-0.6521385410756733,0.11273442065558094,0.0167976665290871,0.0573265602059049,0.058476224569708087
4199,-1.050490614918933,0.8817216424333439,-1.4320155892949833,0.410284830166764,0.38433059893725724,-0.2046050914713833,0.04483876109015566,-1.2758250653620058,-1.282282697166664,-1.231037623084704
4200,-0.6074590431725145,0.8817216424333439,0.14431693449478036,1.6516334805591384,-0.9419219057744619,-0.6521385410756733,0.10912181905116082,-0.4913367866970668,-0.45049917134709505,-0.5650249764939635
4201,-0.5230720771255777,0.8817216424333439,-1.4320155892949833,-1.2448467036897353,0.5239361257490193,-0.6521385410756733,0.08548052913988206,-0.4645928681062164,-0.424232323163319,-0.3808087125433334
4202,-0.6285557846842488,-1.5681864291091574,1.1952052836879563,-1.2448467036897353,-1.221132959397981,2.4805956061543566,0.06832067151888647,-0.562653902939334,-0.5905890283272331,-0.6925593130751695
4203,-1.0082971318954645,0.06508561858584352,0.14431693449478036,0.410284830166764,-1.5701467764273809,1.5855287069457766,0.043988737183233276,-1.1331908328774714,-1.1509484562477845,-1.2735490686117723
4204,-1.050490614918933,0.8817216424333439,0.14431693449478036,-1.2448467036897353,-0.24389427171566183,-1.0996719906799632,0.025235084736758222,-1.240166507240872,-1.2034821526153359,-1.231037623084704
4205,-0.4808785941021094,0.8817216424333439,0.14431693449478036,1.6516334805591384,0.1051195453137382,-1.0996719906799632,0.14859480422886895,-0.3487025542125323,-0.3366761625507331,-0.3241267851739087
4206,-1.0082971318954645,0.8817216424333439,-0.38112724010180754,1.2378505970950135,-0.10428874490389983,-0.6521385410756733,0.04972639855495936,-1.1777640305288881,-1.1772153044315605,-1.1743556957152792
4207,2.915696789287099,-1.5681864291091574,0.14431693449478036,-0.8310638202256104,1.1521609964019384,1.1379952573414867,0.6427774531158689,2.200884351448519,2.132407566724198,2.3399238011890526
4208,-0.20662095444956474,-1.5681864291091574,-1.4320155892949833,0.410284830166764,-0.24389427171566183,-0.2046050914713833,0.1356319396483026,-0.02777553112232973,-0.003962752222904903,-0.040717148326785545
4209,0.08873342671471421,0.06508561858584352,0.14431693449478036,1.6516334805591384,-0.9419219057744619,2.033062156550067,0.22541571481697922,0.3733832477404233,0.3199950420436633,0.22852200667798234
4210,-0.9872003903837303,0.8817216424333439,-0.9065714146983955,0.410284830166764,0.1051195453137382,-0.2046050914713833,0.053232747171014186,-1.124276193347188,-1.1509484562477845,-1.1176737683458546
4211,0.8271193796254115,0.06508561858584352,0.6697611090913683,-1.2448467036897353,0.24472507212550018,0.6904618077371967,0.3009084630505233,0.9884933753299773,0.9153769342092499,0.97955754432286
4212,-0.20662095444956474,-0.751550405261657,0.14431693449478036,0.410284830166764,-1.1513301959920998,-0.6521385410756733,0.13765074642724326,-0.0010316125314793153,0.03981532808338804,-0.11156955753856616
4213,-0.14333072991436205,0.8817216424333439,-0.9065714146983955,0.410284830166764,-0.10428874490389983,-0.6521385410756733,0.18403017584869574,0.04354158511993751,0.07483779232842254,0.044305742727351584
4214,0.6372487060198039,0.06508561858584352,0.14431693449478036,-0.8310638202256104,0.24472507212550018,-0.6521385410756733,0.20814960420761833,0.8458591428454428,0.7227533808615598,0.8236822440569416
4215,0.5528617399728669,0.8817216424333439,1.1952052836879563,-0.8310638202256104,0.38433059893725724,-1.0996719906799632,0.209105881102906,0.7210541894214756,0.66146406843275,0.7386593530028038
4216,0.21531387578511957,0.8817216424333439,1.1952052836879563,-1.2448467036897353,0.4541333623431382,-0.2046050914713833,0.21564043988737183,0.3733832477404233,0.39879558659499154,0.44107923431332485
4217,-0.12223398840262782,-1.5681864291091574,0.14431693449478036,-1.2448467036897353,-0.03448598149801883,-1.0996719906799632,0.1433352813047867,0.08811478277135434,0.11861587263471549,0.10098767009677634
4218,-0.8606199413133251,0.8817216424333439,-0.38112724010180754,1.6516334805591384,0.24472507212550018,-1.4129454054029675,0.0453168995377995,-0.9816419608626535,-0.9145468225938014,-0.9051165407105121
4219,0.4473780324141958,0.06508561858584352,0.14431693449478036,-0.8310638202256104,0.3145278355313812,0.2429283581329067,0.19109599957498805,0.5962492359975082,0.5563966756976465,0.6111250164215991
4220,0.9536998286958168,0.06508561858584352,1.7206494582845442,-1.2448467036897353,0.035316781907857205,-1.0996719906799632,0.2978802528821123,1.0508958520419613,0.9503993984542844,0.9937280261652158
4221,-1.050490614918933,0.8817216424333439,0.14431693449478036,0.410284830166764,0.1749223087196192,-1.5472054402842532,0.04122615948573553,-1.240166507240872,-1.2472602329216296,-1.2168671412423475
4222,0.21531387578511957,-1.5681864291091574,-0.9065714146983955,-0.8310638202256104,-1.5701467764273809,0.2429283581329067,0.2119215852945864,0.4892735616341074,0.521374211452612,0.29937441588976293
4223,1.481118366489172,0.06508561858584352,-0.38112724010180754,-0.8310638202256104,0.3145278355313812,1.1379952573414867,0.41502417255485313,1.3896521541927305,1.3181352730271465,1.390501517751188
4224,-1.0293938734071988,0.8817216424333439,-1.4320155892949833,0.410284830166764,0.1749223087196192,-1.0996719906799632,0.04632630292726983,-1.2312518677105888,-1.2297490007991119,-1.2026966593999917
4225,-0.5863623016607803,0.8817216424333439,-0.38112724010180754,0.410284830166764,-0.03448598149801883,-1.0996719906799632,0.08973064867449397,-0.4735075076364996,-0.44174355528583586,-0.451661121755114
4226,1.1224737607896906,0.06508561858584352,0.14431693449478036,-0.8310638202256104,-0.7325136155568189,2.033062156550067,0.2809329012378473,1.2381032821779128,1.16928979998575,1.0929213990617082
4227,-1.0293938734071988,0.8817216424333439,1.1952052836879563,1.6516334805591384,0.24472507212550018,-0.6521385410756733,0.04818573022366254,-1.2490811467711553,-1.282282697166664,-1.231037623084704
4228,-0.8184264582898567,0.06508561858584352,-1.4320155892949833,-1.2448467036897353,-0.17409150830978082,1.5855287069457766,0.048026350741114596,-0.8479223679084023,-0.8620131262262499,-0.8626050951834432
4229,-0.20662095444956474,0.8817216424333439,-0.9065714146983955,-1.2448467036897353,-1.430541249615619,0.2429283581329067,0.14992296658343515,0.07920014324107114,0.031059712022128826,-0.11156955753856616
4230,0.8060226381136772,-1.5681864291091574,-1.4320155892949833,1.6516334805591384,-0.17409150830978082,0.2429283581329067,0.6428305796100515,0.9350055381482772,0.9941774787605774,0.937046098795791
4231,-1.050490614918933,-1.5681864291091574,1.1952052836879563,1.6516334805591384,0.24472507212550018,0.6904618077371967,0.03633852202093184,-1.338227542073989,-1.282282697166664,-1.2735490686117723
4232,2.5359554420758825,1.6983576662808442,1.1952052836879563,-0.8310638202256104,2.3388079743018952,-1.5472054402842532,0.592679169101631,1.9156158864794508,1.8259610045801464,2.226559946450203
4233,-1.0926840979424013,0.8817216424333439,-1.4320155892949833,0.8240677136308887,-0.24389427171566183,-0.6521385410756733,0.025872602666950007,-1.3649714606648393,-1.3085495453504394,-1.3444014778235536
4234,-0.5019753356138434,0.8817216424333439,-0.38112724010180754,1.2378505970950135,0.38433059893725724,-1.0996719906799632,0.09493704510439356,-0.4200196704547996,-0.38045424285702606,-0.35246774885862103
4235,-0.12223398840262782,-1.5681864291091574,1.1952052836879563,-1.2448467036897353,1.2219637598078192,1.1379952573414867,0.13111618764277747,-0.0010316125314793153,-0.04774083252919862,0.11515815193913284
4236,-0.7973297167781225,0.8817216424333439,1.1952052836879563,0.8240677136308887,0.6635416525607812,-1.5472054402842532,0.0522764702757265,-0.8033491702569854,-0.818235045919957,-0.7350707586022378
4237,-1.050490614918933,0.8817216424333439,1.1952052836879563,-0.4172809367614856,0.035316781907857205,-0.2046050914713833,0.04483876109015566,-1.293654344422572,-1.2472602329216296,-1.2593785867694165
4238,-0.1644274714260963,-1.5681864291091574,0.6697611090913683,1.6516334805591384,0.6635416525607812,-1.5472054402842532,0.12675981511980025,0.007883026998803893,0.0573265602059049,0.11515815193913284
4239,1.9663434212590587,0.06508561858584352,0.6697611090913683,0.410284830166764,-1.360738486209743,0.2429283581329067,0.4611379695053923,1.8442987702371836,1.7996941563963704,1.588888263544175
4240,1.6498922985830458,0.8817216424333439,-0.38112724010180754,0.410284830166764,0.6635416525607812,-0.6521385410756733,0.5983105774849917,1.478798549495564,1.493247594252319,1.5747177817018192
4241,0.5317649984611327,-1.5681864291091574,-1.4320155892949833,-0.8310638202256104,0.3145278355313812,0.6904618077371967,0.20273070180098815,0.6319077941186418,0.6789753005552669,0.6961479074757362
4242,-0.9872003903837303,0.06508561858584352,1.1952052836879563,0.8240677136308887,-0.31369703512154284,0.2429283581329067,0.04537002603198215,-1.1331908328774714,-1.1509484562477845,-1.1601852138729227
4243,3.379825102545251,0.06508561858584352,1.7206494582845442,-1.2448467036897353,-1.430541249615619,0.2429283581329067,0.8457737873877703,2.6911895256141065,2.605210834032164,2.3682647648737642
4244,0.8482161211371456,-0.751550405261657,0.14431693449478036,0.410284830166764,0.38433059893725724,-0.2046050914713833,0.4776071827020135,0.8993469800271436,0.9153769342092499,0.951216580638147
4245,2.2406010609116036,0.8817216424333439,1.7206494582845442,0.410284830166764,0.5937388891549003,-0.6521385410756733,0.5478404080114754,1.9780183631914348,1.8697390848864393,1.9998322369725041
4246,0.4473780324141958,0.06508561858584352,-0.38112724010180754,-0.8310638202256104,0.1051195453137382,1.5855287069457766,0.18031132125591032,0.5427613988158074,0.48635174720757746,0.5261021253674619
4247,1.903053196723856,0.06508561858584352,-0.38112724010180754,-0.8310638202256104,-1.360738486209743,1.5855287069457766,0.43898422143122773,1.7284084563434994,1.6508486833549738,1.4613539269629696
4248,-0.20662095444956474,0.8817216424333439,-0.38112724010180754,-1.2448467036897353,0.5239361257490193,-1.0996719906799632,0.12187217765499654,-0.03669017065261294,-0.021473984345422546,0.03013526088499571
4249,-0.7129427507311856,0.8817216424333439,1.1952052836879563,-0.4172809367614856,-0.03448598149801883,-0.6521385410756733,0.10556234394092334,-0.6785442168330181,-0.6343671086335261,-0.6500478675481006
4250,0.4473780324141958,-0.751550405261657,-0.9065714146983955,0.8240677136308887,-3.454821388386143,1.5855287069457766,0.2682887956223769,0.685395631300342,0.6264416041877154,0.20018104299326997
4251,-0.41758836956690676,-1.5681864291091574,1.1952052836879563,1.2378505970950135,-0.38349979852741883,-0.6521385410756733,0.13430377729373638,-0.2863000775005483,-0.24036438587688802,-0.3099563033315528
4252,-0.8184264582898567,0.8817216424333439,1.1952052836879563,0.8240677136308887,-0.6627108521509428,-0.6521385410756733,0.05105456090952558,-0.8122638097872686,-0.8269906619812155,-0.8767755770257997
4253,-1.0082971318954645,0.8817216424333439,0.14431693449478036,0.410284830166764,0.1051195453137382,-0.6521385410756733,0.03426658874780853,-1.2134225886500216,-1.1772153044315605,-1.1743556957152792
4254,-0.5441688186373119,0.06508561858584352,1.1952052836879563,0.410284830166764,0.6635416525607812,0.2429283581329067,0.08696807097699623,-0.48242214716678283,-0.5117884837759049,-0.4233201580704017
4255,2.5570521835876163,0.8817216424333439,0.6697611090913683,-0.8310638202256104,0.24472507212550018,-0.2046050914713833,0.655474685225522,2.0849940375548357,2.0098289418665765,2.0706846461842847
4256,-0.9872003903837303,0.06508561858584352,1.1952052836879563,0.410284830166764,-0.6627108521509428,0.2429283581329067,0.030760240131753706,-1.1421054724077544,-1.1071703759414915,-1.1743556957152792
4257,-0.9872003903837303,0.06508561858584352,1.1952052836879563,0.410284830166764,-1.639949539833262,1.5855287069457766,0.03947298517770812,-1.0707883561654872,-1.0896591438189738,-1.2168671412423475
4258,-0.8184264582898567,0.8817216424333439,-0.9065714146983955,0.8240677136308887,0.035316781907857205,-0.2046050914713833,0.06534558784465813,-0.8300930888478358,-0.8620131262262499,-0.8342641314987308
4259,-0.20662095444956474,0.8817216424333439,-1.4320155892949833,-1.2448467036897353,0.6635416525607812,-1.0996719906799632,0.14737289486266802,-0.045604810182896936,0.0047928638383535295,0.058476224569708087
4260,-1.050490614918933,0.8817216424333439,1.7206494582845442,1.6516334805591384,0.24472507212550018,-0.6521385410756733,0.023322530946182862,-1.2669104258317225,-1.2385046168603704,-1.2168671412423475
4261,-1.050490614918933,0.8817216424333439,-0.9065714146983955,0.410284830166764,-0.24389427171566183,-1.5472054402842532,0.03771981086968071,-1.2490811467711553,-1.2209933847378536,-1.24520810492706
4262,0.4473780324141958,0.8817216424333439,1.1952052836879563,0.410284830166764,0.4541333623431382,-0.2046050914713833,0.33682197311799394,0.5873345964672243,0.547641059636388,0.6252954982639549
4263,-0.05894376386742515,0.06508561858584352,-0.38112724010180754,0.410284830166764,-1.639949539833262,1.1379952573414867,0.13526005418902406,0.23966365478617205,0.19741641718604294,0.015964779042639207
4264,3.189954428939643,-1.5681864291091574,0.6697611090913683,-1.2448467036897353,0.5239361257490193,-1.0996719906799632,0.941135844445625,2.3702625025239046,2.36880920037818,2.439117174085545
4265,0.4473780324141958,-1.5681864291091574,1.1952052836879563,-1.2448467036897353,-0.8023163789626999,-0.2046050914713833,0.2611698454019019,0.6764809917700587,0.6877309166165253,0.5686135708945302
4266,-0.4808785941021094,-1.5681864291091574,-0.9065714146983955,0.410284830166764,-0.24389427171566183,-0.6521385410756733,0.10614673537693248,-0.3487025542125323,-0.3191649304282155,-0.35246774885862103
4267,1.7342792646299827,0.8817216424333439,0.6697611090913683,1.6516334805591384,0.6635416525607812,-1.5472054402842532,0.6155766880943526,1.5501156657378312,1.5632925227423873,1.6455701909135998
4268,-0.12223398840262782,0.8817216424333439,0.14431693449478036,-0.8310638202256104,0.1051195453137382,-0.6521385410756733,0.13935079424108804,0.07028550371078714,0.10110464051219785,0.10098767009677634
4269,-1.0082971318954645,0.8817216424333439,-1.4320155892949833,0.410284830166764,-0.10428874490389983,-0.6521385410756733,0.03384157679434734,-1.1866786700591714,-1.142192840186526,-1.1601852138729227
4270,0.02544320217951176,0.06508561858584352,-1.4320155892949833,-0.8310638202256104,-1.1513301959920998,0.6904618077371967,0.12580353822451257,0.3198954105587225,0.2587057296148535,0.15766959746620107
4271,-1.050490614918933,0.8817216424333439,0.14431693449478036,-0.4172809367614856,0.24472507212550018,-1.0996719906799632,0.04707007384582691,-1.2669104258317225,-1.212237768676595,-1.2026966593999917
4272,0.8904096041606141,0.06508561858584352,-0.38112724010180754,-1.2448467036897353,0.035316781907857205,-0.2046050914713833,0.35998512458162885,1.0063226543905446,0.9503993984542844,0.97955754432286
4273,1.481118366489172,-0.751550405261657,-0.38112724010180754,-0.8310638202256104,1.7105831036489814,-0.6521385410756733,0.38734526908569306,1.36290823560188,1.283112808782112,1.560547299859462
4274,-0.7129427507311856,0.06508561858584352,0.14431693449478036,1.2378505970950135,-0.24389427171566183,-0.2046050914713833,0.09222759390107847,-0.6607149377724509,-0.6869008050010774,-0.6925593130751695
4275,-0.6285557846842488,0.8817216424333439,0.14431693449478036,-1.2448467036897353,-1.2909357228038618,-0.2046050914713833,0.06832067151888647,-0.48242214716678283,-0.5030328677146465,-0.6217069038633883
4276,-0.8817166828250593,0.06508561858584352,-0.9065714146983955,-1.2448467036897353,0.3145278355313812,0.2429283581329067,0.0499920310258726,-0.9816419608626535,-1.019614215328905,-0.9617984680799367
4277,-0.8395231998015908,0.8817216424333439,1.1952052836879563,-1.2448467036897353,0.6635416525607812,-0.2046050914713833,0.03910109971842958,-0.9638126818020863,-0.9145468225938014,-0.8626050951834432
4278,2.578148925099351,0.8817216424333439,-0.38112724010180754,-1.2448467036897353,-0.03448598149801883,-0.2046050914713833,0.9500079689741274,2.14739651426682,2.05360702217287,2.0706846461842847
4279,-0.8395231998015908,-0.751550405261657,1.1952052836879563,0.410284830166764,1.2219637598078192,-0.6521385410756733,0.04287308080539765,-0.9370687632112367,-0.9057912065325429,-0.7917526859716626
4280,0.4262812909024616,-0.751550405261657,-1.4320155892949833,0.410284830166764,-3.036004807950862,2.033062156550067,0.3332093715135738,0.738883468482042,0.6964865326777845,0.31354489773211885
4281,-0.1855242129378305,0.8817216424333439,0.6697611090913683,-1.2448467036897353,0.5937388891549003,-1.5472054402842532,0.1121500292195718,-0.045604810182896936,-0.003962752222904903,0.044305742727351584
4282,-0.8817166828250593,0.8817216424333439,-1.4320155892949833,-0.8310638202256104,-0.17409150830978082,-1.0996719906799632,0.03203527599213728,-0.9281541236809527,-0.888279974410026,-0.9192870225528679
4283,-1.050490614918933,0.8817216424333439,0.14431693449478036,-1.2448467036897353,0.1051195453137382,-1.5472054402842532,0.025235084736758222,-1.2490811467711553,-1.2034821526153359,-1.2026966593999917
4284,-1.0293938734071988,0.8817216424333439,1.1952052836879563,-1.2448467036897353,0.3145278355313812,-1.0996719906799632,0.03150401105031079,-1.2045079491197386,-1.2034821526153359,-1.1601852138729227
4285,-0.6074590431725145,0.8817216424333439,-1.4320155892949833,0.410284830166764,0.5937388891549003,-1.0996719906799632,0.08797747436646655,-0.5804831819999005,-0.5468109480209394,-0.4941725672821829
4286,-0.08004050537915937,0.8817216424333439,-0.38112724010180754,0.410284830166764,0.1051195453137382,-1.0996719906799632,0.16022950645486905,0.10594406183192076,0.12737148869597392,0.1434991156238452
4287,-1.0293938734071988,0.8817216424333439,1.1952052836879563,1.2378505970950135,0.035316781907857205,-1.5472054402842532,0.04191680391010997,-1.2045079491197386,-1.1509484562477845,-1.1601852138729227
4288,-0.05894376386742515,0.8817216424333439,-1.4320155892949833,-0.8310638202256104,-0.7325136155568189,-1.0996719906799632,0.15056048451362694,0.24857829431645526,0.1886608011247845,0.1293286337814887
4289,-0.8395231998015908,-1.5681864291091574,-1.4320155892949833,0.410284830166764,0.1749223087196192,-0.2046050914713833,0.048451362694575784,-0.9548980422718031,-0.9057912065325429,-0.9051165407105121
4290,-1.0293938734071988,-1.5681864291091574,1.1952052836879563,-1.2448467036897353,1.0125554695901813,-1.5472054402842532,0.03150401105031079,-1.2490811467711553,-1.2472602329216296,-1.146014732030567
4291,-0.7762329752663882,0.8817216424333439,0.14431693449478036,1.6516334805591384,-0.24389427171566183,-0.6521385410756733,0.058067258141635235,-0.7676906121358518,-0.7306788853073704,-0.7634117222869502
4292,1.481118366489172,0.06508561858584352,0.14431693449478036,-1.2448467036897353,-0.24389427171566183,0.6904618077371967,0.6101046591935398,1.4074814332532968,1.4056914336397324,1.362160554066476
4293,-0.45978185259037524,0.8817216424333439,-1.4320155892949833,0.410284830166764,-0.10428874490389983,-1.0996719906799632,0.1000903150401105,-0.35761719374281553,-0.31040931436695707,-0.33829726701626517
4294,1.481118366489172,1.6983576662808442,-0.38112724010180754,0.410284830166764,2.4086107377077814,0.2429283581329067,0.5422089996281145,1.2381032821779128,1.1605341839244907,1.5322063361747504
4295,0.21531387578511957,-0.751550405261657,-0.38112724010180754,0.410284830166764,1.2917665232137003,-1.0996719906799632,0.20055251553949954,0.3644686082101393,0.3112394259824049,0.4977611616827496
4296,-0.5441688186373119,0.8817216424333439,1.1952052836879563,-1.2448467036897353,0.5239361257490193,-0.6521385410756733,0.06980821335600064,-0.4735075076364996,-0.43298793922457746,-0.3949791943856899
4297,-1.050490614918933,0.8817216424333439,-0.9065714146983955,0.410284830166764,0.38433059893725724,-0.6521385410756733,0.04196993040429262,-1.2669104258317225,-1.2647714650441464,-1.2168671412423475
4298,2.5570521835876163,-0.751550405261657,-0.38112724010180754,-1.2448467036897353,-3.524624151792019,0.2429283581329067,0.7399989374701164,2.2989453862816376,2.298764271888111,1.6880816364406688
4299,-0.9661036488719961,-1.5681864291091574,0.14431693449478036,-0.8310638202256104,1.2219637598078192,-0.6521385410756733,0.030494607660840462,-1.115361553816904,-1.1334372241252668,-1.004309913607005
4300,0.48957151543766425,0.06508561858584352,1.1952052836879563,-0.8310638202256104,-1.7097523032391428,0.2429283581329067,0.22100621579981938,0.7567127475426092,0.7840426932903704,0.5402726072098178
4301,-1.0082971318954645,-1.5681864291091574,1.7206494582845442,-1.2448467036897353,0.38433059893725724,-0.2046050914713833,0.020666206237050417,-1.2490811467711553,-1.1334372241252668,-1.146014732030567
4302,0.5528617399728669,0.8817216424333439,0.14431693449478036,-0.0034980532973608127,0.24472507212550018,-1.0996719906799632,0.19173351750517983,0.7477981080123259,0.7052421487390429,0.752829834845161
4303,1.291247692883564,0.8817216424333439,1.1952052836879563,0.8240677136308887,-0.9419219057744619,-0.2046050914713833,0.5848695744567816,1.3272496774807463,1.3794245854559561,1.2062852538005577
4304,-0.755136233754654,0.06508561858584352,0.6697611090913683,0.8240677136308887,0.7333444159666572,-0.6521385410756733,0.055251553949954846,-0.7587759726055686,-0.791968197736181,-0.6925593130751695
4305,0.4473780324141958,-0.751550405261657,1.1952052836879563,0.8240677136308887,1.3615692866195812,-0.2046050914713833,0.3452690856930351,0.524932119755241,0.5563966756976465,0.7103183893180921
4306,-0.20662095444956474,-1.5681864291091574,1.7206494582845442,0.410284830166764,-0.4533025619332999,1.5855287069457766,0.10370291664453063,-0.08126336830403057,-0.03898521646793941,-0.11156955753856616
4307,2.5570521835876163,0.06508561858584352,-0.38112724010180754,-0.8310638202256104,0.1749223087196192,1.1379952573414867,0.7631089624395686,2.1206525956759683,2.018584557927835,2.0990256098689968
4308,0.4473780324141958,0.06508561858584352,1.1952052836879563,-1.2448467036897353,-1.779555066645019,0.6904618077371967,0.23046273176433088,0.7567127475426092,0.6877309166165253,0.4835906798403931
4309,-1.050490614918933,0.06508561858584352,-1.4320155892949833,-0.4172809367614856,-1.1513301959920998,1.1379952573414867,0.05827976411836583,-1.2579957863014386,-1.256015848982888,-1.3444014778235536
4310,0.4473780324141958,0.06508561858584352,-1.4320155892949833,0.410284830166764,-1.7097523032391428,0.6904618077371967,0.3124900387823408,0.7656273870728924,0.7052421487390429,0.4977611616827496
4311,0.38408780787899316,1.6983576662808442,1.1952052836879563,-1.2448467036897353,1.8501886304607433,-0.6521385410756733,0.2274345215959199,0.5338467592855243,0.44257366690128447,0.6961479074757362
4312,-0.5441688186373119,-1.5681864291091574,0.14431693449478036,0.8240677136308887,-1.2909357228038618,-0.2046050914713833,0.09445890665674972,-0.3397879146822491,-0.38045424285702606,-0.4941725672821829
4313,0.7216356720667403,-0.751550405261657,1.1952052836879563,-0.8310638202256104,1.3615692866195812,1.1379952573414867,0.22488444987515274,0.8547737823757269,0.7577758451065942,0.9937280261652158
4314,0.23641061729685378,-1.5681864291091574,0.14431693449478036,-0.8310638202256104,-0.24389427171566183,1.1379952573414867,0.19794931732454976,0.3555539686798561,0.3725287384112155,0.32771537957447533
4315,1.7131825231182485,-1.5681864291091574,-1.4320155892949833,-0.8310638202256104,-0.9419219057744619,0.2429283581329067,0.5620783084524252,1.6570913401012322,1.6683599154774906,1.5038653724900373
4316,3.211051170451377,0.06508561858584352,1.7206494582845442,0.410284830166764,0.4541333623431382,-0.2046050914713833,0.9059661052967115,2.4504942582964553,2.3337867361331464,2.453287655927901
4317,-1.0082971318954645,0.8817216424333439,-0.38112724010180754,1.2378505970950135,0.1051195453137382,-0.6521385410756733,0.038782340753333686,-1.2045079491197386,-1.1597040723090428,-1.1601852138729227
4318,0.21531387578511957,-1.5681864291091574,-0.38112724010180754,-1.2448467036897353,-0.5231053253391809,0.6904618077371967,0.1831270254475907,0.3377246896192897,0.3725287384112155,0.28520393404740707
4319,-0.5441688186373119,0.8817216424333439,1.1952052836879563,1.6516334805591384,-0.17409150830978082,-1.5472054402842532,0.10545609095255803,-0.437848949515366,-0.4154767071020606,-0.43749063991275816
4320,0.6794421890432724,0.8817216424333439,-0.9065714146983955,-0.0034980532973608127,-0.8023163789626999,-1.0996719906799632,0.22392817297986506,0.91717625908771,0.871598853902957,0.7811707985298727
4321,0.46847477392593007,0.8817216424333439,1.7206494582845442,-1.2448467036897353,0.7333444159666572,-1.5472054402842532,0.2048557615682941,0.6497370731792083,0.6089303720651978,0.7244888711604479
4322,-0.6285557846842488,-0.751550405261657,1.1952052836879563,-0.8310638202256104,0.38433059893725724,2.928129055758647,0.0595547999787494,-0.562653902939334,-0.6256114925722677,-0.5508544946516076
4323,-0.6285557846842488,0.06508561858584352,0.14431693449478036,0.410284830166764,-0.8023163789626999,1.5855287069457766,0.07613026616373586,-0.5359099843484837,-0.5555665640821986,-0.6217069038633883
4324,0.9326030871840826,0.06508561858584352,-0.9065714146983955,-1.2448467036897353,0.4541333623431382,0.6904618077371967,0.39053285873665194,0.970664096269411,0.985421862699319,1.0362394716922834
4325,-0.5863623016607803,-1.5681864291091574,1.1952052836879563,-1.2448467036897353,1.0823582329960573,-0.2046050914713833,0.07108324921638422,-0.5537392634090501,-0.5730777962047154,-0.451661121755114
4326,-0.5019753356138434,0.8817216424333439,-0.9065714146983955,0.410284830166764,-0.24389427171566183,-1.0996719906799632,0.1097593369813526,-0.3397879146822491,-0.35418739467325,-0.36663823070097756
4327,-0.5230720771255777,0.8817216424333439,0.14431693449478036,-1.2448467036897353,-0.03448598149801883,-0.4731251612339579,0.08489613770387291,-0.4200196704547996,-0.38045424285702606,-0.40914967622804577
4328,-0.7973297167781225,-0.751550405261657,0.14431693449478036,-0.8310638202256104,1.6407803402430954,-0.6521385410756733,0.03431971524199118,-0.8657516469689694,-0.888279974410026,-0.7067297949175254
4329,0.784925896601943,0.8817216424333439,0.14431693449478036,-1.2448467036897353,0.3145278355313812,-0.6521385410756733,0.3100993465441216,0.8726030614362933,0.871598853902957,0.9087051351110781
4330,-0.6285557846842488,-1.5681864291091574,-1.4320155892949833,0.8240677136308887,-0.03448598149801883,-0.2046050914713833,0.08898687775593689,-0.5448246238787668,-0.5030328677146465,-0.5225135309668953
4331,0.21531387578511957,-1.5681864291091574,0.14431693449478036,-1.2448467036897353,1.2917665232137003,0.2429283581329067,0.19545237209796526,0.3288100500890057,0.3462618902274394,0.4977611616827496
4332,0.4262812909024616,-1.5681864291091574,1.1952052836879563,1.2378505970950135,-2.756793754327343,0.6904618077371967,0.41040216756096265,0.7656273870728924,0.7840426932903704,0.398567788786256
4333,0.9115063456723483,0.8817216424333439,0.14431693449478036,1.6516334805591384,0.1051195453137382,-1.0996719906799632,0.6336396961164533,1.0598104915722446,1.0116887108830943,1.0362394716922834
4334,1.6076988155595773,0.8817216424333439,-1.4320155892949833,0.410284830166764,-0.8721191423685809,-0.2046050914713833,0.6756096265207459,1.6303474215103817,1.5457812906198702,1.4471834451206125
4335,-0.7762329752663882,-0.751550405261657,-1.4320155892949833,-1.2448467036897353,1.1521609964019384,-0.2046050914713833,0.03926047920097753,-0.8211784493175527,-0.7832125816749225,-0.678388831232813
4336,-0.5230720771255777,0.8817216424333439,0.14431693449478036,1.2378505970950135,-0.8023163789626999,-0.2046050914713833,0.1442915582000744,-0.35761719374281553,-0.3279205464894739,-0.4233201580704017
4337,0.5106682569493985,-1.5681864291091574,0.6697611090913683,-1.2448467036897353,0.5239361257490193,2.033062156550067,0.2218031132125591,0.5873345964672243,0.6264416041877154,0.6678069437910232
4338,1.2490542098600954,0.8817216424333439,0.6697611090913683,-0.8310638202256104,-0.10428874490389983,-1.0996719906799632,0.3476597779312543,1.255932561238479,1.2656015766595943,1.2346262174852707
4339,-0.4808785941021094,0.8817216424333439,1.1952052836879563,0.410284830166764,-0.10428874490389983,-0.2046050914713833,0.08542740264569941,-0.36653183327309874,-0.3279205464894739,-0.35246774885862103
4340,-1.0293938734071988,0.06508561858584352,1.1952052836879563,1.2378505970950135,-0.24389427171566183,0.2429283581329067,0.05557031291505073,-1.2312518677105888,-1.2385046168603704,-1.24520810492706
4341,-0.7762329752663882,0.8817216424333439,1.1952052836879563,1.2378505970950135,-0.24389427171566183,-1.0996719906799632,0.06715188864686819,-0.7320320540147182,-0.7657013495524049,-0.7634117222869502
4342,0.4473780324141958,-0.751550405261657,-0.9065714146983955,-1.2448467036897353,-2.337977173892062,2.033062156550067,0.30282101684109863,0.6675663522397756,0.6702196844940084,0.3560563432591877
4343,-1.0082971318954645,0.8817216424333439,1.1952052836879563,1.6516334805591384,0.035316781907857205,-1.0996719906799632,0.038782340753333686,-1.1777640305288881,-1.142192840186526,-1.146014732030567
4344,0.9115063456723483,0.8817216424333439,-0.38112724010180754,-0.8310638202256104,0.4541333623431382,-0.2046050914713833,0.32683419221165594,0.9439201776785605,0.9679106305768014,1.0078985080075717
4345,-0.5863623016607803,0.8817216424333439,0.14431693449478036,-0.4172809367614856,-0.03448598149801883,-0.6521385410756733,0.1271317005790788,-0.5091660657576332,-0.4855216355921296,-0.4941725672821829
4346,-0.6285557846842488,-0.751550405261657,0.14431693449478036,0.8240677136308887,-0.17409150830978082,1.5855287069457766,0.08569303511661265,-0.6428856587118845,-0.5818334122659738,-0.6217069038633883
4347,-1.050490614918933,0.8817216424333439,0.14431693449478036,0.410284830166764,0.8729499427784192,-1.0996719906799632,0.0357541305849227,-1.2847397048922888,-1.273527081105405,-1.1885261775576352
4348,0.21531387578511957,-1.5681864291091574,-0.38112724010180754,0.410284830166764,0.8729499427784192,-0.2046050914713833,0.23274717101418477,0.3198954105587225,0.3462618902274394,0.44107923431332485
4349,0.4262812909024616,0.8817216424333439,0.14431693449478036,-1.2448467036897353,0.1051195453137382,-0.6521385410756733,0.2811454072145779,0.6051638755277915,0.547641059636388,0.5827840527368867
4350,-1.0293938734071988,0.8817216424333439,-1.4320155892949833,0.8240677136308887,-0.10428874490389983,-0.6521385410756733,0.05004515752005525,-1.2045079491197386,-1.212237768676595,-1.2026966593999917
4351,-0.8184264582898567,-1.5681864291091574,1.1952052836879563,-0.4172809367614856,-0.5929080887450618,0.6904618077371967,0.06359241353663071,-0.8300930888478358,-0.7744569656136641,-0.8484346133410873
4352,-0.9028134243367935,0.8817216424333439,-0.9065714146983955,-1.2448467036897353,0.1051195453137382,-1.5472054402842532,0.03416033575944324,-0.9905566003929368,-0.9495692868388359,-0.9476279862375803
4353,1.0380867947427537,0.06508561858584352,1.7206494582845442,0.8240677136308887,-0.03448598149801883,0.6904618077371967,0.2902300377198109,1.0687251311025279,1.0817336393731634,1.0645804353769965
4354,-1.0082971318954645,0.8817216424333439,-0.9065714146983955,-0.8310638202256104,-1.360738486209743,-0.2046050914713833,0.03251341443978112,-1.1331908328774714,-1.1684596883703013,-1.2593785867694165
4355,-0.5230720771255777,-1.5681864291091574,-0.9065714146983955,-0.8310638202256104,-1.430541249615619,2.928129055758647,0.0744302183498911,-0.4200196704547996,-0.3629430107345084,-0.5366840128092512
4356,-0.8395231998015908,-1.5681864291091574,-1.4320155892949833,1.6516334805591384,-1.360738486209743,1.1379952573414867,0.06290176911225628,-0.8300930888478358,-0.7832125816749225,-0.9334575043952245
4357,-0.9450069073602619,0.8817216424333439,1.1952052836879563,-1.2448467036897353,-0.31369703512154284,-0.6521385410756733,0.03554162460819211,-1.0440444375746376,-1.045881063512681,-1.0609918409764298
4358,-0.9872003903837303,0.06508561858584352,-1.4320155892949833,1.2378505970950135,-1.1513301959920998,0.2429283581329067,0.05588907188014663,-1.0886176352260544,-1.1071703759414915,-1.1885261775576352
4359,-1.0293938734071988,0.8817216424333439,-1.4320155892949833,-0.8310638202256104,-0.31369703512154284,-1.0996719906799632,0.023110024969452265,-1.240166507240872,-1.1947265365540773,-1.231037623084704
4360,-0.3964916280551725,-1.5681864291091574,0.6697611090913683,-0.4172809367614856,-1.081527432586219,-0.2046050914713833,0.10928119853370875,-0.21498296125828106,-0.1352969931417845,-0.2957858214891963
4361,-1.1137808394541355,0.8817216424333439,-1.4320155892949833,0.8240677136308887,-0.10428874490389983,-1.0996719906799632,0.024969452265844978,-1.400630018785973,-1.3610832417179914,-1.3727424415082659
4362,0.5528617399728669,0.06508561858584352,-1.4320155892949833,0.410284830166764,0.38433059893725724,0.2429283581329067,0.3632789672209531,0.7032249103609084,0.66146406843275,0.7244888711604479
4363,0.7427324135784745,0.8817216424333439,-0.9065714146983955,0.410284830166764,-0.5231053253391809,-0.2046050914713833,0.5602720076502151,0.91717625908771,0.9153769342092499,0.8378527258992975
4364,0.9958933117192852,0.8817216424333439,0.14431693449478036,-0.8310638202256104,0.1749223087196192,-1.0996719906799632,0.2819954311215003,1.041981212511678,1.0642224072506465,1.0787509172193523
4365,-0.1644274714260963,-0.751550405261657,1.1952052836879563,-1.2448467036897353,1.5709775768372194,0.6904618077371967,0.10460606704563566,-0.1258365659554474,-0.09151891283549156,0.07264670641206396
4366,-0.1644274714260963,-1.5681864291091574,0.6697611090913683,0.410284830166764,-0.4533025619332999,-0.6521385410756733,0.12415661690485044,0.025712306059370308,0.04857094414464647,-0.012376184642073167
4367,-0.6285557846842488,-1.5681864291091574,-0.9065714146983955,0.410284830166764,-0.38349979852741883,-0.6521385410756733,0.08648993252935239,-0.5269953448182004,-0.5030328677146465,-0.5508544946516076
4368,-0.8184264582898567,0.8817216424333439,-0.38112724010180754,0.8240677136308887,0.6635416525607812,-0.6521385410756733,0.04393561068905063,-0.8924955655598191,-0.8445018941037331,-0.7917526859716626
4369,-0.7973297167781225,0.06508561858584352,0.14431693449478036,1.6516334805591384,-1.5003440130215,0.6904618077371967,0.06067045635658503,-0.8033491702569854,-0.7657013495524049,-0.9192870225528679
4370,-0.2910079204965014,0.8817216424333439,-0.9065714146983955,1.6516334805591384,-0.31369703512154284,-0.2046050914713833,0.2079902247250704,-0.1258365659554474,-0.09151891283549156,-0.13991052122327854
4371,-0.6074590431725145,0.06508561858584352,0.14431693449478036,-1.2448467036897353,-0.24389427171566183,0.6904618077371967,0.07549274823354407,-0.5359099843484837,-0.5292997158984225,-0.5366840128092512
4372,-0.1855242129378305,0.8817216424333439,-1.4320155892949833,-1.2448467036897353,-0.10428874490389983,-1.9947388898885432,0.11995962386442119,0.05245622465022072,-0.003962752222904903,0.015964779042639207
4373,1.8819564552121217,0.8817216424333439,-0.38112724010180754,-0.0034980532973608127,0.1749223087196192,-0.6521385410756733,0.35897572119215854,1.7194938168132161,1.6420930672937155,1.6880816364406688
4374,-0.5863623016607803,-1.5681864291091574,1.1952052836879563,0.8240677136308887,-1.5701467764273809,0.2429283581329067,0.08611804707007385,-0.4645928681062164,-0.39796547497954293,-0.5933659401786759
4375,0.4473780324141958,-0.751550405261657,1.1952052836879563,-1.2448467036897353,0.3145278355313812,3.3756625053629365,0.20565265898103385,0.5427613988158074,0.49510736326883587,0.5544430890521743
4376,-0.9872003903837303,0.8817216424333439,-0.38112724010180754,0.8240677136308887,-1.081527432586219,-0.2046050914713833,0.03947298517770812,-1.061873716635204,-1.0809035277577155,-1.1601852138729227
4377,2.915696789287099,-0.751550405261657,-0.38112724010180754,-0.8310638202256104,-0.9419219057744619,2.928129055758647,0.8947564150241726,2.441579618766172,2.3162755040106293,2.19821898276549
4378,0.8482161211371456,0.8817216424333439,1.1952052836879563,1.6516334805591384,-0.38349979852741883,-0.6521385410756733,0.5762099559050098,1.0598104915722446,1.0116887108830943,0.97955754432286
4379,0.4262812909024616,-1.5681864291091574,-0.9065714146983955,-1.2448467036897353,-0.31369703512154284,-1.5472054402842532,0.2863518036444775,0.5695053174066579,0.5739079078201633,0.5261021253674619
4380,0.9958933117192852,0.06508561858584352,-1.4320155892949833,0.410284830166764,-0.38349979852741883,0.6904618077371967,0.4827073261435478,1.1489568868750781,1.0817336393731634,1.0504099535346405
4381,0.4473780324141958,-1.5681864291091574,0.6697611090913683,-0.8310638202256104,-0.24389427171566183,0.6904618077371967,0.20363385220209318,0.6140785150580746,0.6264416041877154,0.5827840527368867
4382,1.6920857816065142,0.06508561858584352,0.6697611090913683,0.410284830166764,-1.081527432586219,0.2429283581329067,0.5197896190830367,1.6927498982223659,1.5983149869874218,1.4613539269629696
4383,-1.050490614918933,0.8817216424333439,0.14431693449478036,-0.4172809367614856,0.38433059893725724,-1.0996719906799632,0.04707007384582691,-1.2847397048922888,-1.2472602329216296,-1.2168671412423475
4384,-0.1855242129378305,0.8817216424333439,-1.4320155892949833,-1.2448467036897353,-0.17409150830978082,-0.2046050914713833,0.14099771556075014,-0.02777553112232973,0.013548479899611962,-0.026546666484429042
4385,-1.0293938734071988,0.8817216424333439,0.14431693449478036,-0.4172809367614856,0.1749223087196192,-0.6521385410756733,0.05557031291505073,-1.2223372281803049,-1.2385046168603704,-1.2026966593999917
4386,-0.9450069073602619,0.06508561858584352,-1.4320155892949833,0.8240677136308887,-0.6627108521509428,0.2429283581329067,0.05647346331615577,-1.0262151585140704,-1.0371254474514224,-1.0751623228187863
4387,-1.1981678055010725,-0.751550405261657,0.14431693449478036,0.410284830166764,1.4313720500254572,-0.2046050914713833,0.023747542899644054,-1.6056667279824912,-1.6587741878007844,-1.5002767780894712
4388,-0.5863623016607803,-1.5681864291091574,-1.4320155892949833,0.8240677136308887,0.38433059893725724,0.6904618077371967,0.09594644849386388,-0.5269953448182004,-0.49427725165338804,-0.46583160359747056
4389,0.257507358808588,0.8817216424333439,-1.4320155892949833,-0.8310638202256104,0.3145278355313812,-0.6521385410756733,0.21309036816660468,0.4179564453918402,0.44257366690128447,0.4694201979980372
4390,-0.5441688186373119,0.8817216424333439,1.1952052836879563,0.8240677136308887,0.035316781907857205,-1.5472054402842532,0.09318387079636614,-0.4556782285759332,-0.43298793922457746,-0.43749063991275816
4391,0.7427324135784745,0.06508561858584352,0.6697611090913683,-1.2448467036897353,-1.5003440130215,0.2429283581329067,0.26345428465175585,1.0063226543905446,0.9503993984542844,0.7670003166875169
4392,-0.7973297167781225,0.8817216424333439,-1.4320155892949833,0.8240677136308887,-0.10428874490389983,-0.2046050914713833,0.05870477607182702,-0.8300930888478358,-0.7832125816749225,-0.8059231678140184
4393,-0.5652655601490462,-0.751550405261657,-1.4320155892949833,-1.2448467036897353,1.6407803402430954,-1.5472054402842532,0.07076449025128832,-0.5537392634090501,-0.5030328677146465,-0.35246774885862103
4394,-0.9872003903837303,0.06508561858584352,-1.4320155892949833,0.410284830166764,0.1749223087196192,0.6904618077371967,0.049301386601498166,-1.1777640305288881,-1.1772153044315605,-1.146014732030567
4395,-0.7762329752663882,0.8817216424333439,1.1952052836879563,0.8240677136308887,-0.4533025619332999,-0.6521385410756733,0.05355150613611008,-0.7409466935450014,-0.7657013495524049,-0.7917526859716626
4396,0.46847477392593007,0.8817216424333439,1.7206494582845442,0.410284830166764,-0.4533025619332999,0.2429283581329067,0.23359719492110714,0.6408224336489251,0.66146406843275,0.5827840527368867
4397,-1.050490614918933,0.8817216424333439,-1.4320155892949833,-0.8310638202256104,0.1749223087196192,-1.5472054402842532,0.021303724167242202,-1.2490811467711553,-1.212237768676595,-1.2026966593999917
4398,-0.6285557846842488,-0.751550405261657,-1.4320155892949833,0.8240677136308887,-1.0117246691803428,2.033062156550067,0.08978377516867662,-0.562653902939334,-0.5468109480209394,-0.6500478675481006
4399,0.21531387578511957,-0.751550405261657,-0.38112724010180754,-0.8310638202256104,1.2917665232137003,1.1379952573414867,0.17266110609360888,0.2931514919678721,0.32875065810492254,0.4694201979980372
4400,-1.050490614918933,-1.5681864291091574,-0.9065714146983955,0.8240677136308887,0.1749223087196192,-1.0996719906799632,0.04584816447962599,-1.2669104258317225,-1.212237768676595,-1.2168671412423475
4401,0.784925896601943,-1.5681864291091574,1.1952052836879563,0.410284830166764,1.0125554695901813,-0.2046050914713833,0.3759230728364235,0.8904323404968605,0.8540876217804394,1.0078985080075717
4402,-0.5441688186373119,0.8817216424333439,-0.9065714146983955,-1.2448467036897353,0.5937388891549003,-1.0996719906799632,0.08473675822132498,-0.48242214716678283,-0.44174355528583586,-0.3949791943856899
4403,-0.9661036488719961,0.06508561858584352,0.14431693449478036,0.410284830166764,-1.779555066645019,1.1379952573414867,0.04675131488073102,-1.0083858794535039,-1.0283698313901641,-1.1743556957152792
4404,-0.1011372468908936,0.8817216424333439,0.6697611090913683,-1.2448467036897353,-0.17409150830978082,0.2429283581329067,0.1266004356372523,0.07920014324107114,0.10986025657345705,0.07264670641206396
4405,-1.0293938734071988,-1.5681864291091574,0.6697611090913683,0.8240677136308887,1.0125554695901813,-0.6521385410756733,0.0333634383467035,-1.2490811467711553,-1.273527081105405,-1.1601852138729227
4406,0.5528617399728669,-1.5681864291091574,0.6697611090913683,-1.2448467036897353,-0.9419219057744619,0.6904618077371967,0.2266907506773628,0.738883468482042,0.7665314611678535,0.6252954982639549
4407,-0.5441688186373119,0.06508561858584352,1.1952052836879563,0.8240677136308887,-0.4533025619332999,0.6904618077371967,0.09318387079636614,-0.4556782285759332,-0.4154767071020606,-0.4800020854398264
4408,-0.41758836956690676,0.8817216424333439,0.14431693449478036,0.410284830166764,-0.5929080887450618,-1.0996719906799632,0.11151251128938001,-0.21498296125828106,-0.1965863055705951,-0.28161533964684043
4409,-1.155974322477604,0.8817216424333439,-0.38112724010180754,-1.2448467036897353,0.7333444159666572,-1.5472054402842532,0.01896615842320565,-1.4986910536190907,-1.4573950183918358,-1.4010834051929784
4410,0.8271193796254115,0.06508561858584352,1.1952052836879563,0.410284830166764,0.1051195453137382,0.2429283581329067,0.3925516655155926,1.0063226543905446,0.8803544699642155,0.951216580638147
4411,0.7216356720667403,0.06508561858584352,0.14431693449478036,1.2378505970950135,-1.639949539833262,0.6904618077371967,0.613557881315412,1.0152372939208278,0.9328881663317669,0.7386593530028038
4412,0.7216356720667403,-1.5681864291091574,1.7206494582845442,-0.8310638202256104,0.4541333623431382,-0.2046050914713833,0.23747542899644053,0.8280298637848764,0.845332005719181,0.8945346532687222
4413,-0.5863623016607803,0.06508561858584352,-0.9065714146983955,-1.2448467036897353,-0.24389427171566183,0.2429283581329067,0.09137756999415608,-0.48242214716678283,-0.5030328677146465,-0.5083430491245388
4414,-0.37539488654343833,0.8817216424333439,1.1952052836879563,-0.4172809367614856,0.3145278355313812,-1.5472054402842532,0.1410508420549328,-0.24172687984913147,-0.1965863055705951,-0.1824219667503468
4415,1.7342792646299827,-1.5681864291091574,0.14431693449478036,0.410284830166764,1.0125554695901813,-0.6521385410756733,0.765021516230144,1.6125181424498154,1.4844919781910597,1.6880816364406688
4416,0.700538930555006,0.8817216424333439,-0.38112724010180754,-0.8310638202256104,0.24472507212550018,-1.0996719906799632,0.2620198693088243,0.8191152242545933,0.8278207735966633,0.8520232077416533
4417,-0.9872003903837303,-1.5681864291091574,-1.4320155892949833,-1.2448467036897353,0.6635416525607812,-0.6521385410756733,0.030760240131753706,-1.1955933095894553,-1.1246816080640083,-1.0893328046611421
4418,0.5528617399728669,-1.5681864291091574,-1.4320155892949833,-0.8310638202256104,-0.03448598149801883,2.033062156550067,0.24278807841470543,0.685395631300342,0.7052421487390429,0.681977425633379
4419,-0.8184264582898567,0.8817216424333439,-0.38112724010180754,-1.2448467036897353,-0.38349979852741883,-0.2046050914713833,0.046538808904000424,-0.8479223679084023,-0.8532575101649915,-0.8767755770257997
4420,3.738469708244732,0.06508561858584352,1.7206494582845442,-1.2448467036897353,0.8729499427784192,0.2429283581329067,0.9820432449662647,2.709018804674673,2.552677137664612,2.7650382564597376
4421,-0.6074590431725145,-0.751550405261657,0.14431693449478036,-1.2448467036897353,1.5709775768372194,-0.2046050914713833,0.06300802210062158,-0.6428856587118845,-0.5905890283272331,-0.451661121755114
4422,-1.1137808394541355,-1.5681864291091574,0.14431693449478036,1.6516334805591384,0.035316781907857205,-0.2046050914713833,0.036232269032566544,-1.4095446583162563,-1.36983885777925,-1.3727424415082659
4423,-1.050490614918933,0.06508561858584352,0.14431693449478036,-1.2448467036897353,0.24472507212550018,1.1379952573414867,0.03405408277107794,-1.293654344422572,-1.2910383132279224,-1.2593785867694165
4424,2.578148925099351,0.8817216424333439,-0.38112724010180754,-1.2448467036897353,0.38433059893725724,-0.2046050914713833,0.8853530255538437,2.0582501189639846,2.1061407185404226,2.1273665735537097
4425,0.21531387578511957,0.06508561858584352,-0.38112724010180754,0.410284830166764,-0.7325136155568189,0.2429283581329067,0.21686234925357276,0.4268710849221234,0.3812843544724739,0.31354489773211885
4426,-0.9872003903837303,-1.5681864291091574,1.1952052836879563,1.6516334805591384,-0.17409150830978082,2.033062156550067,0.03729479891621952,-1.1955933095894553,-1.142192840186526,-1.1743556957152792
4427,-0.05894376386742515,0.8817216424333439,-0.9065714146983955,0.410284830166764,0.035316781907857205,-0.6521385410756733,0.19948998565584658,0.15051725948333838,0.09234902445093941,0.1293286337814887
4428,0.9958933117192852,0.8817216424333439,0.6697611090913683,0.410284830166764,0.5937388891549003,-0.2046050914713833,0.34006268926313554,1.0598104915722446,1.0029330948218358,1.1070918809040653
4429,-0.7762329752663882,-1.5681864291091574,1.1952052836879563,-1.2448467036897353,-0.9419219057744619,0.2429283581329067,0.04005737661371726,-0.7676906121358518,-0.7306788853073704,-0.8342641314987308
4430,0.48957151543766425,0.8817216424333439,1.1952052836879563,1.6516334805591384,-0.10428874490389983,-0.2046050914713833,0.42607448334484405,0.6943102708306251,0.6527084523714916,0.6536364619486673
4431,-0.6285557846842488,1.6983576662808442,0.14431693449478036,-1.2448467036897353,2.0595969206783815,1.1379952573414867,0.05679222228125166,-0.6607149377724509,-0.7832125816749225,-0.5083430491245388
4432,0.700538930555006,0.06508561858584352,1.1952052836879563,-0.0034980532973608127,-0.38349979852741883,0.2429283581329067,0.19901184720820272,0.9260908986179933,0.8103095414741465,0.8095117622145858
4433,-0.9450069073602619,0.06508561858584352,0.14431693449478036,0.410284830166764,-0.24389427171566183,0.6904618077371967,0.037507304892950115,-1.0707883561654872,-1.0283698313901641,-1.0609918409764298
4434,0.9115063456723483,-0.751550405261657,0.6697611090913683,0.8240677136308887,1.2917665232137003,0.6904618077371967,0.3155713754449344,0.9974080148602605,0.8978657020867323,1.1212623627464213
4435,-0.6285557846842488,0.8817216424333439,-0.9065714146983955,0.410284830166764,0.5937388891549003,-0.6521385410756733,0.0980183817669872,-0.5804831819999005,-0.5993446443884916,-0.5225135309668953
4436,1.481118366489172,0.8817216424333439,0.14431693449478036,0.410284830166764,0.5937388891549003,-0.2046050914713833,0.7840939276417149,1.3718228751321633,1.4056914336397324,1.4613539269629696
4437,1.0380867947427537,1.6983576662808442,-0.38112724010180754,-0.0034980532973608127,4.153679822854781,2.033062156550067,0.1379163788981565,0.8547737823757269,0.7490202290453358,1.362160554066476
4438,0.4473780324141958,-0.751550405261657,-0.38112724010180754,-1.2448467036897353,1.5709775768372194,0.2429283581329067,0.22265313711948148,0.5695053174066579,0.5038629793300943,0.7386593530028038
4439,0.5528617399728669,0.8817216424333439,0.6697611090913683,0.8240677136308887,-0.4533025619332999,-0.6521385410756733,0.30292726982946394,0.7656273870728924,0.7665314611678535,0.6961479074757362
4440,-0.1855242129378305,-1.5681864291091574,-0.9065714146983955,-1.2448467036897353,-0.4533025619332999,-0.6521385410756733,0.14471657015353556,0.007883026998803893,0.03981532808338804,-0.026546666484429042
4441,-0.20662095444956474,0.06508561858584352,0.14431693449478036,0.8240677136308887,0.3145278355313812,0.2429283581329067,0.1417946129734899,-0.09017800783431376,-0.12654137708052607,-0.0690581120114973
4442,1.481118366489172,-1.5681864291091574,1.7206494582845442,0.410284830166764,-0.8721191423685809,2.4805956061543566,0.38824841948679806,1.4163960727835807,1.3444021212109216,1.2346262174852707
4443,1.481118366489172,-0.751550405261657,-0.38112724010180754,-1.2448467036897353,1.7803858670548574,1.1379952573414867,0.5189395951761143,1.255932561238479,1.309379656965888,1.5322063361747504
4444,-1.0293938734071988,0.06508561858584352,1.1952052836879563,0.8240677136308887,0.3145278355313812,-0.6521385410756733,0.042607448334484405,-1.2223372281803049,-1.2385046168603704,-1.1885261775576352
4445,0.257507358808588,0.06508561858584352,1.1952052836879563,0.410284830166764,-0.10428874490389983,2.033062156550067,0.2277532805610158,0.5071028406946738,0.44257366690128447,0.4552497161556807
4446,-0.5019753356138434,0.8817216424333439,-0.9065714146983955,0.8240677136308887,0.5937388891549003,0.6904618077371967,0.11528449237634808,-0.437848949515366,-0.37169862679576765,-0.33829726701626517
4447,1.5233118495126405,0.06508561858584352,1.7206494582845442,1.6516334805591384,-2.407779937297943,2.033062156550067,0.44769696647718216,1.6749206191617994,1.537025674558612,1.2204557356429149
4448,0.8271193796254115,-1.5681864291091574,-1.4320155892949833,-0.0034980532973608127,-1.081527432586219,1.5855287069457766,0.18636774159273228,1.0152372939208278,1.029199943005612,0.8661936895840104
4449,-1.0082971318954645,0.06508561858584352,0.6697611090913683,0.410284830166764,0.3145278355313812,0.6904618077371967,0.03060086064920576,-1.2134225886500216,-1.212237768676595,-1.1743556957152792
4450,-1.1137808394541355,0.8817216424333439,0.6697611090913683,0.8240677136308887,0.1749223087196192,-0.6521385410756733,0.022950645486904318,-1.400630018785973,-1.3523276256567323,-1.3444014778235536
4451,1.903053196723856,0.06508561858584352,-0.38112724010180754,-1.2448467036897353,0.035316781907857205,1.5855287069457766,0.629442703076024,1.6570913401012322,1.5632925227423873,1.603058745386531
4452,-0.1855242129378305,-0.751550405261657,-1.4320155892949833,0.410284830166764,1.0125554695901813,-0.2046050914713833,0.12835360994527972,-0.09017800783431376,-0.06525206465171549,0.03013526088499571
4453,-0.6285557846842488,0.8817216424333439,1.1952052836879563,1.6516334805591384,0.1051195453137382,0.2429283581329067,0.09249322637199171,-0.5983124610604676,-0.564322180143457,-0.5650249764939635
4454,1.5022151080009063,-0.751550405261657,-0.38112724010180754,0.410284830166764,1.5709775768372194,0.6904618077371967,0.5217552993677947,1.3005057588898967,1.3268908890884048,1.5322063361747504
4455,-1.0082971318954645,0.8817216424333439,1.1952052836879563,0.410284830166764,0.1749223087196192,-0.2046050914713833,0.0382510758115072,-1.1777640305288881,-1.1772153044315605,-1.146014732030567
4456,0.46847477392593007,0.06508561858584352,-1.4320155892949833,0.410284830166764,-1.0117246691803428,1.1379952573414867,0.3204590129097381,0.7567127475426092,0.6527084523714916,0.5686135708945302
4457,1.903053196723856,-0.751550405261657,1.1952052836879563,-1.2448467036897353,-2.477582700703819,2.928129055758647,0.5939542049620146,1.9245305260097338,1.8522278527639218,1.4755244088053256
4458,-0.9028134243367935,-1.5681864291091574,-0.38112724010180754,-1.2448467036897353,0.5937388891549003,2.4805956061543566,0.032566540933963765,-1.0083858794535039,-1.0809035277577155,-0.9759689499222927
4459,-0.1855242129378305,1.6983576662808442,-0.9065714146983955,0.8240677136308887,2.548216264519543,0.6904618077371967,0.14593847951973649,-0.09909264736459697,-0.1352969931417845,0.17184007930855758
4460,-0.20662095444956474,1.6983576662808442,-1.4320155892949833,0.410284830166764,2.7576245547371814,-1.0996719906799632,0.12946926632311534,-0.2506415193794147,-0.1965863055705951,0.08681718825442046
4461,0.5739584814846012,0.06508561858584352,1.1952052836879563,0.410284830166764,-0.5929080887450618,0.2429283581329067,0.34378154385592097,0.7745420266031756,0.7227533808615598,0.6678069437910232
4462,-0.5019753356138434,-0.751550405261657,0.14431693449478036,0.8240677136308887,-2.1983716470803,2.033062156550067,0.0909525580406949,-0.38436111233366593,-0.24912000193814646,-0.5366840128092512
4463,3.1477609459161746,1.6983576662808442,1.7206494582845442,-1.2448467036897353,-3.454821388386143,3.8231959549672268,0.6806035169739149,2.726848083735239,2.5876996019096454,2.01400271881486
4464,0.4473780324141958,0.8817216424333439,0.14431693449478036,0.8240677136308887,0.035316781907857205,-0.2046050914713833,0.47070073845826915,0.6051638755277915,0.6351972202489738,0.6252954982639549
4465,0.4262812909024616,0.06508561858584352,-1.4320155892949833,-0.8310638202256104,-0.38349979852741883,1.1379952573414867,0.24544440312383786,0.6140785150580746,0.6264416041877154,0.5686135708945302
4466,1.481118366489172,1.6983576662808442,-0.38112724010180754,-0.0034980532973608127,2.618019027925419,0.2429283581329067,0.29989905966105296,1.1489568868750781,1.0729780233119048,1.4755244088053256
4467,0.46847477392593007,0.8817216424333439,-0.9065714146983955,0.8240677136308887,0.1749223087196192,-0.6521385410756733,0.45996918663337405,0.6497370731792083,0.6702196844940084,0.681977425633379
4468,-0.20662095444956474,-0.751550405261657,-1.4320155892949833,0.410284830166764,-0.17409150830978082,1.5855287069457766,0.1313818201136907,-0.08126336830403057,0.0047928638383535295,-0.054887630169141416
4469,-0.5019753356138434,0.8817216424333439,1.1952052836879563,0.410284830166764,-0.8023163789626999,-0.2046050914713833,0.08393986080858525,-0.35761719374281553,-0.3279205464894739,-0.4233201580704017
4470,0.4262812909024616,0.8817216424333439,-0.9065714146983955,-1.2448467036897353,-0.03448598149801883,-0.2046050914713833,0.29161132656855976,0.5873345964672243,0.6001747560039394,0.5827840527368867
4471,-1.050490614918933,0.8817216424333439,0.14431693449478036,0.8240677136308887,0.24472507212550018,-1.0996719906799632,0.03251341443978112,-1.2669104258317225,-1.212237768676595,-1.2026966593999917
4472,0.5739584814846012,-0.751550405261657,0.6697611090913683,0.410284830166764,1.4313720500254572,1.1379952573414867,0.22281251660202944,0.6051638755277915,0.5651522917589049,0.7670003166875169
4473,-0.7973297167781225,-1.5681864291091574,0.14431693449478036,-0.8310638202256104,-0.17409150830978082,0.6904618077371967,0.03771981086968071,-0.8211784493175527,-0.7744569656136641,-0.8059231678140184
4474,-0.45978185259037524,-0.751550405261657,-1.4320155892949833,-1.2448467036897353,-0.5231053253391809,2.033062156550067,0.09796525527280454,-0.33087327515196513,-0.35418739467325,-0.3949791943856899
4475,-0.20662095444956474,0.06508561858584352,1.1952052836879563,0.410284830166764,0.24472507212550018,0.2429283581329067,0.1317005790787866,-0.045604810182896936,-0.09151891283549156,-0.040717148326785545
4476,0.8904096041606141,0.06508561858584352,0.6697611090913683,0.410284830166764,-0.8023163789626999,0.2429283581329067,0.32667481272910803,1.0687251311025279,1.0116887108830943,0.9228756169534352
4477,-0.20662095444956474,0.06508561858584352,0.14431693449478036,1.6516334805591384,0.5239361257490193,0.6904618077371967,0.16033575944323433,-0.045604810182896936,-0.10903014495800843,-0.012376184642073167
4478,-0.7762329752663882,0.8817216424333439,-1.4320155892949833,1.6516334805591384,0.1749223087196192,-0.2046050914713833,0.06927694841417414,-0.7676906121358518,-0.7832125816749225,-0.7492412404445943
4479,0.5317649984611327,0.8817216424333439,1.1952052836879563,-0.8310638202256104,0.6635416525607812,-0.2046050914713833,0.27237953567444084,0.6408224336489251,0.6789753005552669,0.7386593530028038
4480,0.9115063456723483,-1.5681864291091574,0.6697611090913683,-1.2448467036897353,0.9427527061843003,-0.6521385410756733,0.31105562343940923,1.0508958520419613,0.9241325502705084,1.1070918809040653
4481,1.481118366489172,0.8817216424333439,-1.4320155892949833,-1.2448467036897353,0.1051195453137382,-0.2046050914713833,0.5221271848270732,1.4609692704349977,1.3794245854559561,1.4188424814359009
4482,-0.6074590431725145,0.8817216424333439,0.14431693449478036,-0.8310638202256104,-1.081527432586219,-1.0996719906799632,0.06327365457153482,-0.48242214716678283,-0.43298793922457746,-0.5650249764939635
4483,-0.8184264582898567,-1.5681864291091574,-0.9065714146983955,-1.2448467036897353,0.8729499427784192,-0.6521385410756733,0.03809169632895925,-0.8746662864992527,-0.818235045919957,-0.7492412404445943
4484,-0.9450069073602619,0.8817216424333439,1.1952052836879563,1.2378505970950135,-0.38349979852741883,-0.6521385410756733,0.047123200340009566,-1.0529590771049209,-1.019614215328905,-1.0609918409764298
4485,-0.37539488654343833,0.8817216424333439,-0.9065714146983955,0.8240677136308887,-0.5231053253391809,-0.2046050914713833,0.13611007809594644,-0.19715368219771465,-0.170319457386819,-0.23910389411977154
4486,2.578148925099351,-1.5681864291091574,-0.38112724010180754,-0.8310638202256104,-0.6627108521509428,1.1379952573414867,0.7702279126600435,2.0849940375548357,2.114896334601681,1.9714912732877912
4487,0.8904096041606141,0.8817216424333439,-0.9065714146983955,-0.8310638202256104,0.035316781907857205,0.2429283581329067,0.3385220209318387,0.9884933753299773,1.0379555590668703,1.0078985080075717
4488,-0.9028134243367935,0.8817216424333439,-0.38112724010180754,0.410284830166764,-0.7325136155568189,0.2429283581329067,0.03203527599213728,-0.9727273213323704,-0.9233024386550606,-1.004309913607005
4489,-1.0293938734071988,0.8817216424333439,0.14431693449478036,0.410284830166764,-0.10428874490389983,-0.6521385410756733,0.039791744142804016,-1.2045079491197386,-1.212237768676595,-1.2026966593999917
4490,0.4262812909024616,0.8817216424333439,1.1952052836879563,0.8240677136308887,0.8031471793725382,-0.2046050914713833,0.3341656484088615,0.5605906778763746,0.5126185953913535,0.6394659801063115
4491,0.4473780324141958,-0.751550405261657,0.6697611090913683,-0.8310638202256104,0.035316781907857205,2.033062156550067,0.18057695372682356,0.4892735616341074,0.5388854435751288,0.5119316435251055
4492,2.5570521835876163,0.06508561858584352,1.7206494582845442,0.410284830166764,0.035316781907857205,1.5855287069457766,0.6662593635445997,2.0760793980245524,1.9572952454990253,1.9998322369725041
4493,0.784925896601943,0.8817216424333439,-0.9065714146983955,-0.8310638202256104,0.6635416525607812,-0.2046050914713833,0.31604951389257824,0.8815177009665764,0.845332005719181,0.951216580638147
4494,-0.20662095444956474,-1.5681864291091574,-1.4320155892949833,-1.2448467036897353,0.9427527061843003,-0.6521385410756733,0.12861924241619296,-0.09909264736459697,-0.03898521646793941,0.044305742727351584
4495,-0.9661036488719961,0.06508561858584352,-0.9065714146983955,-0.8310638202256104,-0.8023163789626999,1.1379952573414867,0.03453222121872178,-1.0707883561654872,-1.0984147598802323,-1.146014732030567
4496,-0.20662095444956474,-0.751550405261657,-0.38112724010180754,-0.8310638202256104,1.4313720500254572,-0.2046050914713833,0.09860277320299633,-0.1347512054857306,-0.1615638413255606,0.015964779042639207
4497,-1.050490614918933,0.8817216424333439,-1.4320155892949833,1.6516334805591384,-0.03448598149801883,-0.2046050914713833,0.04191680391010997,-1.2669104258317225,-1.2209933847378536,-1.231037623084704
4498,1.481118366489172,-1.5681864291091574,-0.38112724010180754,0.8240677136308887,-1.5003440130215,1.1379952573414867,0.6455931573075493,1.478798549495564,1.4757363621298014,1.2346262174852707
4499,2.1562140948646666,0.8817216424333439,0.14431693449478036,-1.2448467036897353,0.035316781907857205,0.2429283581329067,0.8395048610742177,1.8442987702371836,1.8434722367026632,1.82978645486423
4500,-0.1855242129378305,0.06508561858584352,-0.38112724010180754,-0.8310638202256104,-0.03448598149801883,0.6904618077371967,0.0832492163842108,0.025712306059370308,-0.012718368284164113,0.0017942972002833347
4501,-0.9661036488719961,0.8817216424333439,-1.4320155892949833,0.410284830166764,0.24472507212550018,-1.0996719906799632,0.05078892843861234,-1.106446914286621,-1.1071703759414915,-1.0751623228187863
4502,0.4262812909024616,0.06508561858584352,0.14431693449478036,0.8240677136308887,0.5937388891549003,0.2429283581329067,0.38484832385910855,0.5962492359975082,0.5563966756976465,0.6536364619486673
4503,-0.8395231998015908,0.8817216424333439,0.6697611090913683,0.410284830166764,0.5937388891549003,-1.5472054402842532,0.03543537161982681,-0.8835809260295359,-0.8620131262262499,-0.8059231678140184
4504,0.21531387578511957,0.06508561858584352,0.6697611090913683,0.410284830166764,0.5937388891549003,2.033062156550067,0.17489241884928014,0.3555539686798561,0.26746134567611196,0.38439730694390006
4505,-0.1644274714260963,-1.5681864291091574,1.1952052836879563,-0.8310638202256104,0.24472507212550018,0.6904618077371967,0.1070498857780375,-0.06343408924346336,-0.003962752222904903,0.0017942972002833347
4506,-0.6285557846842488,0.06508561858584352,1.1952052836879563,-0.8310638202256104,0.5239361257490193,-0.2046050914713833,0.053126494182648885,-0.6161417401210341,-0.6343671086335261,-0.5650249764939635
4507,-0.5230720771255777,0.8817216424333439,-0.38112724010180754,-0.8310638202256104,0.5937388891549003,-0.6521385410756733,0.0550921744674069,-0.437848949515366,-0.4067210910408021,-0.35246774885862103
4508,0.5739584814846012,0.06508561858584352,1.1952052836879563,-0.8310638202256104,0.24472507212550018,0.6904618077371967,0.2435318493332625,0.7210541894214756,0.6527084523714916,0.7103183893180921
4509,0.46847477392593007,0.06508561858584352,-0.38112724010180754,-1.2448467036897353,-1.5003440130215,-0.2046050914713833,0.2685544280932901,0.801285945194026,0.7139977648003013,0.5544430890521743
4510,-0.438685111078641,0.06508561858584352,-1.4320155892949833,0.410284830166764,0.5239361257490193,-0.6521385410756733,0.13696010200286884,-0.2952147170308315,-0.3279205464894739,-0.25327437596212804
4511,-0.6074590431725145,-1.5681864291091574,-1.4320155892949833,-1.2448467036897353,-0.6627108521509428,-0.2046050914713833,0.0763958986346491,-0.48242214716678283,-0.43298793922457746,-0.5225135309668953
4512,-0.9239101658485277,0.06508561858584352,1.1952052836879563,-0.8310638202256104,-0.6627108521509428,0.2429283581329067,0.025128831748392925,-1.0351297980443537,-0.9845917510838703,-1.0609918409764298
4513,-0.5652655601490462,0.8817216424333439,-1.4320155892949833,0.410284830166764,-0.24389427171566183,-1.0996719906799632,0.09068692556978165,-0.48242214716678283,-0.43298793922457746,-0.4800020854398264
4514,-0.8184264582898567,0.8817216424333439,0.14431693449478036,1.2378505970950135,0.035316781907857205,-0.2046050914713833,0.0687988099665303,-0.8746662864992527,-0.8269906619812155,-0.8342641314987308
4515,-0.9872003903837303,0.06508561858584352,1.1952052836879563,1.6516334805591384,-0.03448598149801883,0.6904618077371967,0.05126706688625617,-1.1688493909986049,-1.1772153044315605,-1.1601852138729227
4516,1.5233118495126405,1.6983576662808442,-0.38112724010180754,-1.2448467036897353,2.4784135011136574,0.2429283581329067,0.42506507995537374,1.255932561238479,1.1955566481695252,1.5747177817018192
4517,-0.8817166828250593,-1.5681864291091574,0.6697611090913683,0.8240677136308887,0.1749223087196192,-1.0996719906799632,0.03984487063698666,-0.9638126818020863,-0.932058054716319,-0.9192870225528679
4518,-0.7762329752663882,-0.751550405261657,0.14431693449478036,-1.2448467036897353,1.4313720500254572,-0.2046050914713833,0.05036391648515114,-0.8122638097872686,-0.818235045919957,-0.6642183493904572
4519,0.5106682569493985,0.06508561858584352,-0.38112724010180754,-1.2448467036897353,-2.128568883674419,1.5855287069457766,0.26456994102959147,0.7923713056637428,0.731508996922819,0.4694201979980372
4520,-1.0082971318954645,0.8817216424333439,0.14431693449478036,-1.2448467036897353,-0.5929080887450618,-1.0996719906799632,0.031132125591032248,-1.1331908328774714,-1.0546366795739395,-1.1601852138729227
4521,-0.5863623016607803,0.8817216424333439,1.1952052836879563,1.6516334805591384,0.035316781907857205,-0.2046050914713833,0.10689050629548956,-0.48242214716678283,-0.5205440998371641,-0.4941725672821829
4522,1.0802802777662222,-1.5681864291091574,1.1952052836879563,1.6516334805591384,0.3145278355313812,0.6904618077371967,0.5901290973808638,1.0508958520419613,1.0904892554344225,1.1070918809040653
4523,0.06763668520297998,-1.5681864291091574,1.1952052836879563,-1.2448467036897353,0.38433059893725724,0.2429283581329067,0.16846411305317963,0.21291973619532162,0.24119449749233587,0.2710334522050506
4524,-0.5230720771255777,-1.5681864291091574,1.7206494582845442,0.410284830166764,0.8031471793725382,-1.5472054402842532,0.06263613664134304,-0.4467635890456492,-0.38920985891828447,-0.3241267851739087
4525,-0.8184264582898567,-1.5681864291091574,0.14431693449478036,-1.2448467036897353,1.1521609964019384,0.2429283581329067,0.04526377304361685,-0.8746662864992527,-0.9233024386550606,-0.777582204129306
4526,0.21531387578511957,-1.5681864291091574,-1.4320155892949833,-0.8310638202256104,1.3615692866195812,-0.6521385410756733,0.18498645274398343,0.3109807710284393,0.3462618902274394,0.4977611616827496
4527,-0.4808785941021094,0.8817216424333439,-0.38112724010180754,-1.2448467036897353,0.24472507212550018,-0.2046050914713833,0.06624873824576316,-0.36653183327309874,-0.38045424285702606,-0.33829726701626517
4528,0.4262812909024616,1.6983576662808442,-1.4320155892949833,-1.2448467036897353,-3.036004807950862,2.033062156550067,0.276895287679966,0.7210541894214756,0.7490202290453358,0.32771537957447533
4529,0.21531387578511957,-0.751550405261657,-1.4320155892949833,-1.2448467036897353,1.7803858670548574,2.033062156550067,0.1806300802210062,0.23966365478617205,0.293728193859888,0.4835906798403931
4530,0.48957151543766425,0.06508561858584352,-0.9065714146983955,-0.8310638202256104,-0.03448598149801883,0.2429283581329067,0.24857886628061415,0.6586517127094915,0.6702196844940084,0.6536364619486673
4531,0.257507358808588,0.8817216424333439,-1.4320155892949833,-1.2448467036897353,-0.5231053253391809,-1.0996719906799632,0.2545290336290708,0.4803589221038234,0.45132928296254293,0.398567788786256
4532,-0.20662095444956474,-1.5681864291091574,1.1952052836879563,0.410284830166764,-2.477582700703819,1.1379952573414867,0.12123465972480477,0.09702942230163755,0.03981532808338804,-0.22493341227741567
4533,-0.8395231998015908,0.8817216424333439,0.6697611090913683,-0.4172809367614856,0.7333444159666572,-1.5472054402842532,0.05594219837432928,-0.9192394841506695,-0.888279974410026,-0.8200936496563749
4534,0.4473780324141958,0.8817216424333439,-1.4320155892949833,-1.2448467036897353,0.035316781907857205,-0.2046050914713833,0.2795516123890984,0.5873345964672243,0.66146406843275,0.6252954982639549
4535,0.7427324135784745,0.8817216424333439,-1.4320155892949833,0.410284830166764,-0.24389427171566183,-0.2046050914713833,0.5295117675184614,0.8904323404968605,0.8978657020867323,0.8520232077416533
4536,-0.6285557846842488,-0.751550405261657,-1.4320155892949833,-1.2448467036897353,1.5709775768372194,-0.2046050914713833,0.061361100780959466,-0.6161417401210341,-0.6518783407560429,-0.46583160359747056
4537,-0.7973297167781225,0.8817216424333439,-0.9065714146983955,0.410284830166764,0.4541333623431382,-1.0996719906799632,0.04659193539818307,-0.8390077283781191,-0.791968197736181,-0.7634117222869502
4538,-0.8184264582898567,-1.5681864291091574,-0.38112724010180754,-0.4172809367614856,0.8031471793725382,-1.5472054402842532,0.06306114859480423,-0.9103248446203863,-0.8707687422875084,-0.8059231678140184
4539,-1.1981678055010725,-1.5681864291091574,-1.4320155892949833,1.2378505970950135,-1.081527432586219,0.6904618077371967,0.02539446421930617,-1.5700081698613575,-1.509928714759388,-1.6136406328283208
4540,1.6920857816065142,0.8817216424333439,0.14431693449478036,-0.8310638202256104,-0.03448598149801883,-0.6521385410756733,0.5664346809754024,1.6036035029195321,1.5457812906198702,1.560547299859462
4541,-0.5019753356138434,-1.5681864291091574,-1.4320155892949833,0.410284830166764,-0.24389427171566183,1.5855287069457766,0.09663709291823833,-0.40219039139423235,-0.37169862679576765,-0.40914967622804577
4542,0.21531387578511957,-0.751550405261657,1.1952052836879563,-1.2448467036897353,1.3615692866195812,1.1379952573414867,0.19492110715613878,0.3377246896192897,0.293728193859888,0.4835906798403931
4543,-0.6074590431725145,0.8817216424333439,0.14431693449478036,0.8240677136308887,0.1051195453137382,-0.6521385410756733,0.09265260585453966,-0.5537392634090501,-0.49427725165338804,-0.5083430491245388
4544,0.6372487060198039,0.8817216424333439,-1.4320155892949833,-0.8310638202256104,-0.10428874490389983,-0.6521385410756733,0.2796047388832811,0.801285945194026,0.8103095414741465,0.7811707985298727
4545,-0.5019753356138434,0.8817216424333439,1.1952052836879563,0.8240677136308887,-0.7325136155568189,-1.0996719906799632,0.09854964670881368,-0.35761719374281553,-0.3279205464894739,-0.40914967622804577
4546,-1.1348775809658698,-1.5681864291091574,-1.4320155892949833,1.2378505970950135,-0.24389427171566183,-1.0996719906799632,0.028263294905169208,-1.4362885769071065,-1.3785944738405085,-1.4152538870353342
4547,0.4262812909024616,1.6983576662808442,-0.38112724010180754,0.410284830166764,3.5254549522018572,2.4805956061543566,0.22132497476491525,0.409041805861557,0.3024838099211465,0.7953412803722286
4548,-0.9661036488719961,0.06508561858584352,-0.38112724010180754,-1.2448467036897353,0.24472507212550018,0.6904618077371967,0.03251341443978112,-1.0975322747563376,-1.11592599200275,-1.0751623228187863
4549,-0.1855242129378305,0.8817216424333439,1.7206494582845442,0.8240677136308887,0.38433059893725724,-1.0996719906799632,0.11076874037082293,-0.02777553112232973,-0.003962752222904903,0.03013526088499571
4550,-0.20662095444956474,0.06508561858584352,-0.38112724010180754,1.2378505970950135,-1.779555066645019,1.1379952573414867,0.15087924347872284,0.12377334089248797,0.03981532808338804,-0.12574003938092204
4551,2.135117353352933,0.06508561858584352,1.1952052836879563,-1.2448467036897353,0.38433059893725724,0.2429283581329067,0.6297614620411199,1.7997255725857666,1.7033823797225252,1.801445491179517
4552,-1.050490614918933,0.8817216424333439,-0.38112724010180754,0.8240677136308887,0.8031471793725382,-1.5472054402842532,0.035860383573287996,-1.2669104258317225,-1.273527081105405,-1.1885261775576352
4553,0.8271193796254115,0.8817216424333439,0.14431693449478036,0.410284830166764,0.1749223087196192,-0.2046050914713833,0.44705944854699037,0.9350055381482772,0.8978657020867323,0.937046098795791
4554,-0.3542981450317041,-0.751550405261657,0.14431693449478036,0.8240677136308887,-0.10428874490389983,1.451268672064491,0.11624076927163576,-0.24172687984913147,-0.18783068950933665,-0.22493341227741567
4555,-0.8606199413133251,-1.5681864291091574,-0.38112724010180754,1.6516334805591384,0.4541333623431382,-0.2046050914713833,0.04165117143919673,-0.9459834027415199,-0.9057912065325429,-0.8767755770257997
4556,-0.8184264582898567,0.8817216424333439,-1.4320155892949833,1.2378505970950135,-0.03448598149801883,-0.6521385410756733,0.07602401317537055,-0.8122638097872686,-0.8357462780424739,-0.8200936496563749
4557,1.2701509513718297,0.06508561858584352,1.1952052836879563,-0.8310638202256104,0.1749223087196192,1.1379952573414867,0.3838389204696382,1.2202740031173456,1.2480903445370775,1.2487966993276265
4558,-1.050490614918933,-1.5681864291091574,-0.38112724010180754,0.8240677136308887,0.38433059893725724,-0.6521385410756733,0.028741433352813046,-1.2847397048922888,-1.2385046168603704,-1.2168671412423475
4559,0.21531387578511957,0.8817216424333439,0.14431693449478036,-1.2448467036897353,-0.7325136155568189,-0.2046050914713833,0.22971896084577378,0.462529643043257,0.4163068187175084,0.3418858614168312
4560,-0.12223398840262782,0.8817216424333439,-0.38112724010180754,0.8240677136308887,-0.10428874490389983,-0.6521385410756733,0.14859480422886895,0.07028550371078714,0.07483779232842254,0.058476224569708087
4561,0.8482161211371456,0.06508561858584352,1.1952052836879563,-1.2448467036897353,0.8729499427784192,0.2429283581329067,0.3201402539446422,0.8815177009665764,0.8278207735966633,0.9653870624805029
4562,6.059111274535495,0.06508561858584352,0.6697611090913683,-0.0034980532973608127,0.4541333623431382,-0.6521385410756733,0.8602773202996334,3.680714513475563,3.5683286007706116,3.6719490943705324
4563,-1.0293938734071988,-0.751550405261657,-1.4320155892949833,-1.2448467036897353,1.5011748134313383,-0.6521385410756733,0.028900812835360994,-1.3025689839528563,-1.2472602329216296,-1.1318442501882104
4564,-0.9450069073602619,0.06508561858584352,1.1952052836879563,0.8240677136308887,0.38433059893725724,0.6904618077371967,0.04813260372947989,-1.0707883561654872,-1.0896591438189738,-1.0326508772917173
4565,-0.5652655601490462,0.8817216424333439,-1.4320155892949833,0.8240677136308887,-0.5929080887450618,-0.2046050914713833,0.0903150401105031,-0.48242214716678283,-0.424232323163319,-0.5083430491245388
4566,0.08873342671471421,0.8817216424333439,1.7206494582845442,-1.2448467036897353,0.035316781907857205,-0.6521385410756733,0.13244434999734367,0.2753222129073057,0.293728193859888,0.28520393404740707
4567,0.4262812909024616,-1.5681864291091574,-0.38112724010180754,-1.2448467036897353,-0.17409150830978082,0.6904618077371967,0.2675450247038198,0.5516760383460907,0.5826635238814225,0.5402726072098178
4568,0.8693128626488799,0.06508561858584352,-1.4320155892949833,0.8240677136308887,-0.6627108521509428,0.6904618077371967,0.506879880996653,1.0063226543905446,0.9503993984542844,0.8803641714263664
4569,-0.9239101658485277,0.06508561858584352,0.14431693449478036,-1.2448467036897353,-1.0117246691803428,0.2429283581329067,0.040907400520639646,-0.9638126818020863,-0.9933473671451296,-1.0609918409764298
4570,0.5317649984611327,-1.5681864291091574,-0.38112724010180754,0.8240677136308887,-1.5701467764273809,-0.6521385410756733,0.325771662328003,0.7923713056637428,0.8278207735966633,0.5969545345792426
4571,0.4262812909024616,0.8817216424333439,1.1952052836879563,1.6516334805591384,-1.360738486209743,-1.5472054402842532,0.41890240663018646,0.7567127475426092,0.7052421487390429,0.5402726072098178
4572,-0.016750280843956692,-1.5681864291091574,0.14431693449478036,0.8240677136308887,-0.5231053253391809,-1.0996719906799632,0.20219943685916167,0.24857829431645526,0.2587057296148535,0.18601056115091347
4573,-1.0082971318954645,0.8817216424333439,-0.9065714146983955,-1.2448467036897353,0.6635416525607812,-1.5472054402842532,0.04016362960208256,-1.1866786700591714,-1.1947265365540773,-1.1176737683458546
4574,-0.9872003903837303,0.06508561858584352,1.1952052836879563,0.410284830166764,-0.24389427171566183,1.1379952573414867,0.030760240131753706,-1.1777640305288881,-1.1246816080640083,-1.1601852138729227
4575,0.4473780324141958,0.06508561858584352,-0.9065714146983955,1.6516334805591384,0.4541333623431382,0.2429283581329067,0.5701535355681878,0.5873345964672243,0.617685988126457,0.6536364619486673
4576,-0.3964916280551725,-1.5681864291091574,1.1952052836879563,-1.2448467036897353,0.1749223087196192,0.2429283581329067,0.0881368538490145,-0.2684707984399819,-0.2228531537543704,-0.22493341227741567
4577,0.4473780324141958,-0.751550405261657,-0.9065714146983955,0.410284830166764,1.9199913938666193,0.2429283581329067,0.3426127609839027,0.4803589221038234,0.5038629793300943,0.7386593530028038
4578,0.7427324135784745,0.06508561858584352,0.6697611090913683,-0.8310638202256104,-0.31369703512154284,-0.07034505659009758,0.2721670296977102,0.8726030614362933,0.9153769342092499,0.8378527258992975
4579,1.481118366489172,0.8817216424333439,0.6697611090913683,-0.4172809367614856,-0.31369703512154284,-0.6521385410756733,0.6760346384742071,1.4342253518441472,1.466980746068543,1.390501517751188
4580,-0.7762329752663882,0.8817216424333439,0.14431693449478036,0.410284830166764,-0.24389427171566183,-1.5472054402842532,0.04505126706688626,-0.7409466935450014,-0.704412037123595,-0.7350707586022378
4581,-1.050490614918933,-1.5681864291091574,0.14431693449478036,0.410284830166764,0.7333444159666572,-1.0996719906799632,0.03214152898050258,-1.3025689839528563,-1.2297490007991119,-1.1885261775576352
4582,-0.12223398840262782,0.8817216424333439,-0.38112724010180754,-0.4172809367614856,-0.5929080887450618,-0.2046050914713833,0.19975561812675982,0.08811478277135434,0.10110464051219785,0.03013526088499571
4583,-0.7973297167781225,-1.5681864291091574,-0.38112724010180754,0.410284830166764,-0.5929080887450618,-1.0996719906799632,0.06322052807735218,-0.7676906121358518,-0.7394345013686295,-0.8059231678140184
4584,0.21531387578511957,0.06508561858584352,0.6697611090913683,0.410284830166764,-1.8493578300509,0.6904618077371967,0.1798331828082665,0.4892735616341074,0.44257366690128447,0.22852200667798234
4585,-1.0293938734071988,0.06508561858584352,-0.38112724010180754,1.6516334805591384,-0.24389427171566183,0.2429283581329067,0.033204058864155554,-1.2579957863014386,-1.212237768676595,-1.24520810492706
4586,-1.050490614918933,-0.751550405261657,-1.4320155892949833,-1.2448467036897353,0.9427527061843003,-1.9947388898885432,0.027944535940073314,-1.3025689839528563,-1.2385046168603704,-1.1743556957152792
4587,-0.1855242129378305,0.8817216424333439,-0.9065714146983955,-1.2448467036897353,0.8729499427784192,-1.0996719906799632,0.1431227753280561,-0.08126336830403057,-0.14405260920304294,-0.012376184642073167
4588,-0.9872003903837303,0.8817216424333439,1.1952052836879563,-0.4172809367614856,0.3145278355313812,-0.6521385410756733,0.0522764702757265,-1.1599347514683216,-1.1246816080640083,-1.1035032865034986
4589,0.8482161211371456,-0.751550405261657,0.6697611090913683,-1.2448467036897353,1.5011748134313383,-0.6521385410756733,0.27684216118578336,0.7923713056637428,0.8365763896579225,1.0078985080075717
4590,-1.0082971318954645,0.06508561858584352,0.14431693449478036,1.6516334805591384,0.3145278355313812,0.6904618077371967,0.042819954311215006,-1.1777640305288881,-1.2209933847378536,-1.1601852138729227
4591,0.004346460667777534,0.8817216424333439,1.1952052836879563,-0.8310638202256104,0.1749223087196192,-0.6521385410756733,0.13371938585772725,0.22183437572560563,0.16239395294100842,0.21435152483562583
4592,-0.14333072991436205,0.8817216424333439,-0.9065714146983955,-1.2448467036897353,-0.31369703512154284,-0.2046050914713833,0.19205227647027573,0.07028550371078714,0.08359340838968098,0.044305742727351584
4593,0.48957151543766425,-0.751550405261657,0.6697611090913683,0.410284830166764,-1.221132959397981,2.033062156550067,0.256016575466185,0.6943102708306251,0.7139977648003013,0.5402726072098178
4594,0.4262812909024616,-0.751550405261657,-0.9065714146983955,-0.8310638202256104,1.9199913938666193,0.6904618077371967,0.2412474100834086,0.462529643043257,0.5038629793300943,0.7244888711604479
4595,0.784925896601943,0.06508561858584352,1.7206494582845442,-0.0034980532973608127,-1.081527432586219,1.5855287069457766,0.1500823460659831,1.041981212511678,0.9591550145155429,0.8378527258992975
4596,0.5106682569493985,-1.5681864291091574,-0.38112724010180754,-1.2448467036897353,-1.430541249615619,1.1379952573414867,0.24873824576316209,0.7299688289517587,0.7402646129840774,0.5402726072098178
4597,-0.20662095444956474,-1.5681864291091574,-1.4320155892949833,1.2378505970950135,-0.5929080887450618,0.6904618077371967,0.19784306433618445,-0.054519449713180144,0.06608217626716334,-0.054887630169141416
4598,-0.8817166828250593,0.8817216424333439,-1.4320155892949833,1.2378505970950135,0.4541333623431382,-1.905232199967684,0.06614248525739787,-0.9905566003929368,-0.9408136707775774,-0.9051165407105121
4599,-0.45978185259037524,-0.751550405261657,-1.4320155892949833,0.410284830166764,0.9427527061843003,-0.6521385410756733,0.09339637677309674,-0.4200196704547996,-0.35418739467325,-0.28161533964684043
4600,2.0085369042825274,0.06508561858584352,0.14431693449478036,0.410284830166764,-0.24389427171566183,0.2429283581329067,0.9122881581044466,1.8086402121160499,1.7384048439675597,1.7164226001253804
4601,1.5233118495126405,0.8817216424333439,1.1952052836879563,0.8240677136308887,-1.430541249615619,-0.2046050914713833,0.7386176486213675,1.5768595843286817,1.5282700584973534,1.3196491085394073
4602,0.4473780324141958,0.06508561858584352,0.14431693449478036,1.6516334805591384,0.035316781907857205,0.6904618077371967,0.4419593051054561,0.6497370731792083,0.6001747560039394,0.6252954982639549
4603,-1.0926840979424013,0.06508561858584352,-1.4320155892949833,1.2378505970950135,-0.31369703512154284,1.1379952573414867,0.03431971524199118,-1.3828007397254065,-1.3348163935342154,-1.3727424415082659
4604,0.257507358808588,0.8817216424333439,-1.4320155892949833,-1.2448467036897353,-0.24389427171566183,-1.2786853705216787,0.22621261222971897,0.462529643043257,0.48635174720757746,0.44107923431332485
4605,-1.050490614918933,0.8817216424333439,0.14431693449478036,-0.4172809367614856,-0.24389427171566183,-0.6521385410756733,0.04707007384582691,-1.2579957863014386,-1.2209933847378536,-1.24520810492706
4606,-1.0293938734071988,0.8817216424333439,0.14431693449478036,0.410284830166764,0.38433059893725724,-0.2046050914713833,0.042607448334484405,-1.240166507240872,-1.256015848982888,-1.2026966593999917
4607,-0.438685111078641,0.06508561858584352,-1.4320155892949833,-0.8310638202256104,-0.6627108521509428,-0.6521385410756733,0.06348616054826542,-0.2684707984399819,-0.2928980822444394,-0.35246774885862103
4608,0.23641061729685378,-1.5681864291091574,-0.9065714146983955,-0.8310638202256104,0.1749223087196192,2.033062156550067,0.1839770493545131,0.3822978872707065,0.45132928296254293,0.44107923431332485
4609,0.5317649984611327,-0.751550405261657,0.6697611090913683,0.410284830166764,0.9427527061843003,0.2429283581329067,0.24060989215321682,0.6140785150580746,0.6439528363102324,0.752829834845161
4610,-0.20662095444956474,0.06508561858584352,1.7206494582845442,-0.4172809367614856,-0.8721191423685809,0.6904618077371967,0.12027838282951708,-0.0010316125314793153,-0.056496448590457056,-0.12574003938092204
4611,0.6794421890432724,0.8817216424333439,1.1952052836879563,-0.8310638202256104,0.4541333623431382,-0.6521385410756733,0.2549009190883494,0.8369445033151597,0.7840426932903704,0.8661936895840104
4612,-1.050490614918933,0.8817216424333439,-1.4320155892949833,0.410284830166764,0.1749223087196192,-0.6521385410756733,0.03495723317218297,-1.2669104258317225,-1.2209933847378536,-1.2168671412423475
4613,2.5570521835876163,-1.5681864291091574,1.7206494582845442,-0.8310638202256104,-0.5231053253391809,-0.2046050914713833,0.5902353503692291,2.1028233166154022,2.1061407185404226,1.9998322369725041
4614,-1.050490614918933,-1.5681864291091574,1.1952052836879563,1.2378505970950135,0.5239361257490193,-0.6521385410756733,0.04000425011953461,-1.3203982630134226,-1.2647714650441464,-1.231037623084704
4615,1.67098904009478,0.8817216424333439,0.6697611090913683,-1.2448467036897353,-1.081527432586219,-0.2046050914713833,0.5213302874143335,1.6303474215103817,1.7384048439675597,1.5038653724900373
4616,-0.8817166828250593,0.8817216424333439,1.1952052836879563,-1.2448467036897353,-0.31369703512154284,-0.6521385410756733,0.03538224512564416,-0.9816419608626535,-0.932058054716319,-0.9759689499222927
4617,-0.1011372468908936,0.8817216424333439,-0.9065714146983955,-1.2448467036897353,0.38433059893725724,-1.0996719906799632,0.15396058014131647,0.08811478277135434,0.0573265602059049,0.11515815193913284
4618,-0.6074590431725145,0.06508561858584352,0.14431693449478036,-0.8310638202256104,-2.5473854641097,0.6904618077371967,0.05588907188014663,-0.4200196704547996,-0.43298793922457746,-0.6925593130751695
4619,-1.1981678055010725,-1.5681864291091574,0.14431693449478036,1.6516334805591384,-2.5473854641097,2.4805956061543566,0.03187589650958933,-1.4719471350282403,-1.4836618665756118,-1.6703225601977456
4620,1.903053196723856,-1.5681864291091574,1.1952052836879563,0.8240677136308887,1.2219637598078192,-0.6521385410756733,0.8023163151463635,1.701664537752649,1.5720481388036465,1.8156159730218742
4621,0.8482161211371456,0.06508561858584352,1.7206494582845442,-1.2448467036897353,-0.8721191423685809,0.6904618077371967,0.24098177761249534,0.9884933753299773,0.9241325502705084,0.8236822440569416
4622,-0.41758836956690676,0.8817216424333439,1.1952052836879563,0.410284830166764,-0.4533025619332999,-1.0996719906799632,0.10253413377251235,-0.24172687984913147,-0.2228531537543704,-0.28161533964684043
4623,1.2068607268366276,-0.751550405261657,0.6697611090913683,0.410284830166764,1.6407803402430954,0.2429283581329067,0.2894862668012538,1.0598104915722446,1.0204443269443535,1.2629671811699825
4624,-1.050490614918933,-0.751550405261657,-0.38112724010180754,-1.2448467036897353,1.3615692866195812,-0.6521385410756733,0.022366254050895183,-1.3649714606648393,-1.326060777472957,-1.2168671412423475
4625,-1.0082971318954645,0.06508561858584352,-0.9065714146983955,0.410284830166764,-2.058766120268543,0.6904618077371967,0.04404186367741593,-1.079702995695771,-1.0896591438189738,-1.2593785867694165
4626,-0.20662095444956474,-1.5681864291091574,-0.9065714146983955,0.8240677136308887,0.8031471793725382,1.1379952573414867,0.1622483132338097,-0.09909264736459697,-0.056496448590457056,0.015964779042639207
4627,1.5022151080009063,-0.751550405261657,0.6697611090913683,-1.2448467036897353,1.3615692866195812,1.5855287069457766,0.4380279445359401,1.264847200768763,1.2043122642307844,1.4188424814359009
4628,-0.5863623016607803,0.8817216424333439,1.1952052836879563,0.8240677136308887,0.4541333623431382,-0.6521385410756733,0.09642458694150773,-0.5180807052879165,-0.5468109480209394,-0.4800020854398264
4629,-0.45978185259037524,0.8817216424333439,-0.38112724010180754,-1.2448467036897353,0.035316781907857205,-0.6521385410756733,0.07549274823354407,-0.33087327515196513,-0.31040931436695707,-0.3099563033315528
4630,-1.050490614918933,0.06508561858584352,1.1952052836879563,-1.2448467036897353,0.6635416525607812,0.2429283581329067,0.030494607660840462,-1.3025689839528563,-1.326060777472957,-1.24520810492706
4631,-0.9661036488719961,-1.5681864291091574,-0.9065714146983955,-1.2448467036897353,0.1749223087196192,0.6904618077371967,0.0332571853583382,-1.1688493909986049,-1.0984147598802323,-1.1035032865034986
4632,-0.20662095444956474,-0.751550405261657,-0.38112724010180754,-1.2448467036897353,1.7105831036489814,1.1379952573414867,0.10880306008606493,-0.18823904266743144,-0.11778576101926763,0.044305742727351584
4633,-1.1770710639893383,-1.5681864291091574,0.14431693449478036,0.8240677136308887,0.1749223087196192,-0.6521385410756733,0.022153748074164585,-1.596752088452208,-1.5274399468819049,-1.5286177417741837
4634,-0.20662095444956474,-0.751550405261657,-0.9065714146983955,-0.8310638202256104,0.9427527061843003,1.1379952573414867,0.11799394357966318,-0.1525804845462978,-0.10027452889675,-0.012376184642073167
4635,0.4262812909024616,0.8817216424333439,-0.9065714146983955,-1.2448467036897353,0.7333444159666572,-1.0996719906799632,0.2995803006959571,0.5071028406946738,0.5651522917589049,0.6252954982639549
4636,-0.5441688186373119,0.06508561858584352,-1.4320155892949833,-1.2448467036897353,-1.5701467764273809,1.5855287069457766,0.07203952611167189,-0.3754464728033827,-0.39796547497954293,-0.5508544946516076
4637,0.9115063456723483,0.8817216424333439,0.6697611090913683,0.410284830166764,0.4541333623431382,0.2429283581329067,0.3621633108431175,0.970664096269411,0.985421862699319,1.0362394716922834
4638,0.46847477392593007,0.8817216424333439,0.6697611090913683,-0.8310638202256104,-0.7325136155568189,-0.2046050914713833,0.2048557615682941,0.7477981080123259,0.7052421487390429,0.6252954982639549
4639,-0.8606199413133251,0.06508561858584352,1.1952052836879563,1.2378505970950135,-1.2909357228038618,0.6904618077371967,0.05817351113000053,-0.8924955655598191,-0.8620131262262499,-0.9901394317646491
4640,-0.20662095444956474,-0.751550405261657,1.1952052836879563,-0.8310638202256104,-1.639949539833262,1.5855287069457766,0.10349041066780003,0.03462694558965351,0.06608217626716334,-0.13991052122327854
4641,-0.4808785941021094,0.8817216424333439,-1.4320155892949833,1.6516334805591384,0.1749223087196192,-0.2046050914713833,0.13000053126494182,-0.39327575186394914,-0.35418739467325,-0.35246774885862103
4642,2.6203424081228195,-1.5681864291091574,-0.38112724010180754,-1.2448467036897353,0.5239361257490193,1.5855287069457766,0.9537268235669129,2.0582501189639846,2.05360702217287,2.1273665735537097
4643,-1.0293938734071988,-0.751550405261657,-0.9065714146983955,-1.2448467036897353,1.4313720500254572,-0.2046050914713833,0.03633852202093184,-1.2490811467711553,-1.2647714650441464,-1.1176737683458546
4644,-0.8184264582898567,-0.751550405261657,0.14431693449478036,-0.0034980532973608127,1.4313720500254572,-0.2046050914713833,0.03431971524199118,-0.9014102050901031,-0.9145468225938014,-0.7634117222869502
4645,-0.6285557846842488,-0.751550405261657,1.1952052836879563,1.6516334805591384,1.6407803402430954,-0.6521385410756733,0.08850873930829305,-0.6339710191816014,-0.5905890283272331,-0.43749063991275816
4646,-0.7973297167781225,0.8817216424333439,1.1952052836879563,0.8240677136308887,-0.5231053253391809,-0.6521385410756733,0.056048451362694575,-0.776605251666135,-0.8007238137974394,-0.8342641314987308
4647,0.21531387578511957,0.8817216424333439,1.1952052836879563,-1.2448467036897353,-0.6627108521509428,0.2429283581329067,0.21293098868405674,0.4179564453918402,0.48635174720757746,0.3702268251015436
4648,-0.9872003903837303,0.8817216424333439,-1.4320155892949833,0.410284830166764,0.38433059893725724,-1.0996719906799632,0.049301386601498166,-1.1331908328774714,-1.142192840186526,-1.0893328046611421
4649,1.5022151080009063,-1.5681864291091574,-0.9065714146983955,0.410284830166764,1.0125554695901813,-0.2046050914713833,0.6540402698825905,1.3718228751321633,1.3268908890884048,1.4896948906476815
4650,-0.20662095444956474,-0.751550405261657,0.14431693449478036,-0.8310638202256104,1.6407803402430954,0.6904618077371967,0.12808797747436645,-0.1347512054857306,-0.17907507344807744,0.03013526088499571
4651,-0.1855242129378305,0.8817216424333439,0.6697611090913683,1.6516334805591384,-1.081527432586219,-0.6521385410756733,0.1496573341125219,0.09702942230163755,0.13612710475723236,-0.012376184642073167
4652,-0.1855242129378305,0.8817216424333439,0.14431693449478036,1.2378505970950135,-0.5231053253391809,-0.6521385410756733,0.26664187430271474,0.03462694558965351,0.0573265602059049,-0.012376184642073167
4653,0.4473780324141958,0.8817216424333439,-1.4320155892949833,-0.8310638202256104,-0.5929080887450618,-0.2046050914713833,0.23795356744408436,0.6586517127094915,0.6789753005552669,0.5827840527368867
4654,0.02544320217951176,0.8817216424333439,1.7206494582845442,-0.8310638202256104,0.3145278355313812,-0.2046050914713833,0.11156563778356267,0.1950904571347552,0.16239395294100842,0.21435152483562583
4655,-0.41758836956690676,-0.751550405261657,1.1952052836879563,0.8240677136308887,-1.1513301959920998,1.5855287069457766,0.09334325027891409,-0.2595561589096979,-0.20534192163185352,-0.35246774885862103
4656,1.3756346589305009,1.6983576662808442,1.7206494582845442,-0.8310638202256104,-2.1983716470803,4.718262854175807,0.24278807841470543,1.532286386677265,1.3969358175784738,1.1354328445887771
4657,0.4473780324141958,1.6983576662808442,0.14431693449478036,0.8240677136308887,2.0595969206783815,-1.5472054402842532,0.35908197418052384,0.5338467592855243,0.477596131146319,0.7670003166875169
4658,0.4473780324141958,0.8817216424333439,-1.4320155892949833,0.8240677136308887,0.6635416525607812,-1.0996719906799632,0.3999362482069808,0.5962492359975082,0.6264416041877154,0.6961479074757362
4659,2.5570521835876163,0.8817216424333439,1.1952052836879563,-1.2448467036897353,-0.10428874490389983,-0.2046050914713833,0.6815597938692026,2.093908677085119,1.9835620936828013,1.9998322369725041
4660,0.4262812909024616,-0.751550405261657,0.14431693449478036,-1.2448467036897353,1.2917665232137003,2.033062156550067,0.2436381023216278,0.5071028406946738,0.44257366690128447,0.6394659801063115
4661,-0.8395231998015908,0.06508561858584352,-0.9065714146983955,1.6516334805591384,-0.9419219057744619,0.6904618077371967,0.07028635180364448,-0.8568370074386863,-0.8532575101649915,-0.9334575043952245
4662,0.21531387578511957,0.06508561858584352,0.14431693449478036,-0.8310638202256104,0.1749223087196192,1.5855287069457766,0.19678053445253146,0.3822978872707065,0.3550175062886978,0.38439730694390006
4663,0.784925896601943,-1.5681864291091574,-1.4320155892949833,-0.8310638202256104,0.5239361257490193,0.6904618077371967,0.2742920894650162,0.8191152242545933,0.845332005719181,0.8945346532687222
4664,-1.050490614918933,0.8817216424333439,0.14431693449478036,-0.4172809367614856,-0.4533025619332999,-0.2046050914713833,0.050310789990968496,-1.2312518677105888,-1.1772153044315605,-1.231037623084704
4665,-0.6285557846842488,0.06508561858584352,1.1952052836879563,0.8240677136308887,0.5239361257490193,1.1379952573414867,0.08409924029113319,-0.5359099843484837,-0.5730777962047154,-0.4941725672821829
4666,1.481118366489172,0.06508561858584352,0.14431693449478036,0.410284830166764,-0.17409150830978082,0.2429283581329067,0.7543430908994315,1.4520546309047144,1.4056914336397324,1.390501517751188
4667,-0.20662095444956474,0.8817216424333439,-1.4320155892949833,-1.2448467036897353,-0.24389427171566183,-0.2046050914713833,0.14753227434521596,0.025712306059370308,-0.03022960040668098,-0.026546666484429042
4668,-0.4808785941021094,0.8817216424333439,-1.4320155892949833,0.410284830166764,0.035316781907857205,-0.6521385410756733,0.10354353716198268,-0.35761719374281553,-0.38920985891828447,-0.36663823070097756
4669,-0.8184264582898567,-0.751550405261657,1.7206494582845442,0.8240677136308887,1.3615692866195812,-0.6521385410756733,0.03437284173617383,-0.9370687632112367,-0.8970355904712844,-0.777582204129306
4670,-0.5441688186373119,0.06508561858584352,0.14431693449478036,-0.4172809367614856,0.1051195453137382,1.1379952573414867,0.1270254475907135,-0.4200196704547996,-0.4592547874083535,-0.4233201580704017
4671,0.4262812909024616,-0.751550405261657,-1.4320155892949833,0.410284830166764,1.0823582329960573,0.6904618077371967,0.31790894118897095,0.4981882011643906,0.5301298275138704,0.6536364619486673
4672,-0.5019753356138434,0.8817216424333439,-1.4320155892949833,0.8240677136308887,-0.4533025619332999,-0.6521385410756733,0.1124687881846677,-0.3487025542125323,-0.38920985891828447,-0.40914967622804577
4673,1.0169900532310194,-1.5681864291091574,0.14431693449478036,-0.8310638202256104,0.5239361257490193,-1.0996719906799632,0.27747967911597515,1.0508958520419613,1.1080004875569394,1.149603326431133
4674,-0.438685111078641,0.06508561858584352,-0.9065714146983955,1.6516334805591384,0.5937388891549003,0.2429283581329067,0.13483504223556286,-0.2952147170308315,-0.34543177861199154,-0.25327437596212804
4675,-0.8606199413133251,0.06508561858584352,-0.9065714146983955,0.8240677136308887,-0.03448598149801883,0.6904618077371967,0.0596610529671147,-0.9281541236809527,-0.9583249029000951,-0.9334575043952245
4676,0.8482161211371456,0.8817216424333439,0.6697611090913683,-1.2448467036897353,0.38433059893725724,-1.9947388898885432,0.30250225787600277,0.9528348172088437,0.9766662466380598,1.0078985080075717
4677,0.4473780324141958,-1.5681864291091574,1.1952052836879563,1.6516334805591384,0.24472507212550018,2.4805956061543566,0.33846889443765604,0.578419956936941,0.5038629793300943,0.5686135708945302
4678,0.4473780324141958,0.06508561858584352,0.6697611090913683,-1.2448467036897353,0.8031471793725382,0.2429283581329067,0.22536258832279657,0.5695053174066579,0.5301298275138704,0.6536364619486673
4679,0.4473780324141958,-0.751550405261657,0.14431693449478036,0.410284830166764,-1.1513301959920998,1.1379952573414867,0.31355256866599374,0.6497370731792083,0.6789753005552669,0.5119316435251055
4680,0.6583454475315381,0.8817216424333439,-0.38112724010180754,-1.2448467036897353,-0.8023163789626999,0.6904618077371967,0.28289858152260533,0.9082616195574269,0.8540876217804394,0.7670003166875169
4681,-0.20662095444956474,0.8817216424333439,-1.4320155892949833,-1.2448467036897353,0.7333444159666572,-1.0996719906799632,0.14221962492695106,-0.07234872877374655,-0.03898521646793941,0.03013526088499571
4682,0.784925896601943,-1.5681864291091574,1.1952052836879563,-1.2448467036897353,1.0823582329960573,1.5855287069457766,0.26696063326781067,0.8191152242545933,0.7490202290453358,0.9228756169534352
4683,-0.1644274714260963,-1.5681864291091574,-1.4320155892949833,-0.8310638202256104,-1.2909357228038618,-0.2046050914713833,0.13669446953195558,0.10594406183192076,0.14488272081849157,-0.026546666484429042
4684,-0.14333072991436205,-1.5681864291091574,0.14431693449478036,-1.2448467036897353,-0.24389427171566183,-0.6521385410756733,0.15295117675184614,0.07028550371078714,0.10986025657345705,0.058476224569708087
4685,-0.9450069073602619,0.06508561858584352,1.1952052836879563,0.8240677136308887,-0.7325136155568189,1.5855287069457766,0.04813260372947989,-1.0262151585140704,-1.045881063512681,-1.0893328046611421
4686,-0.6285557846842488,-1.5681864291091574,-1.4320155892949833,-1.2448467036897353,1.1521609964019384,0.2429283581329067,0.061361100780959466,-0.5715685424696173,-0.6343671086335261,-0.4800020854398264
4687,-0.5863623016607803,0.8817216424333439,1.1952052836879563,0.410284830166764,-0.38349979852741883,-0.6521385410756733,0.08425861977368114,-0.5091660657576332,-0.4680104034696119,-0.5225135309668953
4688,-1.0293938734071988,0.06508561858584352,-1.4320155892949833,1.6516334805591384,-0.6627108521509428,-1.0996719906799632,0.05557031291505073,-1.1599347514683216,-1.185970920492819,-1.2168671412423475
4689,-0.1644274714260963,-1.5681864291091574,0.6697611090913683,0.8240677136308887,1.4313720500254572,0.6904618077371967,0.12968177229984593,-0.09017800783431376,-0.021473984345422546,0.11515815193913284
4690,0.5106682569493985,0.06508561858584352,0.14431693449478036,-1.2448467036897353,0.7333444159666572,-0.2046050914713833,0.3001646921319662,0.685395631300342,0.6089303720651978,0.7386593530028038
4691,0.6583454475315381,0.8817216424333439,0.6697611090913683,0.410284830166764,-0.03448598149801883,-1.0996719906799632,0.29251447696966476,0.8280298637848764,0.8365763896579225,0.8236822440569416
4692,2.9367935307988327,-1.5681864291091574,0.6697611090913683,-1.2448467036897353,0.5937388891549003,0.2429283581329067,0.7872815172926738,2.2365429095696534,2.2724974237043356,2.3399238011890526
4693,-0.6285557846842488,0.8817216424333439,-0.38112724010180754,-0.4172809367614856,-0.5231053253391809,-0.6521385410756733,0.10216224831323381,-0.5180807052879165,-0.49427725165338804,-0.5508544946516076
4694,-0.8184264582898567,0.06508561858584352,-0.38112724010180754,-1.2448467036897353,0.5937388891549003,0.6904618077371967,0.046538808904000424,-0.8568370074386863,-0.888279974410026,-0.8059231678140184
4695,-0.6074590431725145,0.8817216424333439,-1.4320155892949833,-0.8310638202256104,0.6635416525607812,-1.9947388898885432,0.06720501514105084,-0.5448246238787668,-0.564322180143457,-0.4800020854398264
4696,-0.8395231998015908,0.8817216424333439,-0.9065714146983955,0.8240677136308887,-0.8023163789626999,-0.6521385410756733,0.05328587366519683,-0.8479223679084023,-0.8007238137974394,-0.8909460588681556
4697,0.4262812909024616,0.06508561858584352,0.14431693449478036,-1.2448467036897353,-1.0117246691803428,0.2429283581329067,0.2811454072145779,0.6586517127094915,0.6089303720651978,0.4977611616827496
4698,-0.5863623016607803,0.06508561858584352,1.1952052836879563,0.8240677136308887,-0.38349979852741883,1.1379952573414867,0.09642458694150773,-0.48242214716678283,-0.5292997158984225,-0.5366840128092512
4699,0.23641061729685378,0.8817216424333439,1.1952052836879563,0.8240677136308887,-0.31369703512154284,-0.6521385410756733,0.21404664506189236,0.4892735616341074,0.4163068187175084,0.41273827062861246
4700,-0.20662095444956474,-1.5681864291091574,0.14431693449478036,0.410284830166764,-1.5701467764273809,0.2429283581329067,0.14939170164160867,0.0167976665290871,0.10110464051219785,-0.12574003938092204
4701,-1.0293938734071988,0.8817216424333439,0.14431693449478036,-0.4172809367614856,-0.38349979852741883,-0.2046050914713833,0.048557615682941084,-1.2312518677105888,-1.185970920492819,-1.231037623084704
4702,-0.9661036488719961,0.8817216424333439,0.14431693449478036,0.410284830166764,0.5239361257490193,-1.0996719906799632,0.03644477500929714,-1.115361553816904,-1.072147911696457,-1.0326508772917173
4703,0.9536998286958168,-1.5681864291091574,1.1952052836879563,0.410284830166764,1.2219637598078192,1.1379952573414867,0.4555596876162142,0.8993469800271436,0.7927983093516288,1.0078985080075717
4704,0.21531387578511957,-1.5681864291091574,0.6697611090913683,0.410284830166764,1.0823582329960573,0.2429283581329067,0.18695213302874145,0.3020661314981561,0.3462618902274394,0.4552497161556807
4705,-0.8395231998015908,0.8817216424333439,1.7206494582845442,1.6516334805591384,0.035316781907857205,-1.0996719906799632,0.03516973914891356,-0.8657516469689694,-0.8269906619812155,-0.8342641314987308
4706,-1.0293938734071988,0.06508561858584352,0.6697611090913683,0.410284830166764,-1.7097523032391428,0.6904618077371967,0.02767890346916007,-1.1688493909986049,-1.185970920492819,-1.316060514138841
4707,-0.9661036488719961,0.06508561858584352,-0.9065714146983955,0.410284830166764,0.24472507212550018,0.2429283581329067,0.04276682781703235,-1.1421054724077544,-1.0809035277577155,-1.0751623228187863
4708,0.4473780324141958,-1.5681864291091574,1.1952052836879563,-0.4172809367614856,0.8729499427784192,1.1379952573414867,0.4236306646124422,0.5160174802249571,0.5388854435751288,0.6394659801063115
4709,0.004346460667777534,0.8817216424333439,-0.38112724010180754,1.2378505970950135,0.035316781907857205,-0.2046050914713833,0.19826807628964566,0.177261178074188,0.13612710475723236,0.15766959746620107
4710,0.4473780324141958,0.8817216424333439,-0.9065714146983955,-0.8310638202256104,-0.10428874490389983,-0.2046050914713833,0.2659512298783403,0.6497370731792083,0.6001747560039394,0.6111250164215991
4711,-0.3964916280551725,0.8817216424333439,1.1952052836879563,0.410284830166764,-0.24389427171566183,-0.7863985759569591,0.09674334590660362,-0.2684707984399819,-0.17907507344807744,-0.23910389411977154
4712,-0.8606199413133251,0.06508561858584352,0.6697611090913683,1.2378505970950135,-0.17409150830978082,0.6904618077371967,0.05594219837432928,-0.9192394841506695,-0.932058054716319,-0.9334575043952245
4713,1.6920857816065142,0.8817216424333439,0.14431693449478036,0.410284830166764,0.1749223087196192,-1.0996719906799632,0.9786431493385751,1.5679449447983984,1.5808037548649048,1.588888263544175
4714,-0.5441688186373119,0.8817216424333439,0.14431693449478036,-1.2448467036897353,-0.10428874490389983,-1.0996719906799632,0.0735801944429687,-0.437848949515366,-0.39796547497954293,-0.4233201580704017
4715,0.8693128626488799,-1.5681864291091574,-0.38112724010180754,0.410284830166764,0.8031471793725382,-0.2046050914713833,0.32879987249641396,0.9082616195574269,0.9328881663317669,1.0220689898499276
4716,0.5950552229963354,0.8817216424333439,0.6697611090913683,-1.2448467036897353,0.24472507212550018,0.6904618077371967,0.24018488019975562,0.7477981080123259,0.6964865326777845,0.752829834845161
4717,-0.08004050537915937,1.6983576662808442,-0.38112724010180754,-0.0034980532973608127,1.9199913938666193,-0.2046050914713833,0.06056420336821973,0.05245622465022072,0.022304095960870397,0.2710334522050506
4718,-0.5652655601490462,-1.5681864291091574,-1.4320155892949833,0.8240677136308887,0.5937388891549003,0.6904618077371967,0.10141847739467673,-0.48242214716678283,-0.424232323163319,-0.3808087125433334
4719,0.9326030871840826,1.6983576662808442,-0.9065714146983955,-1.2448467036897353,-4.2924545492567,4.270729404571517,0.38734526908569306,1.3718228751321633,1.2043122642307844,0.6536364619486673
4720,-0.05894376386742515,0.8817216424333439,-0.38112724010180754,0.410284830166764,-0.31369703512154284,-0.6521385410756733,0.21229347075386495,0.1594318990136216,0.17990518506352607,0.1293286337814887
4721,0.21531387578511957,0.06508561858584352,0.14431693449478036,-1.2448467036897353,-1.2909357228038618,0.6904618077371967,0.2248313233809701,0.4714442825735402,0.48635174720757746,0.31354489773211885
4722,2.0085369042825274,-0.751550405261657,-0.38112724010180754,-0.8310638202256104,1.6407803402430954,-0.6521385410756733,0.4454656537215109,1.6570913401012322,1.5895593709261633,1.8581274185489418
4723,0.4262812909024616,0.06508561858584352,-1.4320155892949833,-1.2448467036897353,0.6635416525607812,1.5855287069457766,0.267066886256176,0.5695053174066579,0.5126185953913535,0.6252954982639549
4724,1.903053196723856,0.06508561858584352,0.14431693449478036,-0.8310638202256104,-0.8721191423685809,0.6904618077371967,0.5965042766827817,1.8175548516463331,1.7471604600288189,1.631399709071244
4725,-0.8817166828250593,0.8817216424333439,-1.4320155892949833,-1.2448467036897353,0.24472507212550018,-1.0996719906799632,0.03506348616054827,-0.9727273213323704,-0.932058054716319,-0.9192870225528679
4726,2.9367935307988327,0.06508561858584352,0.6697611090913683,-0.8310638202256104,0.5239361257490193,0.2429283581329067,0.8058757902566009,2.2989453862816376,2.2112081112755253,2.3257533193466955
4727,-0.9661036488719961,0.8817216424333439,-0.9065714146983955,1.6516334805591384,-0.31369703512154284,-0.6521385410756733,0.05599532486851193,-1.0886176352260544,-1.0546366795739395,-1.0893328046611421
4728,-0.5019753356138434,0.06508561858584352,0.14431693449478036,-0.8310638202256104,-0.9419219057744619,1.1379952573414867,0.06832067151888647,-0.3397879146822491,-0.3629430107345084,-0.451661121755114
4729,-0.1855242129378305,-1.5681864291091574,-0.38112724010180754,-1.2448467036897353,-0.24389427171566183,0.2429283581329067,0.11029060192317909,-0.009946252061763314,0.03981532808338804,-0.012376184642073167
4730,1.6076988155595773,0.8817216424333439,1.1952052836879563,-1.2448467036897353,-0.38349979852741883,-0.6521385410756733,0.6177548743558413,1.585774223858965,1.537025674558612,1.4896948906476815
4731,-0.5019753356138434,-1.5681864291091574,-1.4320155892949833,0.410284830166764,0.24472507212550018,-0.2046050914713833,0.09663709291823833,-0.4111050309245164,-0.38045424285702606,-0.36663823070097756
4732,-0.8184264582898567,0.06508561858584352,-1.4320155892949833,0.8240677136308887,-0.8023163789626999,0.6904618077371967,0.061254847792594165,-0.8300930888478358,-0.8445018941037331,-0.9051165407105121
4733,-0.8395231998015908,0.8817216424333439,1.1952052836879563,1.6516334805591384,0.1051195453137382,-1.0996719906799632,0.049460766084046114,-0.9014102050901031,-0.8620131262262499,-0.8626050951834432
4734,0.5317649984611327,-1.5681864291091574,-0.38112724010180754,0.410284830166764,1.0823582329960573,0.2429283581329067,0.2781703235403496,0.6140785150580746,0.6527084523714916,0.7670003166875169
4735,-1.155974322477604,1.6983576662808442,0.14431693449478036,-0.8310638202256104,-5.130087710127262,2.928129055758647,0.05381713860702332,-1.2758250653620058,-1.3173051614116977,-1.7270044875671704
4736,0.4262812909024616,-0.751550405261657,-0.9065714146983955,-1.2448467036897353,2.3388079743018952,-1.5472054402842532,0.2542634011581576,0.4447003639826906,0.4688405150850598,0.752829834845161
4737,1.5233118495126405,0.8817216424333439,0.6697611090913683,1.2378505970950135,0.1051195453137382,-0.6521385410756733,0.582691388195293,1.4342253518441472,1.4319582818235084,1.4330129632782567
4738,-1.0082971318954645,0.8817216424333439,-0.9065714146983955,0.410284830166764,-0.5231053253391809,-0.6521385410756733,0.05163895234553472,-1.1331908328774714,-1.1509484562477845,-1.1743556957152792
4739,0.4473780324141958,0.06508561858584352,-0.9065714146983955,-1.2448467036897353,-2.5473854641097,1.5855287069457766,0.2734420655580938,0.8280298637848764,0.7490202290453358,0.44107923431332485
4740,-0.5441688186373119,0.8817216424333439,-0.9065714146983955,1.2378505970950135,-0.24389427171566183,0.2429283581329067,0.16676406523933485,-0.40219039139423235,-0.424232323163319,-0.43749063991275816
4741,-0.24881443747303295,0.06508561858584352,0.14431693449478036,1.6516334805591384,-0.03448598149801883,-0.2046050914713833,0.15162301439727993,-0.054519449713180144,-0.08276329677423314,-0.0690581120114973
4742,0.21531387578511957,-1.5681864291091574,0.6697611090913683,0.410284830166764,0.38433059893725724,2.928129055758647,0.19152101152844925,0.3288100500890057,0.3462618902274394,0.38439730694390006
4743,0.4262812909024616,0.06508561858584352,1.7206494582845442,0.410284830166764,-0.7325136155568189,1.5855287069457766,0.19577113106306115,0.685395631300342,0.5914191399426809,0.5402726072098178
4744,-0.3121046620082356,0.06508561858584352,-1.4320155892949833,-1.2448467036897353,-0.8721191423685809,0.6904618077371967,0.09711523136588217,-0.10800728689488018,-0.21409753769311196,-0.25327437596212804
4745,0.8482161211371456,-0.751550405261657,-0.9065714146983955,-0.8310638202256104,0.3145278355313812,3.3756625053629365,0.33703447909472456,0.9082616195574269,0.845332005719181,0.9087051351110781
4746,-0.5019753356138434,0.8817216424333439,1.1952052836879563,-1.2448467036897353,0.8031471793725382,-0.6521385410756733,0.07145513467566275,-0.4111050309245164,-0.424232323163319,-0.3241267851739087
4747,0.21531387578511957,-0.751550405261657,1.1952052836879563,-1.2448467036897353,0.5239361257490193,2.033062156550067,0.21293098868405674,0.2753222129073057,0.3112394259824049,0.3560563432591877
4748,-0.7762329752663882,0.06508561858584352,0.14431693449478036,0.410284830166764,-1.360738486209743,0.2429283581329067,0.05142644636880412,-0.7052881354238678,-0.7394345013686295,-0.8484346133410873
4749,0.8482161211371456,-1.5681864291091574,1.1952052836879563,0.410284830166764,0.9427527061843003,-0.2046050914713833,0.39159538862030496,0.8547737823757269,0.8803544699642155,0.9937280261652158
4750,-1.0293938734071988,0.8817216424333439,1.1952052836879563,0.8240677136308887,-0.31369703512154284,-0.6521385410756733,0.042607448334484405,-1.2045079491197386,-1.2034821526153359,-1.2168671412423475
4751,-0.6285557846842488,-0.751550405261657,-1.4320155892949833,-1.2448467036897353,1.5709775768372194,-0.6521385410756733,0.05790787865908729,-0.6250563796513173,-0.6693895728785606,-0.4800020854398264
4752,-0.5863623016607803,-1.5681864291091574,-1.4320155892949833,-1.2448467036897353,-2.337977173892062,0.2429283581329067,0.07342081496042076,-0.39327575186394914,-0.35418739467325,-0.6217069038633883
4753,-0.5230720771255777,0.8817216424333439,0.14431693449478036,0.410284830166764,-0.31369703512154284,-1.5472054402842532,0.08760558890718802,-0.4111050309245164,-0.35418739467325,-0.40914967622804577
4754,0.8060226381136772,0.06508561858584352,1.7206494582845442,-0.8310638202256104,-0.31369703512154284,1.1379952573414867,0.22297189608457738,0.9350055381482772,0.9591550145155429,0.8945346532687222
4755,0.4262812909024616,-1.5681864291091574,0.14431693449478036,-0.8310638202256104,-0.03448598149801883,0.2429283581329067,0.20129628645805664,0.524932119755241,0.547641059636388,0.5261021253674619
4756,0.9958933117192852,0.06508561858584352,1.7206494582845442,-0.8310638202256104,-0.9419219057744619,0.2429283581329067,0.24756946289114382,1.1667861659356455,1.1080004875569394,0.9937280261652158
4757,0.8693128626488799,0.8817216424333439,1.7206494582845442,-1.2448467036897353,0.1051195453137382,-1.5472054402842532,0.2837486054295277,0.9974080148602605,1.0029330948218358,1.0078985080075717
4758,0.4473780324141958,-1.5681864291091574,1.1952052836879563,0.410284830166764,0.9427527061843003,0.6904618077371967,0.3244966264676194,0.5962492359975082,0.5563966756976465,0.6961479074757362
4759,-0.1644274714260963,0.8817216424333439,0.6697611090913683,0.410284830166764,-0.03448598149801883,-0.6521385410756733,0.14078520958401955,0.0167976665290871,0.0573265602059049,0.03013526088499571
4760,0.784925896601943,0.8817216424333439,1.1952052836879563,0.410284830166764,0.1749223087196192,-0.2046050914713833,0.3943579663178027,0.8993469800271436,0.9153769342092499,0.9228756169534352
4761,-1.0293938734071988,0.8817216424333439,-1.4320155892949833,1.2378505970950135,-0.03448598149801883,-1.0996719906799632,0.05870477607182702,-1.2045079491197386,-1.1684596883703013,-1.1743556957152792
4762,-1.0293938734071988,0.8817216424333439,0.14431693449478036,-1.2448467036897353,0.38433059893725724,-0.6521385410756733,0.03756043138713276,-1.2045079491197386,-1.212237768676595,-1.1601852138729227
4763,-0.20662095444956474,0.8817216424333439,-0.38112724010180754,-0.4172809367614856,0.3145278355313812,-1.0996719906799632,0.168251607076449,-0.045604810182896936,-0.021473984345422546,0.0017942972002833347
4764,0.4473780324141958,-1.5681864291091574,0.14431693449478036,-1.2448467036897353,0.7333444159666572,1.1379952573414867,0.2661637358550709,0.524932119755241,0.5651522917589049,0.6394659801063115
4765,-0.8184264582898567,0.06508561858584352,-0.38112724010180754,0.8240677136308887,-2.477582700703819,0.6904618077371967,0.0525952292408224,-0.723117414484435,-0.7481901174298881,-0.9759689499222927
4766,-1.0082971318954645,0.06508561858584352,1.1952052836879563,0.410284830166764,-0.03448598149801883,1.1379952573414867,0.0382510758115072,-1.1866786700591714,-1.2385046168603704,-1.2026966593999917
4767,0.4473780324141958,0.8817216424333439,0.14431693449478036,1.6516334805591384,-0.5231053253391809,-0.2046050914713833,0.46156298145885355,0.7032249103609084,0.6351972202489738,0.5969545345792426
4768,-0.7762329752663882,-1.5681864291091574,-0.9065714146983955,0.8240677136308887,-0.38349979852741883,0.2429283581329067,0.06369866652499602,-0.8122638097872686,-0.7481901174298881,-0.8059231678140184
4769,1.3334411759070324,1.6983576662808442,-1.4320155892949833,-0.8310638202256104,2.9670328449548196,-0.2046050914713833,0.3233278435956011,1.1489568868750781,1.1080004875569394,1.5463768180171062
4770,0.06763668520297998,0.8817216424333439,-1.4320155892949833,-1.2448467036897353,-0.10428874490389983,-0.6521385410756733,0.20055251553949954,0.2664075733770225,0.27621696173737037,0.25686297036269473
4771,-0.8184264582898567,0.06508561858584352,1.1952052836879563,-1.2448467036897353,-1.8493578300509,0.2429283581329067,0.03819794931732455,-0.8033491702569854,-0.7481901174298881,-0.9476279862375803
4772,2.5570521835876163,0.8817216424333439,1.7206494582845442,-1.2448467036897353,0.6635416525607812,-0.6521385410756733,0.6486213674759602,2.093908677085119,2.0098289418665765,2.1415370553960655
4773,0.7638291550902088,0.06508561858584352,1.1952052836879563,-0.8310638202256104,0.5937388891549003,0.2429283581329067,0.26398554959358234,0.8815177009665764,0.8103095414741465,0.9228756169534352
4774,-0.7762329752663882,0.06508561858584352,0.14431693449478036,1.6516334805591384,-0.10428874490389983,1.1379952573414867,0.06210487169951655,-0.8122638097872686,-0.7657013495524049,-0.7917526859716626
4775,1.1646672438131591,0.8817216424333439,1.1952052836879563,0.8240677136308887,-0.17409150830978082,-0.6521385410756733,0.5513467566275302,1.264847200768763,1.213067880292043,1.2062852538005577
4776,-1.050490614918933,-1.5681864291091574,1.1952052836879563,1.6516334805591384,0.8031471793725382,-1.0996719906799632,0.03633852202093184,-1.3293129025437058,-1.273527081105405,-1.2168671412423475
4777,0.9958933117192852,0.8817216424333439,-0.38112724010180754,-1.2448467036897353,-0.17409150830978082,-1.0996719906799632,0.3438346703501036,1.1043836892236614,1.0642224072506465,1.0504099535346405
4778,-1.0293938734071988,0.06508561858584352,0.6697611090913683,0.410284830166764,-0.4533025619332999,0.2429283581329067,0.023110024969452265,-1.2223372281803049,-1.185970920492819,-1.231037623084704
4779,-0.8184264582898567,0.8817216424333439,-0.9065714146983955,-1.2448467036897353,0.6635416525607812,-0.6521385410756733,0.04202305689847527,-0.8924955655598191,-0.8357462780424739,-0.7917526859716626
4780,-1.050490614918933,-0.751550405261657,-0.9065714146983955,-1.2448467036897353,1.1521609964019384,-1.5472054402842532,0.027360144504064175,-1.3025689839528563,-1.2472602329216296,-1.1601852138729227
4781,-0.5863623016607803,-1.5681864291091574,1.1952052836879563,-1.2448467036897353,-0.8023163789626999,1.5855287069457766,0.06167985974605536,-0.5002514262273501,-0.4767660195308704,-0.5650249764939635
4782,-0.5019753356138434,0.8817216424333439,1.1952052836879563,-1.2448467036897353,0.1749223087196192,-0.2046050914713833,0.08664931201190033,-0.4289343099850828,-0.4067210910408021,-0.3949791943856899
4783,-1.0082971318954645,0.8817216424333439,-1.4320155892949833,-0.4172809367614856,0.1051195453137382,-1.0996719906799632,0.05408277107793657,-1.2045079491197386,-1.1597040723090428,-1.1601852138729227
4784,-1.0082971318954645,0.8817216424333439,0.14431693449478036,0.410284830166764,0.5239361257490193,-0.6521385410756733,0.043988737183233276,-1.2045079491197386,-1.2034821526153359,-1.146014732030567
4785,0.4473780324141958,0.06508561858584352,0.14431693449478036,0.8240677136308887,-0.31369703512154284,0.2429283581329067,0.37183233278435956,0.6319077941186418,0.6877309166165253,0.6111250164215991
4786,0.9536998286958168,-0.751550405261657,1.1952052836879563,0.8240677136308887,1.1521609964019384,-1.0996719906799632,0.47287892471975773,1.0152372939208278,1.0379555590668703,1.177944290115846
4787,-0.9028134243367935,0.06508561858584352,0.14431693449478036,0.410284830166764,-0.38349979852741883,0.2429283581329067,0.03963236466025607,-0.9816419608626535,-0.9145468225938014,-0.9759689499222927
4788,0.700538930555006,0.8817216424333439,0.14431693449478036,-0.8310638202256104,0.035316781907857205,-0.2046050914713833,0.277957817563619,0.8726030614362933,0.8278207735966633,0.8520232077416533
4789,-0.8817166828250593,-0.751550405261657,0.6697611090913683,-0.4172809367614856,-3.5944269151979,0.6904618077371967,0.04707007384582691,-0.8122638097872686,-0.7569457334911465,-1.1318442501882104
4790,-0.9661036488719961,0.8817216424333439,-1.4320155892949833,1.2378505970950135,-0.5231053253391809,-0.2046050914713833,0.05025766349678585,-1.0707883561654872,-1.0371254474514224,-1.0893328046611421
4791,-1.1137808394541355,-1.5681864291091574,-1.4320155892949833,0.410284830166764,0.9427527061843003,-0.2046050914713833,0.024969452265844978,-1.4808617745585235,-1.4223725541468013,-1.3585719596659094
4792,0.5106682569493985,-1.5681864291091574,-0.38112724010180754,0.8240677136308887,-0.38349979852741883,-1.0996719906799632,0.3262498007756468,0.7210541894214756,0.7227533808615598,0.6678069437910232
4793,0.5317649984611327,0.8817216424333439,1.1952052836879563,0.410284830166764,0.3145278355313812,-1.5472054402842532,0.37560431387132764,0.7121395498911923,0.7139977648003013,0.752829834845161
4794,-1.0082971318954645,0.8817216424333439,0.6697611090913683,1.6516334805591384,-0.38349979852741883,-0.6521385410756733,0.02911331881209159,-1.1777640305288881,-1.1246816080640083,-1.1743556957152792
4795,1.3123444343952981,0.8817216424333439,0.6697611090913683,0.410284830166764,0.8031471793725382,-0.2046050914713833,0.32242469319449607,1.3183350379504633,1.16928979998575,1.3479900722241203
4796,1.9241499382355902,-1.5681864291091574,-0.38112724010180754,0.8240677136308887,1.2219637598078192,0.6904618077371967,0.52988365297774,1.6570913401012322,1.5632925227423873,1.787275009337161
4797,2.5570521835876163,0.06508561858584352,1.1952052836879563,-0.8310638202256104,-0.6627108521509428,1.5855287069457766,0.6513308186792753,2.14739651426682,2.044851406111612,1.9714912732877912
4798,0.5317649984611327,-0.751550405261657,1.1952052836879563,-0.8310638202256104,1.0125554695901813,-1.5472054402842532,0.22530946182861392,0.6764809917700587,0.6877309166165253,0.8095117622145858
4799,0.23641061729685378,0.8817216424333439,-1.4320155892949833,-1.2448467036897353,0.1051195453137382,-1.0996719906799632,0.2456037826063858,0.40012716633127293,0.4250624347787669,0.4269087524709683
4800,1.7342792646299827,0.8817216424333439,0.6697611090913683,0.8240677136308887,-0.6627108521509428,-0.6521385410756733,0.5924666631249004,1.6303474215103817,1.6420930672937155,1.5322063361747504
4801,-1.050490614918933,-1.5681864291091574,0.14431693449478036,0.410284830166764,0.8729499427784192,-1.0996719906799632,0.027838282951708017,-1.293654344422572,-1.2647714650441464,-1.1885261775576352
4802,-1.155974322477604,-1.5681864291091574,0.14431693449478036,1.6516334805591384,0.8729499427784192,-0.2046050914713833,0.02911331881209159,-1.5610935303310742,-1.4486394023305773,-1.4152538870353342
4803,-0.8395231998015908,0.8817216424333439,1.1952052836879563,0.8240677136308887,0.3145278355313812,-0.6521385410756733,0.04659193539818307,-0.9014102050901031,-0.8707687422875084,-0.8484346133410873
4804,-0.4808785941021094,0.8817216424333439,-1.4320155892949833,0.410284830166764,0.5239361257490193,-0.6521385410756733,0.09844339372044839,-0.38436111233366593,-0.35418739467325,-0.3099563033315528
4805,-0.9661036488719961,-0.751550405261657,1.1952052836879563,0.410284830166764,-2.966202044544981,1.5855287069457766,0.0379323168464113,-0.9548980422718031,-0.9933473671451296,-1.24520810492706
4806,0.7216356720667403,0.8817216424333439,-1.4320155892949833,1.6516334805591384,0.38433059893725724,-1.0996719906799632,0.5686128672368911,0.8726030614362933,0.8278207735966633,0.8945346532687222
4807,-0.2699111789847672,-1.5681864291091574,0.14431693449478036,0.410284830166764,1.0125554695901813,1.1379952573414867,0.11533761887053073,-0.161495124076581,-0.20534192163185352,-0.0690581120114973
4808,-1.0082971318954645,0.8817216424333439,1.1952052836879563,0.410284830166764,-0.17409150830978082,-0.2046050914713833,0.0382510758115072,-1.1777640305288881,-1.1684596883703013,-1.1743556957152792
4809,-0.5652655601490462,-1.5681864291091574,-0.9065714146983955,1.2378505970950135,-0.38349979852741883,-1.0996719906799632,0.17568931626201986,-0.4645928681062164,-0.4154767071020606,-0.46583160359747056
4810,1.5022151080009063,0.8817216424333439,1.7206494582845442,0.8240677136308887,-0.31369703512154284,1.5855287069457766,0.44084364872762044,1.4342253518441472,1.4582251300072844,1.390501517751188
4811,0.4473780324141958,0.8817216424333439,-0.38112724010180754,0.410284830166764,0.6635416525607812,-0.2046050914713833,0.281889178133135,0.6051638755277915,0.5739079078201633,0.6678069437910232
4812,-1.0082971318954645,0.8817216424333439,0.6697611090913683,0.410284830166764,0.8729499427784192,-1.0996719906799632,0.03060086064920576,-1.1955933095894553,-1.2209933847378536,-1.1176737683458546
4813,0.23641061729685378,0.06508561858584352,-1.4320155892949833,0.410284830166764,0.38433059893725724,0.2429283581329067,0.2685544280932901,0.4268710849221234,0.36377312234995707,0.44107923431332485
4814,0.8904096041606141,0.06508561858584352,1.1952052836879563,0.410284830166764,-0.5929080887450618,-0.2046050914713833,0.42857142857142855,1.0776397706328118,1.0116887108830943,0.951216580638147
4815,-1.050490614918933,0.8817216424333439,0.14431693449478036,-1.2448467036897353,0.1051195453137382,-0.6521385410756733,0.025235084736758222,-1.2847397048922888,-1.2297490007991119,-1.231037623084704
4816,-0.14333072991436205,1.6983576662808442,1.1952052836879563,0.410284830166764,-1.1513301959920998,3.3756625053629365,0.12755671253253997,0.1594318990136216,0.06608217626716334,-0.026546666484429042
4817,0.8482161211371456,-1.5681864291091574,-1.4320155892949833,-1.2448467036897353,-0.5231053253391809,0.6904618077371967,0.3561068905062955,1.0508958520419613,0.9591550145155429,0.9228756169534352
4818,-1.0082971318954645,0.06508561858584352,-1.4320155892949833,-1.2448467036897353,-0.10428874490389983,-0.6521385410756733,0.0382510758115072,-1.1777640305288881,-1.1772153044315605,-1.1743556957152792
4819,-0.755136233754654,0.8817216424333439,-1.4320155892949833,-0.8310638202256104,0.1749223087196192,-1.5472054402842532,0.03671040748021038,-0.7409466935450014,-0.6956564210623358,-0.6925593130751695
4820,-0.6285557846842488,-0.751550405261657,0.6697611090913683,0.410284830166764,1.9897941572724953,0.6904618077371967,0.05243584975827445,-0.7409466935450014,-0.6869008050010774,-0.5083430491245388
4821,-0.8184264582898567,0.8817216424333439,-1.4320155892949833,0.410284830166764,0.3145278355313812,-0.6521385410756733,0.05774849917653934,-0.8300930888478358,-0.8620131262262499,-0.8059231678140184
4822,-1.050490614918933,0.06508561858584352,-0.38112724010180754,1.6516334805591384,0.8729499427784192,-0.6521385410756733,0.04122615948573553,-1.293654344422572,-1.3173051614116977,-1.2168671412423475
4823,-1.0293938734071988,-0.751550405261657,1.1952052836879563,1.2378505970950135,-2.617188227515581,2.033062156550067,0.040429262072995804,-1.1688493909986049,-1.1071703759414915,-1.3585719596659094
4824,-0.14333072991436205,0.8817216424333439,0.14431693449478036,1.2378505970950135,0.1051195453137382,-0.6521385410756733,0.17754874355841258,0.08811478277135434,0.022304095960870397,0.07264670641206396
4825,-0.755136233754654,0.06508561858584352,-1.4320155892949833,0.410284830166764,-0.9419219057744619,0.2429283581329067,0.05328587366519683,-0.7676906121358518,-0.704412037123595,-0.8200936496563749
4826,-1.0082971318954645,0.8817216424333439,0.6697611090913683,-0.4172809367614856,-0.6627108521509428,-1.5472054402842532,0.045901290973808635,-1.124276193347188,-1.1334372241252668,-1.1743556957152792
4827,-1.0082971318954645,0.8817216424333439,-1.4320155892949833,1.6516334805591384,-0.9419219057744619,0.6904618077371967,0.04138553896828348,-1.1421054724077544,-1.0896591438189738,-1.1885261775576352
4828,-0.6285557846842488,0.06508561858584352,-0.9065714146983955,-1.2448467036897353,0.4541333623431382,1.1379952573414867,0.07628964564628381,-0.5893978215301837,-0.564322180143457,-0.5225135309668953
4829,-0.7973297167781225,0.8817216424333439,1.1952052836879563,0.410284830166764,-0.10428874490389983,-0.6521385410756733,0.044998140572703606,-0.8122638097872686,-0.791968197736181,-0.8059231678140184
4830,1.0802802777662222,0.8817216424333439,1.1952052836879563,1.6516334805591384,-0.31369703512154284,0.2429283581329067,0.6361897678372205,1.1578715264053623,1.16928979998575,1.1070918809040653
4831,0.6583454475315381,-1.5681864291091574,-0.38112724010180754,-0.8310638202256104,-1.919160593456781,0.6904618077371967,0.2435318493332625,0.9439201776785605,0.9503993984542844,0.681977425633379
4832,-1.0082971318954645,0.06508561858584352,-0.9065714146983955,0.410284830166764,0.1749223087196192,-0.2046050914713833,0.05163895234553472,-1.1688493909986049,-1.185970920492819,-1.146014732030567
4833,-0.8817166828250593,-1.5681864291091574,-1.4320155892949833,0.410284830166764,-1.779555066645019,1.1379952573414867,0.046007543962173936,-0.8924955655598191,-0.8445018941037331,-1.0326508772917173
4834,0.4262812909024616,0.8817216424333439,1.7206494582845442,0.410284830166764,0.1051195453137382,-1.5472054402842532,0.22727514211337194,0.6051638755277915,0.6264416041877154,0.6252954982639549
4835,1.481118366489172,-1.5681864291091574,0.14431693449478036,0.410284830166764,-1.8493578300509,0.6904618077371967,0.8525739786431493,1.532286386677265,1.5282700584973534,1.2346262174852707
4836,-0.7973297167781225,0.06508561858584352,-1.4320155892949833,0.410284830166764,-0.5231053253391809,1.1379952573414867,0.05089518142697763,-0.8122638097872686,-0.7744569656136641,-0.8342641314987308
4837,-0.5863623016607803,0.8817216424333439,1.1952052836879563,1.6516334805591384,-1.360738486209743,-0.2046050914713833,0.10689050629548956,-0.4200196704547996,-0.43298793922457746,-0.5650249764939635
4838,-0.5863623016607803,0.8817216424333439,-0.9065714146983955,-1.2448467036897353,0.4541333623431382,-0.2046050914713833,0.08500239069223822,-0.5269953448182004,-0.4855216355921296,-0.451661121755114
4839,-0.4808785941021094,0.8817216424333439,1.1952052836879563,0.8240677136308887,0.24472507212550018,-0.6521385410756733,0.09833714073208309,-0.38436111233366593,-0.35418739467325,-0.33829726701626517
4840,2.599245666611085,0.06508561858584352,0.6697611090913683,-1.2448467036897353,-1.360738486209743,0.6904618077371967,0.6823566912819423,2.2811161072210693,2.1936968791530083,1.9856617551301483
4841,-1.1348775809658698,0.8817216424333439,-1.4320155892949833,1.6516334805591384,-0.10428874490389983,-0.2046050914713833,0.03171651702704138,-1.4273739373768235,-1.3610832417179914,-1.3869129233506219
4842,0.7638291550902088,0.8817216424333439,-0.38112724010180754,-0.8310638202256104,0.3145278355313812,-0.7863985759569591,0.2794453594007332,0.8458591428454428,0.8803544699642155,0.9087051351110781
4843,0.4262812909024616,-1.5681864291091574,0.6697611090913683,-1.2448467036897353,0.8729499427784192,0.2429283581329067,0.21914678850342667,0.5071028406946738,0.521374211452612,0.6252954982639549
4844,-1.0082971318954645,0.8817216424333439,-0.38112724010180754,1.6516334805591384,0.1749223087196192,-1.0996719906799632,0.03426658874780853,-1.1955933095894553,-1.1509484562477845,-1.146014732030567
4845,0.8904096041606141,-1.5681864291091574,1.1952052836879563,0.8240677136308887,-0.38349979852741883,0.2429283581329067,0.46724751633639694,0.9884933753299773,0.985421862699319,0.9228756169534352
4846,1.0802802777662222,-0.751550405261657,-0.38112724010180754,-1.2448467036897353,-2.686990990921462,2.033062156550067,0.3642883706104234,1.2915911193596128,1.3268908890884048,0.9087051351110781
4847,0.46847477392593007,-1.5681864291091574,0.14431693449478036,-1.2448467036897353,-1.639949539833262,1.1379952573414867,0.28847686341178347,0.6675663522397756,0.7490202290453358,0.4835906798403931
4848,-0.016750280843956692,1.6983576662808442,1.1952052836879563,-1.2448467036897353,2.4784135011136574,8.298530451010127,0.12548477925941667,-0.18823904266743144,-0.5292997158984225,-0.2674448578044839
4849,-1.050490614918933,0.06508561858584352,1.1952052836879563,1.6516334805591384,0.6635416525607812,-0.6521385410756733,0.046645061892365725,-1.2669104258317225,-1.3085495453504394,-1.2168671412423475
4850,-0.8184264582898567,0.06508561858584352,-0.9065714146983955,-1.2448467036897353,-1.5003440130215,0.6904618077371967,0.05392339159538862,-0.785519891196419,-0.8007238137974394,-0.9334575043952245
4851,-0.6074590431725145,0.06508561858584352,-1.4320155892949833,0.410284830166764,-0.31369703512154284,1.1379952573414867,0.09461828613929767,-0.5091660657576332,-0.5468109480209394,-0.5508544946516076
4852,-0.4808785941021094,-1.5681864291091574,-0.9065714146983955,1.2378505970950135,-0.9419219057744619,-0.2046050914713833,0.15645752536790097,-0.3041293565611155,-0.2578756179994049,-0.3808087125433334
4853,-1.0082971318954645,0.8817216424333439,0.14431693449478036,1.2378505970950135,-0.03448598149801883,-1.0996719906799632,0.04606067045635658,-1.2045079491197386,-1.142192840186526,-1.1601852138729227
4854,0.257507358808588,-1.5681864291091574,1.7206494582845442,-0.8310638202256104,-2.128568883674419,1.5855287069457766,0.1530043032460288,0.5427613988158074,0.6089303720651978,0.29937441588976293
4855,-0.14333072991436205,0.8817216424333439,0.6697611090913683,1.2378505970950135,0.1051195453137382,-1.0996719906799632,0.13680072252032088,0.04354158511993751,0.07483779232842254,0.07264670641206396
4856,-0.9239101658485277,-1.5681864291091574,-1.4320155892949833,1.6516334805591384,0.035316781907857205,0.2429283581329067,0.05142644636880412,-1.0529590771049209,-1.0108585992676464,-1.0184803954493615
4857,-0.9661036488719961,-0.751550405261657,0.14431693449478036,-0.4172809367614856,-1.919160593456781,1.5855287069457766,0.04871699516548903,-1.0173005189837871,-0.9670805189613535,-1.1601852138729227
4858,-0.8184264582898567,0.8817216424333439,0.6697611090913683,1.2378505970950135,0.035316781907857205,-1.0996719906799632,0.04584816447962599,-0.8657516469689694,-0.8269906619812155,-0.8342641314987308
4859,-0.8184264582898567,-1.5681864291091574,-0.9065714146983955,-0.8310638202256104,1.4313720500254572,-0.2046050914713833,0.03862296127078574,-0.9103248446203863,-0.8795243583487669,-0.7492412404445943
4860,1.5022151080009063,-1.5681864291091574,-0.38112724010180754,1.6516334805591384,0.9427527061843003,-0.6521385410756733,0.4957764437124794,1.425310712313864,1.353157737272181,1.5180358543323944
4861,-0.1855242129378305,-1.5681864291091574,0.14431693449478036,0.410284830166764,-1.5701467764273809,0.2429283581329067,0.15502311002496946,0.07920014324107114,0.11861587263471549,-0.0832285938538538
4862,-0.9872003903837303,0.06508561858584352,0.6697611090913683,1.6516334805591384,-0.5231053253391809,0.6904618077371967,0.03947298517770812,-1.1510201119380377,-1.1597040723090428,-1.1885261775576352
4863,2.409374993005477,-1.5681864291091574,0.6697611090913683,-0.8310638202256104,0.9427527061843003,0.6904618077371967,0.4964139616426712,2.031506200373135,1.8872503170089563,2.0990256098689968
4864,-0.1644274714260963,0.8817216424333439,0.14431693449478036,-0.8310638202256104,0.1749223087196192,-1.0996719906799632,0.11815332306221113,0.0167976665290871,0.04857094414464647,0.058476224569708087
4865,-0.1855242129378305,-1.5681864291091574,0.14431693449478036,-1.2448467036897353,0.4541333623431382,0.6904618077371967,0.1375976199330606,-0.08126336830403057,-0.03022960040668098,0.0017942972002833347
4866,-0.7129427507311856,0.8817216424333439,0.6697611090913683,-0.4172809367614856,0.3145278355313812,-1.0996719906799632,0.06332678106571747,-0.7052881354238678,-0.6693895728785606,-0.6500478675481006
4867,-1.0715873564306673,0.8817216424333439,-0.38112724010180754,-0.4172809367614856,0.3145278355313812,-1.0996719906799632,0.03224778196886787,-1.3203982630134226,-1.273527081105405,-1.2593785867694165
4868,-0.12223398840262782,0.8817216424333439,1.1952052836879563,-1.2448467036897353,-0.31369703512154284,-1.0996719906799632,0.15151676140891462,0.10594406183192076,0.10986025657345705,0.07264670641206396
4869,0.4473780324141958,0.06508561858584352,0.14431693449478036,1.6516334805591384,-0.9419219057744619,0.6904618077371967,0.4904106678000319,0.6764809917700587,0.6264416041877154,0.5261021253674619
4870,-0.8184264582898567,0.8817216424333439,0.14431693449478036,1.6516334805591384,-0.03448598149801883,-0.6521385410756733,0.05923604101365351,-0.8479223679084023,-0.8094794298586986,-0.8200936496563749
4871,-0.9239101658485277,0.8817216424333439,1.7206494582845442,-1.2448467036897353,-0.10428874490389983,-0.6521385410756733,0.03171651702704138,-0.99947123992322,-1.0108585992676464,-1.004309913607005
4872,-0.1644274714260963,0.8817216424333439,0.14431693449478036,0.410284830166764,-0.31369703512154284,-0.6521385410756733,0.16740158316952664,0.04354158511993751,0.0573265602059049,0.015964779042639207
4873,0.5528617399728669,0.8817216424333439,-0.38112724010180754,-0.8310638202256104,0.7333444159666572,-0.2046050914713833,0.2338628273920204,0.7032249103609084,0.7227533808615598,0.8095117622145858
4874,0.48957151543766425,0.06508561858584352,-1.4320155892949833,-0.8310638202256104,-0.24389427171566183,0.2429283581329067,0.22993146682250437,0.6764809917700587,0.6264416041877154,0.6111250164215991
4875,-1.1348775809658698,-1.5681864291091574,-1.4320155892949833,1.6516334805591384,1.7803858670548574,-0.2046050914713833,0.02906019231790894,-1.5521788908007907,-1.4924174826368704,-1.3585719596659094
4876,0.6372487060198039,0.06508561858584352,-0.9065714146983955,-1.2448467036897353,-0.9419219057744619,0.6904618077371967,0.27445146894756417,0.8280298637848764,0.8365763896579225,0.6961479074757362
4877,1.7342792646299827,0.06508561858584352,0.6697611090913683,0.8240677136308887,-0.03448598149801883,0.6904618077371967,0.5504967327206077,1.6214327819800984,1.5195144424360942,1.5463768180171062
4878,-1.0082971318954645,-1.5681864291091574,-0.38112724010180754,-0.8310638202256104,-0.9419219057744619,0.6904618077371967,0.02087871221378101,-1.1955933095894553,-1.1509484562477845,-1.24520810492706
4879,0.8904096041606141,0.06508561858584352,-0.38112724010180754,0.410284830166764,0.4541333623431382,0.2429283581329067,0.3683791106624874,0.9884933753299773,0.9241325502705084,1.0078985080075717
4880,0.5950552229963354,0.06508561858584352,1.1952052836879563,0.410284830166764,-1.1513301959920998,0.6904618077371967,0.3470222600010625,0.86368842190601,0.7927983093516288,0.6678069437910232
4881,0.6161519645080696,0.8817216424333439,1.1952052836879563,0.8240677136308887,0.24472507212550018,-1.0549186457195336,0.39775806194549224,0.7477981080123259,0.7840426932903704,0.7953412803722286
4882,-0.1011372468908936,0.06508561858584352,-0.38112724010180754,0.410284830166764,-0.6627108521509428,-0.2046050914713833,0.13196621154969984,0.15051725948333838,0.11861587263471549,0.058476224569708087
4883,-0.20662095444956474,0.06508561858584352,-1.4320155892949833,0.410284830166764,-0.5231053253391809,0.6904618077371967,0.1699516548902938,0.007883026998803893,-0.03022960040668098,-0.0690581120114973
4884,-0.8395231998015908,0.8817216424333439,-1.4320155892949833,1.6516334805591384,0.035316781907857205,-1.0996719906799632,0.06152048026350741,-0.8835809260295359,-0.8357462780424739,-0.8484346133410873
4885,-0.8606199413133251,-1.5681864291091574,-0.38112724010180754,-0.8310638202256104,-0.9419219057744619,1.1379952573414867,0.031238378579397545,-0.8835809260295359,-0.818235045919957,-0.9334575043952245
4886,-0.5863623016607803,-1.5681864291091574,0.6697611090913683,-1.2448467036897353,0.5239361257490193,0.6904618077371967,0.05195771131063061,-0.5983124610604676,-0.5380553319596809,-0.5083430491245388
4887,-0.6285557846842488,-1.5681864291091574,-0.38112724010180754,-0.4172809367614856,-0.5231053253391809,1.1379952573414867,0.09557456303458535,-0.5804831819999005,-0.5380553319596809,-0.6075364220210324
4888,0.02544320217951176,0.06508561858584352,0.6697611090913683,-1.2448467036897353,0.035316781907857205,0.2429283581329067,0.12288158104446688,0.21291973619532162,0.15363833687975,0.20018104299326997
4889,-0.6285557846842488,0.06508561858584352,1.1952052836879563,0.8240677136308887,-0.5929080887450618,0.2429283581329067,0.09275885884290495,-0.4467635890456492,-0.564322180143457,-0.5650249764939635
4890,-1.0082971318954645,0.8817216424333439,0.6697611090913683,1.2378505970950135,0.1749223087196192,-0.9654119557986776,0.029378951283004835,-1.1955933095894553,-1.1509484562477845,-1.146014732030567
4891,-0.8184264582898567,0.8817216424333439,0.14431693449478036,1.2378505970950135,0.38433059893725724,-1.0996719906799632,0.07203952611167189,-0.8390077283781191,-0.8707687422875084,-0.8059231678140184
4892,-0.8184264582898567,-1.5681864291091574,-1.4320155892949833,0.410284830166764,0.5239361257490193,-0.6521385410756733,0.05100143441534293,-0.8746662864992527,-0.8269906619812155,-0.7917526859716626
4893,0.4262812909024616,0.8817216424333439,-1.4320155892949833,-0.8310638202256104,0.035316781907857205,-0.2046050914713833,0.2565478404080115,0.6229931545883579,0.5739079078201633,0.5969545345792426
4894,1.0802802777662222,-1.5681864291091574,0.6697611090913683,-0.8310638202256104,-0.6627108521509428,-0.2046050914713833,0.2965520905275461,1.1846154449962119,1.213067880292043,1.0929213990617082
4895,0.257507358808588,0.8817216424333439,-0.9065714146983955,-0.8310638202256104,0.1051195453137382,-1.0996719906799632,0.26834192211655955,0.4536150035129738,0.4688405150850598,0.4694201979980372
4896,-0.20662095444956474,1.6983576662808442,0.14431693449478036,-0.8310638202256104,-2.477582700703819,3.8231959549672268,0.10200286883068586,0.03462694558965351,0.0047928638383535295,-0.2674448578044839
4897,0.08873342671471421,-1.5681864291091574,1.1952052836879563,-0.8310638202256104,0.8031471793725382,-1.0996719906799632,0.1372788609679647,0.23074901525588884,0.33750627416618095,0.3702268251015436
4898,-0.7973297167781225,0.8817216424333439,1.1952052836879563,-1.2448467036897353,0.3145278355313812,-1.9947388898885432,0.04127928597991819,-0.785519891196419,-0.7657013495524049,-0.7350707586022378
4899,-0.7973297167781225,0.8817216424333439,0.14431693449478036,1.2378505970950135,-0.31369703512154284,-0.6521385410756733,0.0737927004196993,-0.8033491702569854,-0.8007238137974394,-0.8200936496563749
4900,-0.1855242129378305,-1.5681864291091574,1.1952052836879563,-0.8310638202256104,1.0125554695901813,0.6904618077371967,0.1119375232428412,-0.11692192642516418,-0.08276329677423314,0.015964779042639207
4901,-1.0293938734071988,0.8817216424333439,1.1952052836879563,-0.4172809367614856,0.6635416525607812,-0.2046050914713833,0.04908888062476757,-1.2669104258317225,-1.2209933847378536,-1.1743556957152792
4902,0.9536998286958168,0.06508561858584352,1.7206494582845442,-0.8310638202256104,0.38433059893725724,0.6904618077371967,0.23428783934548159,1.0063226543905446,0.9503993984542844,1.0220689898499276
4903,0.9747965702075511,0.8817216424333439,1.1952052836879563,1.6516334805591384,-0.7325136155568189,-0.6521385410756733,0.550762365191521,1.1578715264053623,1.1517785678632324,1.0362394716922834
4904,-0.9450069073602619,0.06508561858584352,-1.4320155892949833,0.410284830166764,-0.10428874490389983,0.2429283581329067,0.0407480210380917,-1.079702995695771,-1.019614215328905,-1.0468213591340738
4905,2.7680195987049587,0.06508561858584352,1.1952052836879563,-0.8310638202256104,-0.24389427171566183,2.033062156550067,0.6943101524730383,2.2454575490999367,2.167430030969233,2.1415370553960655
4906,0.4473780324141958,1.6983576662808442,-0.38112724010180754,-0.8310638202256104,1.9199913938666193,-1.5472054402842532,0.168251607076449,0.4714442825735402,0.36377312234995707,0.6536364619486673
4907,0.6583454475315381,0.8817216424333439,1.1952052836879563,0.8240677136308887,-0.17409150830978082,0.2429283581329067,0.4058332890612548,0.86368842190601,0.8103095414741465,0.8095117622145858
4908,-0.9450069073602619,0.8817216424333439,0.14431693449478036,-1.2448467036897353,-0.4533025619332999,-0.6521385410756733,0.03756043138713276,-1.0440444375746376,-1.0108585992676464,-1.0609918409764298
4909,-0.1644274714260963,-1.5681864291091574,-1.4320155892949833,1.6516334805591384,-0.8721191423685809,-1.0996719906799632,0.20177442490570047,0.07920014324107114,0.10110464051219785,-0.012376184642073167
4910,-0.5019753356138434,0.8817216424333439,-0.38112724010180754,1.6516334805591384,-0.5929080887450618,-0.2046050914713833,0.09637146044732509,-0.3130439960913987,-0.35418739467325,-0.3949791943856899
4911,-1.0082971318954645,-1.5681864291091574,0.6697611090913683,0.410284830166764,0.8031471793725382,-0.2046050914713833,0.02385379588800935,-1.2134225886500216,-1.1684596883703013,-1.1035032865034986
4912,0.6161519645080696,0.8817216424333439,-0.38112724010180754,-1.2448467036897353,0.24472507212550018,-1.0996719906799632,0.2856080327259204,0.7745420266031756,0.7927983093516288,0.8095117622145858
4913,-0.9450069073602619,-0.751550405261657,0.14431693449478036,-0.8310638202256104,1.4313720500254572,-0.6521385410756733,0.02443818732401849,-1.1421054724077544,-1.0984147598802323,-0.9759689499222927
4914,-1.050490614918933,0.8817216424333439,1.1952052836879563,0.8240677136308887,-0.24389427171566183,-1.0996719906799632,0.0357541305849227,-1.2045079491197386,-1.2385046168603704,-1.231037623084704
4915,-0.20662095444956474,0.8817216424333439,0.6697611090913683,0.8240677136308887,-0.17409150830978082,-0.6521385410756733,0.15534186899006536,-0.018860891592046524,0.013548479899611962,-0.026546666484429042
4916,1.5655053325361088,0.06508561858584352,0.6697611090913683,-0.8310638202256104,-1.639949539833262,1.5855287069457766,0.41050842054932796,1.6303474215103817,1.537025674558612,1.3196491085394073
4917,-0.9661036488719961,0.8817216424333439,1.1952052836879563,0.410284830166764,0.6635416525607812,-1.0996719906799632,0.031663390532858736,-1.115361553816904,-1.0896591438189738,-1.0326508772917173
4918,-0.438685111078641,0.8817216424333439,1.7206494582845442,0.8240677136308887,-2.128568883674419,-0.6521385410756733,0.07065823726292302,-0.18823904266743144,-0.2228531537543704,-0.43749063991275816
4919,0.21531387578511957,0.06508561858584352,-0.38112724010180754,0.410284830166764,0.035316781907857205,0.2429283581329067,0.22074058332890611,0.3466393291495729,0.3812843544724739,0.3702268251015436
4920,0.5950552229963354,0.8817216424333439,-0.9065714146983955,-1.2448467036897353,0.035316781907857205,-0.6521385410756733,0.32290283164213995,0.7923713056637428,0.8365763896579225,0.8095117622145858
4921,-0.9239101658485277,-1.5681864291091574,1.1952052836879563,-1.2448467036897353,0.1749223087196192,0.6904618077371967,0.028528927376082452,-1.0707883561654872,-1.0283698313901641,-1.0184803954493615
4922,0.46847477392593007,1.6983576662808442,0.6697611090913683,-0.8310638202256104,1.9199913938666193,-0.6521385410756733,0.16384210805928917,0.4892735616341074,0.45132928296254293,0.7103183893180921
4923,-1.050490614918933,0.8817216424333439,-0.9065714146983955,-1.2448467036897353,-0.03448598149801883,-0.2046050914713833,0.027838282951708017,-1.293654344422572,-1.2472602329216296,-1.2593785867694165
4924,-0.8395231998015908,0.8817216424333439,-1.4320155892949833,1.6516334805591384,-0.10428874490389983,-0.6521385410756733,0.05610157785687722,-0.8479223679084023,-0.8795243583487669,-0.8626050951834432
4925,1.5022151080009063,0.06508561858584352,-1.4320155892949833,-1.2448467036897353,-0.8023163789626999,0.6904618077371967,0.6767252828985815,1.532286386677265,1.466980746068543,1.362160554066476
4926,-1.1348775809658698,-0.751550405261657,0.14431693449478036,0.8240677136308887,-2.617188227515581,0.2429283581329067,0.024066301864739945,-1.3649714606648393,-1.299793929289181,-1.5427882236165396
4927,-0.8395231998015908,0.8817216424333439,0.14431693449478036,-0.8310638202256104,0.1051195453137382,-0.2046050914713833,0.0357541305849227,-0.9103248446203863,-0.8795243583487669,-0.8767755770257997
4928,-1.0293938734071988,0.8817216424333439,-0.38112724010180754,1.6516334805591384,-0.17409150830978082,-0.6521385410756733,0.033204058864155554,-1.2312518677105888,-1.1947265365540773,-1.2168671412423475
4929,-0.8395231998015908,0.8817216424333439,-1.4320155892949833,0.410284830166764,0.4541333623431382,-1.0996719906799632,0.05179833182808267,-0.8835809260295359,-0.8970355904712844,-0.8342641314987308
4930,-0.37539488654343833,-1.5681864291091574,-0.9065714146983955,0.410284830166764,-1.919160593456781,0.6904618077371967,0.10742177123731605,-0.1258365659554474,-0.06525206465171549,-0.3099563033315528
4931,-0.1855242129378305,0.8817216424333439,-0.9065714146983955,0.410284830166764,-0.38349979852741883,-0.2046050914713833,0.17643308718057696,-0.0010316125314793153,0.031059712022128826,-0.026546666484429042
4932,-1.0293938734071988,-0.751550405261657,0.14431693449478036,0.410284830166764,-2.477582700703819,0.2429283581329067,0.03384157679434734,-1.1331908328774714,-1.072147911696457,-1.316060514138841
4933,-1.0293938734071988,0.8817216424333439,-0.38112724010180754,-1.2448467036897353,0.1749223087196192,-1.591958785244683,0.026085108643680605,-1.2312518677105888,-1.1772153044315605,-1.1885261775576352
4934,-0.9239101658485277,0.8817216424333439,-1.4320155892949833,0.410284830166764,0.24472507212550018,-1.0996719906799632,0.05381713860702332,-1.0262151585140704,-1.045881063512681,-1.004309913607005
4935,0.4262812909024616,0.06508561858584352,1.1952052836879563,0.410284830166764,0.8031471793725382,-0.6521385410756733,0.3298624023800669,0.6140785150580746,0.5301298275138704,0.6678069437910232
4936,-0.41758836956690676,0.8817216424333439,1.1952052836879563,0.8240677136308887,-0.38349979852741883,-0.6521385410756733,0.11406258301014716,-0.2684707984399819,-0.23160876981562958,-0.2957858214891963
4937,0.9958933117192852,0.8817216424333439,1.7206494582845442,-0.8310638202256104,-0.38349979852741883,-0.6521385410756733,0.26674812729108005,1.1222129682842286,1.0642224072506465,1.0362394716922834
4938,0.4473780324141958,-1.5681864291091574,-1.4320155892949833,-0.8310638202256104,1.1521609964019384,0.2429283581329067,0.20193380438824843,0.6229931545883579,0.5301298275138704,0.7244888711604479
4939,0.4473780324141958,0.8817216424333439,0.14431693449478036,0.8240677136308887,0.1749223087196192,-0.2046050914713833,0.39658927907347397,0.5873345964672243,0.6264416041877154,0.6252954982639549
4940,0.6583454475315381,0.06508561858584352,-0.9065714146983955,-0.0034980532973608127,0.1051195453137382,0.2429283581329067,0.19417733623758168,0.8280298637848764,0.7840426932903704,0.8095117622145858
4941,0.8693128626488799,0.8817216424333439,-0.9065714146983955,0.8240677136308887,-0.5231053253391809,-0.2046050914713833,0.5490623173776763,1.0241519334511109,0.9766662466380598,0.9228756169534352
4942,-1.1981678055010725,-1.5681864291091574,-1.4320155892949833,1.2378505970950135,0.4541333623431382,-1.5472054402842532,0.0309727461084843,-1.5878374489219242,-1.5361955629431636,-1.5144472599318273
4943,-0.1855242129378305,0.8817216424333439,-1.4320155892949833,0.8240677136308887,-1.430541249615619,-0.2046050914713833,0.17382988896562715,0.09702942230163755,0.10986025657345705,-0.0690581120114973
4944,0.5106682569493985,0.06508561858584352,-0.38112724010180754,-1.2448467036897353,-1.5701467764273809,0.2429283581329067,0.2597885565531531,0.7567127475426092,0.8190651575354049,0.5686135708945302
4945,0.9326030871840826,-1.5681864291091574,-0.38112724010180754,1.6516334805591384,-0.31369703512154284,-1.0996719906799632,0.4482813579131913,1.0776397706328118,1.0729780233119048,1.0220689898499276
4946,-0.9872003903837303,0.06508561858584352,1.1952052836879563,0.410284830166764,0.1051195453137382,0.6904618077371967,0.03947298517770812,-1.1331908328774714,-1.1684596883703013,-1.1318442501882104
4947,-0.3542981450317041,0.8817216424333439,-1.4320155892949833,0.8240677136308887,0.1051195453137382,-1.0996719906799632,0.1362694575784944,-0.24172687984913147,-0.20534192163185352,-0.1965924485927033
4948,-0.8184264582898567,0.8817216424333439,-0.9065714146983955,-1.2448467036897353,0.8729499427784192,-0.6521385410756733,0.04887637464803698,-0.8300930888478358,-0.8620131262262499,-0.7492412404445943
4949,-0.8395231998015908,0.8817216424333439,1.7206494582845442,0.8240677136308887,0.5937388891549003,-1.0996719906799632,0.0430324602879456,-0.8746662864992527,-0.8970355904712844,-0.8200936496563749
4950,-0.3121046620082356,-0.751550405261657,0.14431693449478036,0.8240677136308887,-0.03448598149801883,1.2722552922227723,0.1278223450034532,-0.17932440313714743,-0.14405260920304294,-0.1682514849079909
4951,1.5655053325361088,0.8817216424333439,1.7206494582845442,0.410284830166764,0.6635416525607812,-0.6521385410756733,0.4504595441746799,1.4163960727835807,1.4232026657622499,1.5038653724900373
4952,-0.1011372468908936,-1.5681864291091574,-1.4320155892949833,1.6516334805591384,0.7333444159666572,-0.2046050914713833,0.21277160920150878,0.007883026998803893,0.03981532808338804,0.11515815193913284
4953,-1.050490614918933,0.8817216424333439,1.1952052836879563,-0.4172809367614856,0.1749223087196192,-0.6521385410756733,0.05078892843861234,-1.2669104258317225,-1.256015848982888,-1.231037623084704
4954,-0.08004050537915937,0.8817216424333439,1.1952052836879563,0.8240677136308887,-0.31369703512154284,-1.5472054402842532,0.19380545077830313,0.13268798042277116,0.17990518506352607,0.11515815193913284
4955,-0.20662095444956474,0.06508561858584352,0.6697611090913683,0.410284830166764,0.8729499427784192,1.1379952573414867,0.10444668756308771,-0.09909264736459697,-0.12654137708052607,-0.012376184642073167
4956,0.9115063456723483,0.06508561858584352,0.6697611090913683,0.410284830166764,-0.03448598149801883,0.2429283581329067,0.29867715029485203,1.0152372939208278,0.9766662466380598,0.97955754432286
4957,-0.5441688186373119,-1.5681864291091574,-1.4320155892949833,0.410284830166764,-0.17409150830978082,0.6904618077371967,0.09169632895925198,-0.4645928681062164,-0.44174355528583586,-0.46583160359747056
4958,-0.8395231998015908,0.8817216424333439,1.1952052836879563,1.2378505970950135,-0.17409150830978082,0.6904618077371967,0.05583594538596398,-0.9103248446203863,-0.8620131262262499,-0.8909460588681556
4959,-0.41758836956690676,0.8817216424333439,-1.4320155892949833,-1.2448467036897353,-0.8023163789626999,-0.2046050914713833,0.08569303511661265,-0.2684707984399819,-0.23160876981562958,-0.33829726701626517
4960,0.5950552229963354,0.8817216424333439,1.1952052836879563,-0.8310638202256104,-0.31369703512154284,-0.2046050914713833,0.2686606810816554,0.7299688289517587,0.7927983093516288,0.7103183893180921
4961,0.9326030871840826,0.8817216424333439,0.14431693449478036,0.410284830166764,0.3145278355313812,-0.6521385410756733,0.44084364872762044,1.0776397706328118,1.0029330948218358,1.0787509172193523
4962,-1.155974322477604,0.8817216424333439,1.1952052836879563,0.8240677136308887,0.5239361257490193,-1.0996719906799632,0.024119428358922595,-1.5432642512705075,-1.5011730986981295,-1.4577653325624031
4963,-0.9028134243367935,-1.5681864291091574,-0.38112724010180754,1.2378505970950135,0.1051195453137382,-1.0996719906799632,0.04111990649737024,-1.0083858794535039,-0.9408136707775774,-0.9617984680799367
4964,-0.6074590431725145,-1.5681864291091574,-1.4320155892949833,-1.2448467036897353,-1.639949539833262,-0.2046050914713833,0.06821441853052117,-0.4735075076364996,-0.43298793922457746,-0.6217069038633883
4965,-1.0293938734071988,0.06508561858584352,1.1952052836879563,0.410284830166764,-0.38349979852741883,0.6904618077371967,0.025022578760027624,-1.2223372281803049,-1.1684596883703013,-1.2168671412423475
4966,1.7342792646299827,-1.5681864291091574,1.7206494582845442,-0.8310638202256104,-0.10428874490389983,1.1379952573414867,0.37571056685969295,1.5946888633892482,1.6683599154774906,1.603058745386531
4967,1.059183536254488,0.06508561858584352,1.7206494582845442,0.410284830166764,-0.17409150830978082,0.2429283581329067,0.31615576688094355,1.1757008054659286,1.1080004875569394,1.1070918809040653
4968,2.0085369042825274,-1.5681864291091574,1.1952052836879563,0.410284830166764,0.7333444159666572,0.6904618077371967,0.8539021409977156,1.6036035029195321,1.6508486833549738,1.7305930819677364
4969,-0.8606199413133251,0.8817216424333439,-1.4320155892949833,-0.8310638202256104,-0.5231053253391809,-1.0996719906799632,0.03261966742814642,-0.8835809260295359,-0.8445018941037331,-0.9051165407105121
4970,0.38408780787899316,1.6983576662808442,0.14431693449478036,-1.2448467036897353,0.035316781907857205,3.8231959549672268,0.19242416192955428,0.578419956936941,0.4688405150850598,0.5261021253674619
4971,0.48957151543766425,0.8817216424333439,1.7206494582845442,-1.2448467036897353,0.5937388891549003,-0.2046050914713833,0.20836211018434894,0.6408224336489251,0.6089303720651978,0.6961479074757362
4972,-1.155974322477604,0.8817216424333439,-1.4320155892949833,1.6516334805591384,-0.10428874490389983,-0.2046050914713833,0.039313605695160174,-1.454117855967674,-1.4486394023305773,-1.4435948507200465
4973,0.6583454475315381,0.06508561858584352,0.6697611090913683,0.410284830166764,-2.407779937297943,1.1379952573414867,0.2520320884024863,0.9884933753299773,0.9153769342092499,0.6111250164215991
4974,-0.20662095444956474,-0.751550405261657,0.14431693449478036,-1.2448467036897353,1.2219637598078192,0.6904618077371967,0.10561547043510598,-0.1347512054857306,-0.08276329677423314,0.03013526088499571
4975,-0.9872003903837303,0.06508561858584352,0.14431693449478036,0.410284830166764,-1.221132959397981,1.1379952573414867,0.03065398714338841,-1.1421054724077544,-1.0896591438189738,-1.2168671412423475
4976,0.23641061729685378,-1.5681864291091574,1.7206494582845442,0.410284830166764,-0.10428874490389983,0.6904618077371967,0.17478616586091483,0.3555539686798561,0.45132928296254293,0.38439730694390006
4977,-0.7973297167781225,-0.751550405261657,0.14431693449478036,-1.2448467036897353,1.2917665232137003,-0.2046050914713833,0.0383573287998725,-0.9192394841506695,-0.8532575101649915,-0.7492412404445943
4978,0.4262812909024616,0.06508561858584352,-0.9065714146983955,1.6516334805591384,-2.407779937297943,1.5855287069457766,0.4926951070498858,0.7299688289517587,0.6527084523714916,0.3702268251015436
4979,-0.6285557846842488,0.8817216424333439,-1.4320155892949833,0.410284830166764,0.24472507212550018,-1.0996719906799632,0.08255857195983637,-0.5537392634090501,-0.5292997158984225,-0.5083430491245388
4980,-0.8184264582898567,0.06508561858584352,1.1952052836879563,0.410284830166764,0.8031471793725382,0.6904618077371967,0.05636721032779047,-0.8746662864992527,-0.9057912065325429,-0.8059231678140184
4981,0.4473780324141958,-1.5681864291091574,1.1952052836879563,-1.2448467036897353,0.4541333623431382,1.1379952573414867,0.2500664081177283,0.5427613988158074,0.5739079078201633,0.6111250164215991
4982,-1.0082971318954645,0.8817216424333439,-1.4320155892949833,1.6516334805591384,-0.5929080887450618,-1.0996719906799632,0.04446687563087712,-1.1777640305288881,-1.142192840186526,-1.2026966593999917
4983,-0.8395231998015908,-1.5681864291091574,-1.4320155892949833,-1.2448467036897353,0.1749223087196192,-1.0996719906799632,0.03915422621261223,-0.9370687632112367,-0.8707687422875084,-0.8767755770257997
4984,-0.14333072991436205,0.06508561858584352,0.14431693449478036,-1.2448467036897353,0.3145278355313812,-0.6521385410756733,0.14492907613026618,0.05245622465022072,-0.003962752222904903,0.058476224569708087
4985,-1.050490614918933,-0.751550405261657,-0.9065714146983955,-1.2448467036897353,0.9427527061843003,-1.0996719906799632,0.029325824788822185,-1.293654344422572,-1.2472602329216296,-1.1743556957152792
4986,0.9326030871840826,-1.5681864291091574,1.1952052836879563,-0.8310638202256104,1.0823582329960573,-0.2046050914713833,0.23705041704297933,0.9974080148602605,0.9241325502705084,1.1070918809040653
4987,3.8650501573151375,0.8817216424333439,1.7206494582845442,-0.8310638202256104,0.24472507212550018,-0.2046050914713833,0.8985815226053233,2.7625066418563735,2.7540563070735606,2.779208738302094
4988,-0.8817166828250593,0.8817216424333439,1.1952052836879563,-1.2448467036897353,-0.38349979852741883,0.2429283581329067,0.03655102799766243,-0.9727273213323704,-0.932058054716319,-0.9759689499222927
4989,-1.050490614918933,0.8817216424333439,1.7206494582845442,1.6516334805591384,0.1749223087196192,-1.5472054402842532,0.02194124209743399,-1.2758250653620058,-1.2209933847378536,-1.2168671412423475
4990,-0.9239101658485277,0.8817216424333439,-0.9065714146983955,1.6516334805591384,-0.7325136155568189,-0.6521385410756733,0.05158582585135207,-1.0173005189837871,-0.9670805189613535,-1.0468213591340738
4991,-0.6074590431725145,-1.5681864291091574,-0.38112724010180754,-1.2448467036897353,1.1521609964019384,-0.2046050914713833,0.06518620836211018,-0.5715685424696173,-0.5905890283272331,-0.451661121755114
4992,1.0169900532310194,-1.5681864291091574,-0.38112724010180754,0.8240677136308887,-0.38349979852741883,-1.0996719906799632,0.4592785422089996,1.1132983287539453,1.1430229518019739,1.0645804353769965
4993,-0.20662095444956474,0.8817216424333439,1.1952052836879563,0.8240677136308887,-0.8023163789626999,-0.2046050914713833,0.133453753386814,-0.02777553112232973,0.013548479899611962,-0.09739907569620966
4994,0.8482161211371456,-1.5681864291091574,-0.38112724010180754,-0.8310638202256104,1.2219637598078192,-0.2046050914713833,0.27737342612760985,0.8369445033151597,0.8540876217804394,1.0078985080075717
4995,-0.9239101658485277,0.8817216424333439,0.14431693449478036,-0.4172809367614856,0.3145278355313812,-1.0996719906799632,0.0645486904319184,-0.9905566003929368,-1.019614215328905,-0.9617984680799367
4996,-0.3964916280551725,-0.751550405261657,1.1952052836879563,0.410284830166764,-1.2909357228038618,1.5855287069457766,0.08861499229665834,-0.22389760078856427,-0.11778576101926763,-0.3099563033315528
4997,-1.0293938734071988,0.06508561858584352,1.1952052836879563,0.8240677136308887,-0.38349979852741883,1.1379952573414867,0.042607448334484405,-1.2490811467711553,-1.256015848982888,-1.2735490686117723
4998,1.5444085910243748,-1.5681864291091574,-0.38112724010180754,0.410284830166764,0.3145278355313812,0.2429283581329067,0.5938479519736493,1.3985667937230135,1.4056914336397324,1.4330129632782567
4999,-0.8606199413133251,0.8817216424333439,0.14431693449478036,-0.4172809367614856,-0.5231053253391809,-0.6521385410756733,0.07315518248950752,-0.9014102050901031,-0.8620131262262499,-0.9192870225528679
5000,-0.8184264582898567,0.8817216424333439,-1.4320155892949833,0.8240677136308887,-0.24389427171566183,-0.2046050914713833,0.061254847792594165,-0.8122638097872686,-0.8269906619812155,-0.8342641314987308
5001,0.8482161211371456,0.8817216424333439,0.6697611090913683,0.410284830166764,0.24472507212550018,-0.2046050914713833,0.3141900865961855,0.9350055381482772,0.8540876217804394,0.9228756169534352
5002,-0.8184264582898567,0.06508561858584352,-1.4320155892949833,-0.8310638202256104,-0.31369703512154284,0.6904618077371967,0.03628539552674919,-0.8300930888478358,-0.7744569656136641,-0.8200936496563749
5003,0.7216356720667403,0.06508561858584352,0.14431693449478036,-0.8310638202256104,0.7333444159666572,0.2429283581329067,0.23370344790947245,0.7834566661334595,0.7227533808615598,0.8520232077416533
5004,-0.5441688186373119,0.06508561858584352,-0.9065714146983955,-1.2448467036897353,-1.221132959397981,0.2429283581329067,0.0885618658024757,-0.38436111233366593,-0.4154767071020606,-0.5225135309668953
5005,-1.050490614918933,0.8817216424333439,-1.4320155892949833,0.410284830166764,-0.17409150830978082,-1.0996719906799632,0.0357541305849227,-1.2758250653620058,-1.2209933847378536,-1.24520810492706
5006,1.059183536254488,0.06508561858584352,0.14431693449478036,1.2378505970950135,-1.7097523032391428,0.6904618077371967,0.7541837114168836,1.2291886426476295,1.1780454160470084,0.9653870624805029
5007,-0.7340394922429198,-1.5681864291091574,0.14431693449478036,-0.8310638202256104,-0.17409150830978082,1.5855287069457766,0.03872921425915104,-0.7409466935450014,-0.6869008050010774,-0.7209002767598819
5008,0.21531387578511957,1.6983576662808442,-1.4320155892949833,-1.2448467036897353,2.618019027925419,0.6904618077371967,0.18636774159273228,0.2931514919678721,0.2587057296148535,0.5969545345792426
5009,0.8693128626488799,0.06508561858584352,1.7206494582845442,0.410284830166764,0.4541333623431382,0.2429283581329067,0.22674387717154545,0.9795787357996941,0.9241325502705084,1.0078985080075717
5010,0.4473780324141958,-0.751550405261657,-1.4320155892949833,-0.8310638202256104,1.5011748134313383,0.2429283581329067,0.18838654837167296,0.5160174802249571,0.5563966756976465,0.7244888711604479
5011,0.46847477392593007,-1.5681864291091574,-1.4320155892949833,-1.2448467036897353,1.0125554695901813,1.1379952573414867,0.28985815226053235,0.5338467592855243,0.6001747560039394,0.6961479074757362
5012,-0.6285557846842488,-1.5681864291091574,1.7206494582845442,0.8240677136308887,-0.24389427171566183,0.15342166821204742,0.05493279498485895,-0.5715685424696173,-0.5205440998371641,-0.5508544946516076
5013,3.379825102545251,0.8817216424333439,-0.38112724010180754,-0.8310638202256104,0.1749223087196192,-1.0996719906799632,0.9761462041119906,2.5307260140690055,2.508899057358318,2.524140065139683
5014,-0.8395231998015908,-1.5681864291091574,-0.38112724010180754,0.8240677136308887,0.035316781907857205,-1.9947388898885432,0.040907400520639646,-0.8657516469689694,-0.8357462780424739,-0.8342641314987308
5015,-0.5863623016607803,-1.5681864291091574,1.1952052836879563,0.410284830166764,0.4541333623431382,1.1379952573414867,0.07559900122190936,-0.5269953448182004,-0.4855216355921296,-0.451661121755114
5016,0.6794421890432724,-1.5681864291091574,0.6697611090913683,0.410284830166764,0.8031471793725382,-0.696891886036103,0.278860967964724,0.7656273870728924,0.7752870772291119,0.8803641714263664
5017,-0.41758836956690676,0.06508561858584352,-1.4320155892949833,1.6516334805591384,0.4541333623431382,1.5855287069457766,0.1271317005790788,-0.33087327515196513,-0.37169862679576765,-0.2957858214891963
5018,-0.9450069073602619,0.8817216424333439,-1.4320155892949833,0.410284830166764,-0.03448598149801883,-1.0996719906799632,0.0522764702757265,-1.0351297980443537,-1.045881063512681,-1.0326508772917173
5019,-0.1011372468908936,0.06508561858584352,1.7206494582845442,-1.2448467036897353,-0.03448598149801883,-0.6521385410756733,0.10402167560962652,0.1683465385439048,0.06608217626716334,0.11515815193913284
5020,-0.8184264582898567,-0.751550405261657,-1.4320155892949833,-1.2448467036897353,1.0823582329960573,-0.2046050914713833,0.04011050310789991,-0.8924955655598191,-0.8620131262262499,-0.7634117222869502
5021,0.48957151543766425,-1.5681864291091574,-1.4320155892949833,0.8240677136308887,-0.17409150830978082,0.2429283581329067,0.39722679700366575,0.6229931545883579,0.7139977648003013,0.6394659801063115
5022,1.6498922985830458,0.06508561858584352,0.14431693449478036,-0.8310638202256104,-0.7325136155568189,1.1379952573414867,0.37135419433671574,1.6125181424498154,1.5545369066811288,1.4613539269629696
5023,1.7131825231182485,0.06508561858584352,-0.38112724010180754,0.8240677136308887,0.5239361257490193,0.2429283581329067,0.6503745417839877,1.6392620610406659,1.510758826374836,1.6455701909135998
5024,-0.9872003903837303,0.8817216424333439,-0.38112724010180754,1.6516334805591384,0.1051195453137382,-1.0996719906799632,0.04537002603198215,-1.124276193347188,-1.1246816080640083,-1.1035032865034986
5025,-1.050490614918933,0.06508561858584352,-0.9065714146983955,-1.2448467036897353,0.38433059893725724,0.2429283581329067,0.03766668437549806,-1.2579957863014386,-1.273527081105405,-1.2168671412423475
5026,0.257507358808588,0.06508561858584352,-1.4320155892949833,-1.2448467036897353,-1.360738486209743,0.6904618077371967,0.24236306646124423,0.5338467592855243,0.5563966756976465,0.3702268251015436
5027,1.0169900532310194,0.8817216424333439,1.1952052836879563,-0.4172809367614856,0.1749223087196192,-0.8311519209173887,0.6056951601763799,1.0776397706328118,1.0729780233119048,1.0929213990617082
5028,0.6372487060198039,-0.751550405261657,1.1952052836879563,-1.2448467036897353,1.1521609964019384,-0.2046050914713833,0.2654730914306965,0.7032249103609084,0.7139977648003013,0.8520232077416533
5029,-0.5019753356138434,0.8817216424333439,-0.38112724010180754,-1.2448467036897353,-1.0117246691803428,0.2429283581329067,0.06656749721085906,-0.3397879146822491,-0.2928980822444394,-0.4233201580704017
5030,-1.050490614918933,-1.5681864291091574,0.14431693449478036,1.2378505970950135,-0.10428874490389983,-0.6521385410756733,0.036869786962758326,-1.240166507240872,-1.2034821526153359,-1.2168671412423475
5031,-0.9872003903837303,0.8817216424333439,0.14431693449478036,1.6516334805591384,0.4541333623431382,-0.6521385410756733,0.056685969292886364,-1.1599347514683216,-1.1597040723090428,-1.1035032865034986
5032,0.6794421890432724,0.06508561858584352,1.1952052836879563,0.410284830166764,-0.7325136155568189,-1.9947388898885432,0.35987887159326354,0.9617494567391269,0.845332005719181,0.7953412803722286
5033,-0.9872003903837303,0.06508561858584352,-0.38112724010180754,0.8240677136308887,-0.17409150830978082,0.2429283581329067,0.03947298517770812,-1.1331908328774714,-1.1772153044315605,-1.1601852138729227
5034,2.5359554420758825,-1.5681864291091574,1.7206494582845442,-0.8310638202256104,-1.360738486209743,1.1379952573414867,0.6264676194017956,2.1028233166154022,2.097385102479164,1.8581274185489418
5035,-1.0082971318954645,0.8817216424333439,1.1952052836879563,0.8240677136308887,0.035316781907857205,-1.0996719906799632,0.03426658874780853,-1.1688493909986049,-1.1246816080640083,-1.1318442501882104
5036,0.21531387578511957,0.06508561858584352,0.14431693449478036,-1.2448467036897353,0.5937388891549003,1.1379952573414867,0.21797800563140837,0.3377246896192897,0.28497257779862883,0.38439730694390006
5037,0.6161519645080696,-1.5681864291091574,0.6697611090913683,-1.2448467036897353,-0.24389427171566183,0.2429283581329067,0.24650693300749082,0.7834566661334595,0.8365763896579225,0.7670003166875169
5038,-0.8184264582898567,0.06508561858584352,1.1952052836879563,-1.2448467036897353,0.5937388891549003,0.6904618077371967,0.03819794931732455,-0.9014102050901031,-0.8445018941037331,-0.8059231678140184
5039,-0.7973297167781225,0.06508561858584352,-1.4320155892949833,-1.2448467036897353,0.6635416525607812,0.6904618077371967,0.0527014822291877,-0.8390077283781191,-0.8357462780424739,-0.7634117222869502
5040,0.4262812909024616,-1.5681864291091574,-1.4320155892949833,-0.8310638202256104,0.1051195453137382,0.6904618077371967,0.22902831642139934,0.5873345964672243,0.6089303720651978,0.6111250164215991
5041,-0.20662095444956474,-1.5681864291091574,-1.4320155892949833,-0.8310638202256104,-0.9419219057744619,0.6904618077371967,0.13031929023003772,-0.02777553112232973,0.013548479899611962,-0.11156955753856616
5042,-0.016750280843956692,0.8817216424333439,1.1952052836879563,-1.2448467036897353,-0.10428874490389983,-1.0996719906799632,0.15640439887371832,0.2040050966650384,0.2149276493085606,0.20018104299326997
5043,0.21531387578511957,-1.5681864291091574,-0.9065714146983955,1.6516334805591384,0.5937388891549003,0.6904618077371967,0.36508526802316316,0.3377246896192897,0.36377312234995707,0.4269087524709683
5044,0.700538930555006,0.06508561858584352,0.14431693449478036,-1.2448467036897353,-0.8023163789626999,1.1379952573414867,0.29649896403336345,0.91717625908771,0.8190651575354049,0.752829834845161
5045,-1.0082971318954645,0.8817216424333439,-0.9065714146983955,0.410284830166764,0.3145278355313812,-1.0996719906799632,0.05163895234553472,-1.1777640305288881,-1.1947265365540773,-1.146014732030567
5046,0.5950552229963354,-1.5681864291091574,0.6697611090913683,0.8240677136308887,0.5239361257490193,-0.2046050914713833,0.25447590713488816,0.6943102708306251,0.7052421487390429,0.7670003166875169
5047,2.578148925099351,0.8817216424333439,-0.38112724010180754,0.410284830166764,0.5937388891549003,-0.2046050914713833,0.7534399404983265,2.031506200373135,1.9572952454990253,2.0706846461842847
5048,0.46847477392593007,-0.751550405261657,0.14431693449478036,-1.2448467036897353,1.0823582329960573,0.2429283581329067,0.2628698932157467,0.5516760383460907,0.5739079078201633,0.6961479074757362
5049,0.5106682569493985,-1.5681864291091574,0.14431693449478036,-0.4172809367614856,0.8729499427784192,-1.0996719906799632,0.5452903362907082,0.5605906778763746,0.6964865326777845,0.7386593530028038
5050,0.257507358808588,0.06508561858584352,-0.38112724010180754,-1.2448467036897353,-0.7325136155568189,0.6904618077371967,0.16814535408808373,0.5427613988158074,0.45132928296254293,0.398567788786256
5051,-0.6285557846842488,-1.5681864291091574,0.14431693449478036,0.410284830166764,1.1521609964019384,-0.2046050914713833,0.07145513467566275,-0.6428856587118845,-0.678145188939819,-0.5366840128092512
5052,-0.6285557846842488,0.8817216424333439,-0.9065714146983955,0.410284830166764,-1.1513301959920998,0.6904618077371967,0.08744620942464007,-0.5269953448182004,-0.49427725165338804,-0.6217069038633883
5053,1.0169900532310194,0.06508561858584352,-1.4320155892949833,0.8240677136308887,-0.6627108521509428,1.1379952573414867,0.6428305796100515,1.1578715264053623,1.0904892554344225,1.0220689898499276
5054,-0.5019753356138434,0.8817216424333439,1.1952052836879563,-1.2448467036897353,-0.31369703512154284,-1.5472054402842532,0.07528024225681347,-0.3487025542125323,-0.3191649304282155,-0.36663823070097756
5055,-0.9872003903837303,0.06508561858584352,0.6697611090913683,1.6516334805591384,-0.5231053253391809,0.6904618077371967,0.030760240131753706,-1.1777640305288881,-1.1334372241252668,-1.1885261775576352
5056,0.06763668520297998,-1.5681864291091574,0.14431693449478036,-1.2448467036897353,0.8729499427784192,-1.0996719906799632,0.170376666843755,0.1950904571347552,0.19741641718604294,0.29937441588976293
5057,1.1646672438131591,0.06508561858584352,1.1952052836879563,0.410284830166764,0.7333444159666572,0.6904618077371967,0.5031610264038676,1.1667861659356455,1.1167561036181979,1.2346262174852707
5058,-0.5652655601490462,0.8817216424333439,-0.9065714146983955,-0.4172809367614856,0.3145278355313812,-1.0996719906799632,0.20251819582425756,-0.5002514262273501,-0.4767660195308704,-0.451661121755114
5059,-0.5019753356138434,0.8817216424333439,0.14431693449478036,-1.2448467036897353,-0.24389427171566183,-0.2046050914713833,0.07655527811719705,-0.38436111233366593,-0.39796547497954293,-0.40914967622804577
5060,-0.45978185259037524,0.8817216424333439,0.14431693449478036,0.410284830166764,-1.081527432586219,-0.2046050914713833,0.090633799075599,-0.2684707984399819,-0.2228531537543704,-0.36663823070097756
5061,-0.7340394922429198,-1.5681864291091574,1.1952052836879563,1.6516334805591384,-0.24389427171566183,1.5855287069457766,0.05870477607182702,-0.7498613330752854,-0.6869008050010774,-0.7350707586022378
5062,0.4473780324141958,-0.751550405261657,-0.38112724010180754,-1.2448467036897353,1.3615692866195812,1.1379952573414867,0.25691972586729,0.5516760383460907,0.49510736326883587,0.6961479074757362
5063,1.059183536254488,0.06508561858584352,-0.9065714146983955,-0.8310638202256104,-1.081527432586219,0.6904618077371967,0.3787919035222866,1.1757008054659286,1.1080004875569394,0.97955754432286
5064,-0.1855242129378305,0.06508561858584352,-0.9065714146983955,-1.2448467036897353,-0.7325136155568189,0.2429283581329067,0.15199489985655845,0.1950904571347552,0.03981532808338804,0.03013526088499571
5065,0.23641061729685378,0.06508561858584352,-0.38112724010180754,0.410284830166764,-1.5003440130215,1.1379952573414867,0.20469638208574617,0.4981882011643906,0.45132928296254293,0.28520393404740707
5066,-0.9239101658485277,0.06508561858584352,0.14431693449478036,0.410284830166764,-0.8721191423685809,0.6904618077371967,0.04951389257822876,-0.9727273213323704,-0.9845917510838703,-1.0468213591340738
5067,-1.0926840979424013,-1.5681864291091574,-0.38112724010180754,1.6516334805591384,0.1749223087196192,-1.0996719906799632,0.02773202996334272,-1.3560568211345563,-1.3173051614116977,-1.3018900322964846
5068,-0.8395231998015908,-0.751550405261657,-1.4320155892949833,-1.2448467036897353,1.3615692866195812,-0.2046050914713833,0.04685756786909632,-0.9281541236809527,-0.9408136707775774,-0.7917526859716626
5069,0.5739584814846012,0.06508561858584352,0.14431693449478036,-1.2448467036897353,0.5239361257490193,0.6904618077371967,0.28879562237687934,0.7477981080123259,0.6877309166165253,0.7811707985298727
5070,-0.9239101658485277,0.8817216424333439,1.1952052836879563,-1.2448467036897353,-0.17409150830978082,-1.5472054402842532,0.030335228178292515,-1.0083858794535039,-0.9670805189613535,-0.9901394317646491
5071,1.2068607268366276,0.06508561858584352,1.7206494582845442,-0.8310638202256104,-0.7325136155568189,1.1379952573414867,0.2739202040057377,1.3005057588898967,1.16928979998575,1.1212623627464213
5072,-1.050490614918933,0.8817216424333439,1.7206494582845442,0.410284830166764,0.1051195453137382,-0.6521385410756733,0.0334696913350688,-1.2490811467711553,-1.256015848982888,-1.231037623084704
5073,-0.8184264582898567,-1.5681864291091574,-0.9065714146983955,0.410284830166764,0.24472507212550018,-1.9947388898885432,0.048451362694575784,-0.8479223679084023,-0.8007238137974394,-0.7917526859716626
5074,0.5106682569493985,0.8817216424333439,1.7206494582845442,-0.8310638202256104,-0.9419219057744619,-0.2046050914713833,0.1998618711151251,0.7299688289517587,0.7577758451065942,0.6111250164215991
5075,0.46847477392593007,-0.751550405261657,-0.9065714146983955,-1.2448467036897353,-3.385018624980262,2.033062156550067,0.2628698932157467,0.8102005847243092,0.8365763896579225,0.3560563432591877
5076,-0.8395231998015908,-0.751550405261657,-1.4320155892949833,-1.2448467036897353,1.7105831036489814,-0.6521385410756733,0.04685756786909632,-0.9281541236809527,-0.9408136707775774,-0.7634117222869502
5077,-0.8817166828250593,0.8817216424333439,1.1952052836879563,-0.8310638202256104,-0.10428874490389983,-1.0996719906799632,0.03198214949795463,-0.9727273213323704,-0.9233024386550606,-0.9476279862375803
5078,0.5317649984611327,0.06508561858584352,1.1952052836879563,-0.8310638202256104,-1.1513301959920998,1.1379952573414867,0.20708707432396536,0.8280298637848764,0.7402646129840774,0.6252954982639549
5079,0.48957151543766425,0.8817216424333439,1.1952052836879563,0.8240677136308887,-0.03448598149801883,-0.6521385410756733,0.4030707113637571,0.6586517127094915,0.6964865326777845,0.6678069437910232
5080,-0.7762329752663882,0.8817216424333439,-0.38112724010180754,0.410284830166764,0.5239361257490193,-0.6521385410756733,0.06470806991446634,-0.8211784493175527,-0.7744569656136641,-0.7350707586022378
5081,-0.9028134243367935,0.8817216424333439,-1.4320155892949833,0.410284830166764,-0.10428874490389983,-0.2046050914713833,0.05530468044413749,-0.9638126818020863,-0.9845917510838703,-0.9759689499222927
5082,0.5317649984611327,-1.5681864291091574,0.6697611090913683,-1.2448467036897353,1.2219637598078192,0.2429283581329067,0.22801891303192903,0.6497370731792083,0.6089303720651978,0.7811707985298727
5083,-1.0293938734071988,0.8817216424333439,0.6697611090913683,0.8240677136308887,0.4541333623431382,-1.9947388898885432,0.026935132550602987,-1.2490811467711553,-1.2034821526153359,-1.1743556957152792
5084,0.9958933117192852,0.8817216424333439,1.7206494582845442,1.6516334805591384,0.3145278355313812,-1.5472054402842532,0.34160335759443233,1.0598104915722446,1.0904892554344225,1.1070918809040653
5085,0.8693128626488799,0.06508561858584352,-0.38112724010180754,-1.2448467036897353,0.5239361257490193,1.1379952573414867,0.31190564734633164,0.9260908986179933,0.845332005719181,0.951216580638147
5086,-0.8606199413133251,-1.5681864291091574,0.14431693449478036,1.6516334805591384,1.2219637598078192,0.2429283581329067,0.05620783084524252,-0.9638126818020863,-0.9845917510838703,-0.8484346133410873
5087,0.48957151543766425,0.06508561858584352,-0.38112724010180754,-1.2448467036897353,0.035316781907857205,0.2429283581329067,0.20958401955054987,0.6586517127094915,0.5914191399426809,0.6252954982639549
5088,-0.9872003903837303,0.8817216424333439,1.1952052836879563,0.8240677136308887,0.38433059893725724,-1.5472054402842532,0.04537002603198215,-1.115361553816904,-1.1246816080640083,-1.0751623228187863
5089,-0.7973297167781225,0.06508561858584352,0.14431693449478036,-1.2448467036897353,0.6635416525607812,-1.0996719906799632,0.0527014822291877,-0.8033491702569854,-0.818235045919957,-0.7350707586022378
5090,0.48957151543766425,-0.751550405261657,1.7206494582845442,0.8240677136308887,-1.1513301959920998,2.212075536391782,0.2434255963448972,0.6229931545883579,0.66146406843275,0.4835906798403931
5091,-0.6074590431725145,-0.751550405261657,0.14431693449478036,0.410284830166764,1.0125554695901813,-0.4283718162735283,0.08335546937257611,-0.6072271005907509,-0.5730777962047154,-0.4800020854398264
5092,1.5022151080009063,-1.5681864291091574,1.7206494582845442,-0.0034980532973608127,1.0823582329960573,-0.2046050914713833,0.24438187324018487,1.4074814332532968,1.309379656965888,1.5038653724900373
5093,-1.0082971318954645,0.06508561858584352,0.14431693449478036,0.410284830166764,-0.17409150830978082,0.2429283581329067,0.043988737183233276,-1.1688493909986049,-1.1772153044315605,-1.1743556957152792
5094,-0.7762329752663882,-1.5681864291091574,-1.4320155892949833,1.2378505970950135,-0.38349979852741883,-0.6521385410756733,0.07613026616373586,-0.7944345307267022,-0.7569457334911465,-0.8059231678140184
5095,-0.7340394922429198,0.06508561858584352,1.1952052836879563,1.6516334805591384,-0.24389427171566183,1.5855287069457766,0.06274238962970834,-0.6963734958935845,-0.7394345013686295,-0.7350707586022378
5096,2.5570521835876163,0.06508561858584352,0.14431693449478036,-1.2448467036897353,0.8729499427784192,0.6904618077371967,0.8040163629602083,2.0136769213125683,1.8872503170089563,2.0706846461842847
5097,0.4473780324141958,0.8817216424333439,-0.38112724010180754,-0.8310638202256104,-0.7325136155568189,0.6904618077371967,0.21664984327684217,0.6586517127094915,0.6264416041877154,0.5402726072098178
5098,0.21531387578511957,-1.5681864291091574,-0.38112724010180754,-1.2448467036897353,0.1051195453137382,0.6904618077371967,0.19098974658662274,0.3912125268009897,0.4163068187175084,0.41273827062861246
5099,-0.9661036488719961,-1.5681864291091574,1.1952052836879563,0.8240677136308887,0.9427527061843003,-0.2046050914713833,0.04675131488073102,-1.1421054724077544,-1.1684596883703013,-1.0609918409764298
5100,-1.050490614918933,0.8817216424333439,0.14431693449478036,-0.4172809367614856,0.24472507212550018,-1.0996719906799632,0.04707007384582691,-1.2579957863014386,-1.212237768676595,-1.2026966593999917
5101,-1.0293938734071988,0.06508561858584352,-0.38112724010180754,0.410284830166764,-1.988963356862662,1.5855287069457766,0.031132125591032248,-1.1331908328774714,-1.142192840186526,-1.3018900322964846
5102,-0.8817166828250593,0.8817216424333439,-0.38112724010180754,-1.2448467036897353,0.1749223087196192,-1.5472054402842532,0.0356478775965574,-0.9548980422718031,-0.888279974410026,-0.8909460588681556
5103,0.5317649984611327,0.06508561858584352,-0.9065714146983955,-1.2448467036897353,-0.8721191423685809,-0.6521385410756733,0.31488073102055997,0.86368842190601,0.7490202290453358,0.6536364619486673
5104,-0.5863623016607803,0.8817216424333439,-1.4320155892949833,-1.2448467036897353,-0.5929080887450618,-0.2046050914713833,0.09100568453487755,-0.5002514262273501,-0.4680104034696119,-0.5366840128092512
5105,-0.8184264582898567,0.8817216424333439,-0.9065714146983955,0.410284830166764,0.4541333623431382,-1.0996719906799632,0.05349837964192743,-0.8657516469689694,-0.8269906619812155,-0.7917526859716626
5106,0.4473780324141958,-0.751550405261657,-1.4320155892949833,-0.8310638202256104,1.3615692866195812,-1.0996719906799632,0.21877490304414812,0.578419956936941,0.5038629793300943,0.7244888711604479
5107,-0.6074590431725145,1.6983576662808442,0.14431693449478036,1.6516334805591384,2.548216264519543,1.1379952573414867,0.20825585719598363,-0.6696295773027342,-0.7306788853073704,-0.43749063991275816
5108,1.481118366489172,-1.5681864291091574,-0.38112724010180754,-0.8310638202256104,0.38433059893725724,1.1379952573414867,0.4130584922700951,1.3807375146624472,1.3006240409046288,1.390501517751188
5109,1.481118366489172,1.6983576662808442,-0.38112724010180754,-0.8310638202256104,2.9670328449548196,2.928129055758647,0.26563247091324443,1.2202740031173456,1.0817336393731634,1.560547299859462
5110,-0.1855242129378305,-1.5681864291091574,-1.4320155892949833,-1.2448467036897353,-0.03448598149801883,1.5855287069457766,0.138447643839983,0.007883026998803893,0.022304095960870397,0.015964779042639207
5111,-1.0293938734071988,-0.751550405261657,0.14431693449478036,0.410284830166764,1.5011748134313383,-0.6521385410756733,0.042607448334484405,-1.2579957863014386,-1.2647714650441464,-1.1176737683458546
5112,-0.8184264582898567,-1.5681864291091574,0.6697611090913683,1.2378505970950135,0.1749223087196192,-0.6521385410756733,0.04584816447962599,-0.8746662864992527,-0.8445018941037331,-0.8342641314987308
5113,0.046539943691245755,0.06508561858584352,1.1952052836879563,-0.8310638202256104,0.38433059893725724,0.2429283581329067,0.13047866971258568,0.2040050966650384,0.2149276493085606,0.25686297036269473
5114,1.0380867947427537,-0.751550405261657,0.14431693449478036,-1.2448467036897353,1.4313720500254572,1.1379952573414867,0.4158741964617755,1.041981212511678,0.985421862699319,1.2062852538005577
5115,-1.050490614918933,-1.5681864291091574,0.14431693449478036,-1.2448467036897353,0.24472507212550018,1.1379952573414867,0.026563247091324443,-1.3114836234831393,-1.273527081105405,-1.2593785867694165
5116,1.1224737607896906,0.06508561858584352,-1.4320155892949833,0.8240677136308887,-0.8721191423685809,0.2429283581329067,0.6556871912022526,1.264847200768763,1.1955566481695252,1.0929213990617082
5117,-0.8184264582898567,0.8817216424333439,-1.4320155892949833,0.8240677136308887,0.38433059893725724,-0.2046050914713833,0.061254847792594165,-0.8568370074386863,-0.8707687422875084,-0.8200936496563749
5118,-0.9239101658485277,0.06508561858584352,1.1952052836879563,0.8240677136308887,0.38433059893725724,0.6904618077371967,0.04951389257822876,-1.0529590771049209,-1.0809035277577155,-1.0184803954493615
5119,2.9789870138223007,0.06508561858584352,-0.38112724010180754,-0.0034980532973608127,0.3145278355313812,0.2429283581329067,0.34718163948361047,2.2989453862816376,2.2199637273367836,2.297412355661984
5120,-1.1981678055010725,-1.5681864291091574,-0.9065714146983955,1.6516334805591384,-0.9419219057744619,0.6904618077371967,0.02815704191680391,-1.5878374489219242,-1.5186843308206464,-1.6136406328283208
5121,2.662535891146288,0.8817216424333439,1.1952052836879563,-0.8310638202256104,0.38433059893725724,-0.6521385410756733,0.9718429580831961,2.165225793327386,2.062362638234129,2.1557075372384213
5122,0.8482161211371456,-1.5681864291091574,0.6697611090913683,-1.2448467036897353,0.3145278355313812,-1.0996719906799632,0.2873080805397652,0.9082616195574269,1.0379555590668703,1.0078985080075717
5123,1.0380867947427537,0.8817216424333439,-0.38112724010180754,0.8240677136308887,0.035316781907857205,-0.6521385410756733,0.49264198055570313,1.1043836892236614,1.1255117196794562,1.1070918809040653
5124,0.4473780324141958,0.8817216424333439,-0.38112724010180754,0.410284830166764,0.38433059893725724,-0.2046050914713833,0.2561228284545503,0.5516760383460907,0.5826635238814225,0.6111250164215991
5125,-0.8395231998015908,-0.751550405261657,-1.4320155892949833,-1.2448467036897353,1.0125554695901813,-0.6521385410756733,0.036497901503479785,-0.9638126818020863,-0.9145468225938014,-0.8342641314987308
5126,-0.1644274714260963,0.8817216424333439,-1.4320155892949833,1.6516334805591384,-0.03448598149801883,-1.0996719906799632,0.26175423683791105,0.025712306059370308,0.03981532808338804,0.03013526088499571
5127,0.257507358808588,0.06508561858584352,-0.38112724010180754,0.8240677136308887,-0.5231053253391809,2.033062156550067,0.22074058332890611,0.524932119755241,0.46008489902380134,0.4269087524709683
5128,-0.5863623016607803,0.8817216424333439,-1.4320155892949833,0.410284830166764,0.035316781907857205,-1.0996719906799632,0.09642458694150773,-0.48242214716678283,-0.49427725165338804,-0.4800020854398264
5129,0.4473780324141958,0.06508561858584352,0.14431693449478036,-0.8310638202256104,0.5937388891549003,1.1379952573414867,0.23460659831057748,0.5516760383460907,0.5563966756976465,0.6252954982639549
5130,-0.9872003903837303,0.06508561858584352,-0.9065714146983955,-1.2448467036897353,-0.9419219057744619,1.1379952573414867,0.032300908463050525,-1.1777640305288881,-1.11592599200275,-1.2168671412423475
5131,-1.1137808394541355,-1.5681864291091574,-0.9065714146983955,1.6516334805591384,-1.2909357228038618,0.6904618077371967,0.03293842639324231,-1.338227542073989,-1.273527081105405,-1.4010834051929784
5132,2.5570521835876163,-1.5681864291091574,-1.4320155892949833,-1.2448467036897353,0.6635416525607812,-0.2046050914713833,0.9390639111725018,2.0493354794337013,2.0798738703566455,2.1557075372384213
5133,0.257507358808588,-1.5681864291091574,-0.9065714146983955,-0.8310638202256104,-0.10428874490389983,0.2429283581329067,0.22987834032832175,0.409041805861557,0.4250624347787669,0.398567788786256
5134,1.5655053325361088,0.8817216424333439,-0.38112724010180754,-1.2448467036897353,-0.4533025619332999,-0.6521385410756733,0.5079955373744887,1.532286386677265,1.4757363621298014,1.4188424814359009
5135,-1.0082971318954645,0.8817216424333439,-1.4320155892949833,1.2378505970950135,-0.10428874490389983,-0.6521385410756733,0.05636721032779047,-1.1599347514683216,-1.1947265365540773,-1.1743556957152792
5136,0.784925896601943,-0.751550405261657,-0.9065714146983955,-0.8310638202256104,-0.9419219057744619,3.3756625053629365,0.29575519311480636,0.9617494567391269,0.9066213181479907,0.7953412803722286
5137,0.23641061729685378,-1.5681864291091574,-0.9065714146983955,-1.2448467036897353,0.38433059893725724,1.1379952573414867,0.2521383413908516,0.3733832477404233,0.4163068187175084,0.44107923431332485
5138,-1.1981678055010725,-1.5681864291091574,-1.4320155892949833,1.2378505970950135,-0.03448598149801883,0.6904618077371967,0.02539446421930617,-1.5700081698613575,-1.5186843308206464,-1.5286177417741837
5139,-0.438685111078641,0.06508561858584352,-0.38112724010180754,1.6516334805591384,0.38433059893725724,-1.0996719906799632,0.1001965680284758,-0.2773854379702651,-0.35418739467325,-0.2674448578044839
5140,-0.8395231998015908,-0.751550405261657,0.6697611090913683,0.410284830166764,1.4313720500254572,-1.5472054402842532,0.03538224512564416,-0.9370687632112367,-0.888279974410026,-0.7634117222869502
5141,-0.20662095444956474,0.8817216424333439,1.1952052836879563,0.410284830166764,-0.10428874490389983,-0.2046050914713833,0.17282048557615684,-0.02777553112232973,-0.003962752222904903,-0.012376184642073167
5142,-0.1644274714260963,0.8817216424333439,1.1952052836879563,0.410284830166764,-0.03448598149801883,-0.2046050914713833,0.1266004356372523,0.03462694558965351,0.0573265602059049,0.044305742727351584
5143,-0.8395231998015908,-0.751550405261657,-1.4320155892949833,1.6516334805591384,-2.268174410486181,1.1379952573414867,0.05626095733942517,-0.8122638097872686,-0.7657013495524049,-1.004309913607005
5144,0.5317649984611327,0.06508561858584352,-0.38112724010180754,0.410284830166764,0.6635416525607812,0.6904618077371967,0.2904956701907241,0.6764809917700587,0.6089303720651978,0.7244888711604479
5145,3.5064055516156563,0.8817216424333439,1.1952052836879563,-0.8310638202256104,0.8729499427784192,-0.6521385410756733,0.8364766509058067,2.5574699326598553,2.438854128868249,2.694185847247957
5146,1.059183536254488,0.06508561858584352,-0.9065714146983955,-1.2448467036897353,0.3145278355313812,0.2429283581329067,0.39451734580035064,1.0687251311025279,0.9591550145155429,1.0504099535346405
5147,-1.1137808394541355,-1.5681864291091574,-0.9065714146983955,1.6516334805591384,1.9897941572724953,-1.9947388898885432,0.03054773415502311,-1.507605693149374,-1.4311281702080605,-1.2877195504541288
5148,0.23641061729685378,0.06508561858584352,0.6697611090913683,-0.8310638202256104,-1.081527432586219,0.6904618077371967,0.15837007915847634,0.4981882011643906,0.44257366690128447,0.32771537957447533
5149,0.004346460667777534,-1.5681864291091574,0.14431693449478036,-1.2448467036897353,1.5011748134313383,-0.6521385410756733,0.1600701269723211,0.09702942230163755,0.11861587263471549,0.28520393404740707
5150,-0.6285557846842488,0.06508561858584352,-1.4320155892949833,0.410284830166764,-0.31369703512154284,0.2429283581329067,0.09275885884290495,-0.5448246238787668,-0.5905890283272331,-0.5933659401786759
5151,-0.6285557846842488,1.6983576662808442,-1.4320155892949833,-0.8310638202256104,4.781904693507696,-0.6521385410756733,0.04627317643308718,-0.7676906121358518,-0.8620131262262499,-0.33829726701626517
5152,-0.05894376386742515,-1.5681864291091574,-1.4320155892949833,-1.2448467036897353,1.0125554695901813,0.2429283581329067,0.15263241778675024,0.06137086418050393,0.09234902445093941,0.20018104299326997
5153,-0.37539488654343833,0.8817216424333439,0.14431693449478036,1.6516334805591384,-0.24389427171566183,-0.6521385410756733,0.1752643043085587,-0.24172687984913147,-0.20534192163185352,-0.23910389411977154
5154,-0.5441688186373119,0.8817216424333439,-0.38112724010180754,0.8240677136308887,0.4541333623431382,-0.6521385410756733,0.08696807097699623,-0.4556782285759332,-0.4680104034696119,-0.40914967622804577
5155,0.5528617399728669,-1.5681864291091574,-1.4320155892949833,0.8240677136308887,-1.5003440130215,1.1379952573414867,0.4366466556871912,0.8458591428454428,0.8891100860254739,0.6536364619486673
5156,-0.9872003903837303,0.8817216424333439,0.14431693449478036,-0.4172809367614856,-0.38349979852741883,-0.6521385410756733,0.050842054932794985,-1.115361553816904,-1.0809035277577155,-1.1176737683458546
5157,-0.7973297167781225,0.8817216424333439,-0.38112724010180754,1.2378505970950135,0.1051195453137382,-1.457698750363394,0.05812038463581788,-0.8300930888478358,-0.8007238137974394,-0.7917526859716626
5158,3.4009218440569855,0.8817216424333439,0.6697611090913683,-0.8310638202256104,0.5239361257490193,-0.2046050914713833,0.9024597566806566,2.5307260140690055,2.4300985128069907,2.5524810288243946
5159,0.21531387578511957,0.8817216424333439,-0.9065714146983955,-1.2448467036897353,-0.10428874490389983,-0.6521385410756733,0.2311533761887053,0.409041805861557,0.4163068187175084,0.398567788786256
5160,-0.8817166828250593,0.8817216424333439,-1.4320155892949833,1.6516334805591384,0.5239361257490193,-1.9947388898885432,0.05381713860702332,-0.9905566003929368,-0.9408136707775774,-0.9051165407105121
5161,0.8482161211371456,0.06508561858584352,1.1952052836879563,-1.2448467036897353,0.6635416525607812,0.2429283581329067,0.34271901397226795,0.8726030614362933,0.8103095414741465,0.9228756169534352
5162,-0.6285557846842488,0.06508561858584352,0.14431693449478036,0.410284830166764,0.3145278355313812,0.6904618077371967,0.07628964564628381,-0.5983124610604676,-0.5555665640821986,-0.5366840128092512
5163,-0.8606199413133251,-1.5681864291091574,-1.4320155892949833,-0.8310638202256104,-1.8493578300509,-0.6521385410756733,0.03570100409074005,-0.8657516469689694,-0.8007238137974394,-1.004309913607005
5164,-0.5441688186373119,0.8817216424333439,-1.4320155892949833,0.410284830166764,0.3145278355313812,-1.0996719906799632,0.09812463475535249,-0.437848949515366,-0.4592547874083535,-0.40914967622804577
5165,-1.050490614918933,-1.5681864291091574,-0.38112724010180754,1.6516334805591384,0.9427527061843003,1.1379952573414867,0.04122615948573553,-1.293654344422572,-1.3085495453504394,-1.2026966593999917
5166,-1.050490614918933,0.8817216424333439,-0.9065714146983955,0.410284830166764,0.4541333623431382,-1.0996719906799632,0.04196993040429262,-1.2579957863014386,-1.256015848982888,-1.2026966593999917
5167,-0.5652655601490462,0.8817216424333439,0.14431693449478036,-1.2448467036897353,-1.0117246691803428,-0.2046050914713833,0.07219890559421983,-0.4645928681062164,-0.43298793922457746,-0.5508544946516076
5168,-0.016750280843956692,0.8817216424333439,-1.4320155892949833,-1.2448467036897353,0.1051195453137382,-1.0996719906799632,0.17297986505870477,0.21291973619532162,0.13612710475723236,0.18601056115091347
5169,-0.8395231998015908,0.06508561858584352,0.14431693449478036,-1.2448467036897353,-0.38349979852741883,0.2429283581329067,0.03915422621261223,-0.9103248446203863,-0.8707687422875084,-0.9192870225528679
5170,1.9241499382355902,-1.5681864291091574,-0.9065714146983955,-0.8310638202256104,0.24472507212550018,0.2429283581329067,0.62354566222175,1.6303474215103817,1.6683599154774906,1.6739111545983116
5171,0.8271193796254115,0.06508561858584352,-0.38112724010180754,0.8240677136308887,0.1051195453137382,0.6904618077371967,0.41778675025235085,0.9795787357996941,0.8891100860254739,0.937046098795791
5172,-0.6285557846842488,0.06508561858584352,-0.9065714146983955,-1.2448467036897353,-0.38349979852741883,1.1379952573414867,0.08787122137810126,-0.5269953448182004,-0.564322180143457,-0.57919545833632
5173,1.481118366489172,1.6983576662808442,0.6697611090913683,-0.0034980532973608127,2.3388079743018952,0.6904618077371967,0.2677575306805504,1.2381032821779128,1.0729780233119048,1.4755244088053256
5174,0.9326030871840826,-1.5681864291091574,1.1952052836879563,-0.8310638202256104,-0.8721191423685809,1.1379952573414867,0.33756574403655104,1.0687251311025279,1.1167561036181979,0.9653870624805029
5175,0.4262812909024616,1.6983576662808442,-0.9065714146983955,-0.8310638202256104,2.4086107377077814,-0.6521385410756733,0.19306167985974607,0.4803589221038234,0.4163068187175084,0.752829834845161
5176,0.9536998286958168,0.06508561858584352,0.6697611090913683,-0.8310638202256104,-0.5231053253391809,1.1379952573414867,0.2677575306805504,1.1132983287539453,1.0467111751281288,0.9937280261652158
5177,0.4473780324141958,0.8817216424333439,-0.9065714146983955,-0.8310638202256104,-0.31369703512154284,-1.5472054402842532,0.2659512298783403,0.7032249103609084,0.6439528363102324,0.6394659801063115
5178,-1.155974322477604,-0.751550405261657,-0.9065714146983955,1.6516334805591384,-2.966202044544981,1.5855287069457766,0.02911331881209159,-1.400630018785973,-1.3523276256567323,-1.6136406328283208
5179,0.6794421890432724,0.8817216424333439,-0.38112724010180754,-1.2448467036897353,-0.5929080887450618,-0.2046050914713833,0.3090899431546512,0.86368842190601,0.871598853902957,0.7811707985298727
5180,-1.050490614918933,0.8817216424333439,0.6697611090913683,0.8240677136308887,0.5239361257490193,-1.5472054402842532,0.025128831748392925,-1.2847397048922888,-1.2385046168603704,-1.2026966593999917
5181,-0.1644274714260963,0.8817216424333439,-1.4320155892949833,0.8240677136308887,0.5937388891549003,-0.2046050914713833,0.17441428040163628,-0.03669017065261294,-0.012718368284164113,0.044305742727351584
5182,0.29970084183205625,0.8817216424333439,-0.9065714146983955,-0.8310638202256104,0.24472507212550018,-0.6521385410756733,0.22217499867183765,0.4268710849221234,0.45132928296254293,0.4694201979980372
5183,0.6161519645080696,0.8817216424333439,1.1952052836879563,0.410284830166764,0.38433059893725724,-0.2046050914713833,0.3442596823035648,0.7745420266031756,0.731508996922819,0.7953412803722286
5184,0.4262812909024616,0.06508561858584352,1.1952052836879563,-1.2448467036897353,0.3145278355313812,0.2429283581329067,0.2811454072145779,0.6408224336489251,0.5563966756976465,0.6394659801063115
5185,-1.050490614918933,0.8817216424333439,1.1952052836879563,1.2378505970950135,-0.03448598149801883,-1.0996719906799632,0.03968549115443872,-1.2669104258317225,-1.212237768676595,-1.231037623084704
5186,0.8482161211371456,0.06508561858584352,-0.38112724010180754,-0.8310638202256104,0.3145278355313812,0.2429283581329067,0.2856080327259204,0.9439201776785605,0.8803544699642155,0.951216580638147
5187,-0.9450069073602619,0.06508561858584352,-1.4320155892949833,-0.8310638202256104,-0.5231053253391809,0.2429283581329067,0.026085108643680605,-1.079702995695771,-1.0283698313901641,-1.0893328046611421
5188,2.3249880269585406,-1.5681864291091574,1.7206494582845442,-1.2448467036897353,-1.779555066645019,0.2429283581329067,0.5068267545024704,2.111737956145685,2.167430030969233,1.82978645486423
5189,-0.8395231998015908,0.8817216424333439,-0.9065714146983955,1.6516334805591384,-0.31369703512154284,-0.6521385410756733,0.06709876215268555,-0.8746662864992527,-0.8357462780424739,-0.8767755770257997
5190,1.5233118495126405,0.8817216424333439,1.7206494582845442,0.8240677136308887,0.38433059893725724,0.2429283581329067,0.45731286192424164,1.4163960727835807,1.4144470497009907,1.4613539269629696
5191,0.5106682569493985,0.06508561858584352,-0.38112724010180754,-0.0034980532973608127,-0.10428874490389983,1.5855287069457766,0.17324549752961801,0.6586517127094915,0.6264416041877154,0.6252954982639549
5192,0.6794421890432724,0.06508561858584352,1.1952052836879563,0.410284830166764,0.38433059893725724,0.6904618077371967,0.3550443606226425,0.8726030614362933,0.7665314611678535,0.8661936895840104
5193,-1.0082971318954645,0.8817216424333439,-0.9065714146983955,0.410284830166764,-0.4533025619332999,-0.6521385410756733,0.037879190352228656,-1.1688493909986049,-1.1246816080640083,-1.1743556957152792
5194,-0.9872003903837303,0.06508561858584352,-0.38112724010180754,0.8240677136308887,0.24472507212550018,0.6904618077371967,0.030760240131753706,-1.1599347514683216,-1.11592599200275,-1.1035032865034986
5195,0.257507358808588,0.06508561858584352,1.1952052836879563,-0.8310638202256104,0.38433059893725724,0.6904618077371967,0.1794081708548053,0.3733832477404233,0.40755120265625,0.44107923431332485
5196,-1.0082971318954645,0.8817216424333439,1.1952052836879563,1.2378505970950135,0.3145278355313812,-1.9947388898885432,0.04324496626467619,-1.1688493909986049,-1.1246816080640083,-1.1035032865034986
5197,1.396731400442235,0.06508561858584352,-0.9065714146983955,-0.8310638202256104,0.1749223087196192,-1.0996719906799632,0.4612973489879403,1.4163960727835807,1.309379656965888,1.3763310359088319
5198,-0.7762329752663882,0.8817216424333439,0.14431693449478036,-0.4172809367614856,-0.17409150830978082,-0.6521385410756733,0.08393986080858525,-0.7498613330752854,-0.7657013495524049,-0.7634117222869502
5199,-0.9239101658485277,0.06508561858584352,0.14431693449478036,-1.2448467036897353,-1.081527432586219,0.2429283581329067,0.03060086064920576,-1.0083858794535039,-0.9670805189613535,-1.0751623228187863
5200,-1.0293938734071988,-1.5681864291091574,-0.38112724010180754,0.410284830166764,0.1051195453137382,0.2429283581329067,0.025978855655315304,-1.2134225886500216,-1.1772153044315605,-1.1743556957152792
5201,-1.0293938734071988,0.8817216424333439,-1.4320155892949833,-0.4172809367614856,-0.7325136155568189,-0.6521385410756733,0.05583594538596398,-1.2223372281803049,-1.1684596883703013,-1.24520810492706
5202,-1.0082971318954645,0.8817216424333439,0.14431693449478036,1.6516334805591384,-0.9419219057744619,-0.2046050914713833,0.04404186367741593,-1.1331908328774714,-1.1071703759414915,-1.1885261775576352
5203,-0.14333072991436205,0.06508561858584352,0.14431693449478036,-1.2448467036897353,-1.7097523032391428,1.5855287069457766,0.12463475535249428,0.10594406183192076,0.07483779232842254,-0.11156955753856616
5204,-0.41758836956690676,0.8817216424333439,0.14431693449478036,0.410284830166764,0.1051195453137382,-0.2046050914713833,0.10465919353981831,-0.3041293565611155,-0.2666312340606641,-0.2674448578044839
5205,1.059183536254488,-1.5681864291091574,1.7206494582845442,0.410284830166764,1.0823582329960573,-0.2046050914713833,0.21813738511395633,1.1132983287539453,1.0729780233119048,1.2346262174852707
5206,0.4473780324141958,0.8817216424333439,-0.38112724010180754,-1.2448467036897353,0.4541333623431382,-1.9947388898885432,0.24661318599585613,0.6586517127094915,0.6001747560039394,0.681977425633379
5207,1.5022151080009063,1.6983576662808442,1.1952052836879563,-0.8310638202256104,2.618019027925419,-1.0996719906799632,0.4671943898422143,1.255932561238479,1.1780454160470084,1.588888263544175
5208,0.27860410032032223,0.06508561858584352,-1.4320155892949833,-1.2448467036897353,0.7333444159666572,-0.6521385410756733,0.2517664559315731,0.4714442825735402,0.40755120265625,0.5261021253674619
5209,-1.0082971318954645,-1.5681864291091574,-0.38112724010180754,-0.8310638202256104,0.9427527061843003,-0.6521385410756733,0.027466397492429476,-1.2134225886500216,-1.2209933847378536,-1.1176737683458546
5210,0.8693128626488799,0.06508561858584352,0.14431693449478036,-1.2448467036897353,-0.4533025619332999,1.5855287069457766,0.30388354672475165,0.9350055381482772,0.8803544699642155,0.8378527258992975
5211,-1.1348775809658698,-1.5681864291091574,-0.38112724010180754,1.6516334805591384,1.1521609964019384,-1.0996719906799632,0.03001646921319662,-1.4897764140888075,-1.4749062505143535,-1.3727424415082659
5212,-0.20662095444956474,0.06508561858584352,-0.38112724010180754,-0.8310638202256104,-0.4533025619332999,0.2429283581329067,0.09653083992987303,-0.009946252061763314,0.09234902445093941,-0.012376184642073167
5213,0.7216356720667403,0.8817216424333439,-0.38112724010180754,-1.2448467036897353,0.38433059893725724,-0.6521385410756733,0.2859267916910163,0.8547737823757269,0.9066213181479907,0.9228756169534352
5214,-1.0293938734071988,0.8817216424333439,-1.4320155892949833,-0.4172809367614856,-0.17409150830978082,-0.6521385410756733,0.06449556393773574,-1.2312518677105888,-1.1684596883703013,-1.2026966593999917
5215,0.4262812909024616,0.06508561858584352,-1.4320155892949833,-0.8310638202256104,-0.5231053253391809,2.033062156550067,0.22313127556712534,0.6051638755277915,0.5301298275138704,0.4977611616827496
5216,1.059183536254488,-1.5681864291091574,0.14431693449478036,-0.8310638202256104,-0.4533025619332999,0.2429283581329067,0.32667481272910803,1.1132983287539453,1.1255117196794562,1.0504099535346405
5217,-1.1348775809658698,0.06508561858584352,-1.4320155892949833,0.410284830166764,-0.9419219057744619,0.2429283581329067,0.030813366625936353,-1.3738861001951226,-1.3873500899017668,-1.4435948507200465
5218,-0.4808785941021094,0.06508561858584352,-0.9065714146983955,0.410284830166764,-0.03448598149801883,1.1379952573414867,0.10327790469106944,-0.40219039139423235,-0.3629430107345084,-0.3808087125433334
5219,-1.0293938734071988,0.8817216424333439,1.1952052836879563,0.410284830166764,-1.8493578300509,-0.2046050914713833,0.028900812835360994,-1.1421054724077544,-1.0984147598802323,-1.2735490686117723
5220,0.8482161211371456,0.06508561858584352,0.6697611090913683,0.410284830166764,-0.31369703512154284,1.1379952573414867,0.21946554746852256,0.9439201776785605,0.8891100860254739,0.8661936895840104
5221,-0.20662095444956474,0.8817216424333439,1.1952052836879563,-0.8310638202256104,-0.10428874490389983,-0.2046050914713833,0.09637146044732509,-0.045604810182896936,-0.07400768071297392,-0.0690581120114973
5222,2.198407577888135,0.06508561858584352,-0.38112724010180754,-1.2448467036897353,-1.430541249615619,0.2429283581329067,0.732029963342719,2.004762281782285,1.9923177097440596,1.7447635638100922
5223,0.9115063456723483,-1.5681864291091574,-1.4320155892949833,-1.2448467036897353,-1.779555066645019,2.033062156550067,0.379482547946661,1.1311276078145118,1.1517785678632324,0.8803641714263664
5224,0.48957151543766425,0.8817216424333439,-1.4320155892949833,-1.2448467036897353,-1.988963356862662,-0.2046050914713833,0.258885406152048,0.7923713056637428,0.7227533808615598,0.4835906798403931
5225,1.67098904009478,0.8817216424333439,1.7206494582845442,0.8240677136308887,-0.31369703512154284,-0.2046050914713833,0.5043829357700685,1.5768595843286817,1.5895593709261633,1.5180358543323944
5226,-0.7762329752663882,-1.5681864291091574,0.6697611090913683,-0.8310638202256104,-0.17409150830978082,-1.5472054402842532,0.03671040748021038,-0.776605251666135,-0.7394345013686295,-0.7634117222869502
5227,-0.1644274714260963,-1.5681864291091574,-1.4320155892949833,-1.2448467036897353,0.5937388891549003,0.6904618077371967,0.13143494660787336,-0.06343408924346336,-0.021473984345422546,0.03013526088499571
5228,0.5950552229963354,0.06508561858584352,1.1952052836879563,0.410284830166764,-1.639949539833262,0.6904618077371967,0.3408064601816926,0.8458591428454428,0.8891100860254739,0.6394659801063115
5229,-0.9661036488719961,0.8817216424333439,-0.9065714146983955,1.2378505970950135,-0.03448598149801883,-0.6521385410756733,0.06019231790894119,-1.1331908328774714,-1.0984147598802323,-1.1035032865034986
5230,-0.5652655601490462,0.8817216424333439,0.14431693449478036,0.8240677136308887,-0.03448598149801883,-1.0996719906799632,0.10869680709769962,-0.4913367866970668,-0.45049917134709505,-0.46583160359747056
5231,1.2490542098600954,0.06508561858584352,0.6697611090913683,-0.0034980532973608127,0.5937388891549003,-0.2046050914713833,0.21170907931785582,1.264847200768763,1.1955566481695252,1.3054786266970513
5232,0.48957151543766425,0.06508561858584352,-1.4320155892949833,0.8240677136308887,-1.5003440130215,0.6904618077371967,0.4078520958401955,0.7477981080123259,0.7490202290453358,0.5402726072098178
5233,0.6161519645080696,0.06508561858584352,1.1952052836879563,-1.2448467036897353,0.5239361257490193,0.6904618077371967,0.22961270785740848,0.738883468482042,0.6964865326777845,0.7811707985298727
5234,0.8693128626488799,0.06508561858584352,1.1952052836879563,0.8240677136308887,-1.5701467764273809,0.2429283581329067,0.449237634808479,1.140042247344795,1.0817336393731634,0.8803641714263664
5235,-0.7973297167781225,0.06508561858584352,-0.38112724010180754,0.8240677136308887,-0.38349979852741883,1.1379952573414867,0.05774849917653934,-0.7944345307267022,-0.8445018941037331,-0.8484346133410873
5236,-0.1644274714260963,0.06508561858584352,1.1952052836879563,-0.8310638202256104,-0.8023163789626999,1.5855287069457766,0.08436487276204643,0.08811478277135434,0.013548479899611962,-0.040717148326785545
5237,-0.20662095444956474,0.06508561858584352,-0.9065714146983955,0.8240677136308887,-0.10428874490389983,1.5855287069457766,0.1594326090421293,-0.06343408924346336,-0.10903014495800843,-0.09739907569620966
5238,-0.20662095444956474,0.8817216424333439,1.7206494582845442,-0.8310638202256104,-0.10428874490389983,-0.2046050914713833,0.10874993359188227,-0.0010316125314793153,-0.03898521646793941,-0.026546666484429042
5239,-1.0082971318954645,0.06508561858584352,1.1952052836879563,0.410284830166764,-0.7325136155568189,0.2429283581329067,0.0382510758115072,-1.1688493909986049,-1.185970920492819,-1.231037623084704
5240,2.6414391496345533,-1.5681864291091574,0.14431693449478036,-0.8310638202256104,-1.5701467764273809,0.2429283581329067,0.8935345056579717,2.25437218863022,2.2462305755205607,1.9714912732877912
5241,-0.5441688186373119,0.8817216424333439,1.1952052836879563,1.2378505970950135,-0.31369703512154284,-0.6521385410756733,0.10529671147001009,-0.4467635890456492,-0.39796547497954293,-0.451661121755114
5242,0.02544320217951176,0.06508561858584352,0.14431693449478036,-1.2448467036897353,-0.38349979852741883,-0.6521385410756733,0.15544812197843064,0.2664075733770225,0.23243888143107744,0.20018104299326997
5243,-0.3121046620082356,-1.5681864291091574,-0.38112724010180754,1.2378505970950135,-0.10428874490389983,0.2429283581329067,0.12314721351538012,-0.14366584501601382,-0.10027452889675,-0.1682514849079909
5244,-0.9450069073602619,0.8817216424333439,-0.9065714146983955,0.410284830166764,-0.8721191423685809,-0.6521385410756733,0.04818573022366254,-0.9816419608626535,-0.9933473671451296,-1.0609918409764298
5245,0.48957151543766425,0.8817216424333439,1.1952052836879563,0.410284830166764,-1.0117246691803428,-0.6521385410756733,0.33092493226371994,0.7656273870728924,0.7139977648003013,0.5969545345792426
5246,-0.5863623016607803,0.06508561858584352,-0.9065714146983955,-0.8310638202256104,-0.03448598149801883,-0.6521385410756733,0.0735801944429687,-0.5002514262273501,-0.5205440998371641,-0.5083430491245388
5247,-1.050490614918933,0.8817216424333439,0.14431693449478036,1.2378505970950135,0.035316781907857205,-1.5472054402842532,0.045529405514530094,-1.240166507240872,-1.2034821526153359,-1.2026966593999917
5248,-0.8606199413133251,0.06508561858584352,1.1952052836879563,0.8240677136308887,0.5937388891549003,0.2429283581329067,0.0454231525261648,-0.9548980422718031,-0.9057912065325429,-0.8626050951834432
5249,0.8482161211371456,-1.5681864291091574,1.1952052836879563,1.6516334805591384,-0.7325136155568189,1.1379952573414867,0.48711682516070764,0.9528348172088437,0.9679106305768014,0.8520232077416533
5250,-1.050490614918933,0.06508561858584352,-1.4320155892949833,0.410284830166764,0.5239361257490193,0.2429283581329067,0.03495723317218297,-1.3114836234831393,-1.2472602329216296,-1.2168671412423475
5251,0.8482161211371456,-1.5681864291091574,-0.38112724010180754,-1.2448467036897353,-0.38349979852741883,-0.2046050914713833,0.31976836848536366,0.9350055381482772,1.029199943005612,0.9228756169534352
5252,-0.8184264582898567,-1.5681864291091574,-0.9065714146983955,-0.8310638202256104,0.38433059893725724,1.5855287069457766,0.03389470328852999,-0.9014102050901031,-0.8620131262262499,-0.8342641314987308
5253,-0.7762329752663882,0.8817216424333439,-0.9065714146983955,-1.2448467036897353,-0.10428874490389983,-0.6521385410756733,0.055039047973224245,-0.776605251666135,-0.8007238137974394,-0.7917526859716626
5254,-0.4808785941021094,0.8817216424333439,-1.4320155892949833,0.410284830166764,0.3145278355313812,-1.0996719906799632,0.09020878712213781,-0.38436111233366593,-0.34543177861199154,-0.3241267851739087
5255,0.21531387578511957,-1.5681864291091574,1.7206494582845442,0.8240677136308887,0.5937388891549003,-1.0996719906799632,0.16479838495457685,0.3377246896192897,0.3462618902274394,0.41273827062861246
5256,-1.0293938734071988,0.06508561858584352,-0.38112724010180754,-0.4172809367614856,-0.5231053253391809,0.2429283581329067,0.043351219253041494,-1.240166507240872,-1.185970920492819,-1.24520810492706
5257,-1.050490614918933,0.06508561858584352,0.6697611090913683,0.8240677136308887,-1.360738486209743,1.1379952573414867,0.025128831748392925,-1.240166507240872,-1.2034821526153359,-1.330230995981197
5258,-1.050490614918933,-1.5681864291091574,-0.9065714146983955,0.410284830166764,0.8031471793725382,-1.0996719906799632,0.03453222121872178,-1.3203982630134226,-1.282282697166664,-1.2168671412423475
5259,0.5739584814846012,0.8817216424333439,1.7206494582845442,0.410284830166764,-0.03448598149801883,0.2429283581329067,0.24895075173989267,0.7567127475426092,0.7139977648003013,0.7244888711604479
5260,-0.5230720771255777,-1.5681864291091574,1.1952052836879563,-0.4172809367614856,-1.081527432586219,1.1379952573414867,0.12293470753864952,-0.39327575186394914,-0.31040931436695707,-0.46583160359747056
5261,-0.5863623016607803,0.06508561858584352,-1.4320155892949833,-1.2448467036897353,-1.0117246691803428,0.2429283581329067,0.07273017053604633,-0.4735075076364996,-0.43298793922457746,-0.5508544946516076
5262,0.4473780324141958,0.8817216424333439,-0.9065714146983955,-0.8310638202256104,-0.31369703512154284,-1.5472054402842532,0.2611698454019019,0.6586517127094915,0.6877309166165253,0.6394659801063115
5263,0.19421713427338533,0.06508561858584352,-0.38112724010180754,0.8240677136308887,-0.8721191423685809,0.6904618077371967,0.18535833820326197,0.4357857244524066,0.3812843544724739,0.29937441588976293
5264,0.4262812909024616,0.8817216424333439,-0.9065714146983955,-1.2448467036897353,0.5239361257490193,-1.0996719906799632,0.3540349572331722,0.6140785150580746,0.5301298275138704,0.6394659801063115
5265,0.5106682569493985,0.8817216424333439,0.6697611090913683,0.8240677136308887,0.035316781907857205,-0.6521385410756733,0.277798438081071,0.6764809917700587,0.6789753005552669,0.681977425633379
5266,-0.1644274714260963,0.8817216424333439,-0.9065714146983955,-1.2448467036897353,0.1051195453137382,-1.0996719906799632,0.1569356638155448,0.0167976665290871,0.03981532808338804,0.044305742727351584
5267,-0.755136233754654,0.06508561858584352,0.14431693449478036,1.6516334805591384,-0.10428874490389983,0.2429283581329067,0.06353928704244807,-0.785519891196419,-0.7394345013686295,-0.7634117222869502
5268,-0.1855242129378305,0.06508561858584352,-1.4320155892949833,-1.2448467036897353,-0.8721191423685809,-1.0996719906799632,0.14641661796738034,0.05245622465022072,0.0047928638383535295,-0.0690581120114973
5269,-0.20662095444956474,-0.751550405261657,0.6697611090913683,0.410284830166764,1.2917665232137003,0.2429283581329067,0.10678425330712427,-0.14366584501601382,-0.12654137708052607,0.015964779042639207
5270,-0.9239101658485277,0.06508561858584352,0.6697611090913683,0.8240677136308887,-1.0117246691803428,1.1379952573414867,0.03872921425915104,-0.9727273213323704,-1.0108585992676464,-1.0751623228187863
5271,0.9115063456723483,0.06508561858584352,1.1952052836879563,0.8240677136308887,-0.31369703512154284,0.2429283581329067,0.46533496254582163,1.0152372939208278,1.0116887108830943,0.9653870624805029
5272,-0.9239101658485277,0.8817216424333439,-1.4320155892949833,0.410284830166764,-0.6627108521509428,-0.6521385410756733,0.04191680391010997,-1.0083858794535039,-0.9583249029000951,-1.0326508772917173
5273,-0.8395231998015908,-1.5681864291091574,-0.9065714146983955,0.410284830166764,0.4541333623431382,1.1379952573414867,0.04489188758433831,-0.9548980422718031,-0.932058054716319,-0.8909460588681556
5274,0.21531387578511957,-1.5681864291091574,1.1952052836879563,1.6516334805591384,0.8729499427784192,0.2429283581329067,0.24252244594379216,0.3020661314981561,0.36377312234995707,0.44107923431332485
5275,0.21531387578511957,0.06508561858584352,1.1952052836879563,0.8240677136308887,0.6635416525607812,0.2429283581329067,0.24326621686234925,0.3733832477404233,0.28497257779862883,0.41273827062861246
5276,-0.37539488654343833,0.8817216424333439,-1.4320155892949833,0.410284830166764,0.1051195453137382,-0.2046050914713833,0.12006587685278648,-0.23281224031884826,-0.2578756179994049,-0.22493341227741567
5277,-1.0926840979424013,0.8817216424333439,-0.38112724010180754,0.8240677136308887,0.3145278355313812,-1.5472054402842532,0.024544440312383786,-1.3738861001951226,-1.3173051614116977,-1.3018900322964846
5278,-1.1981678055010725,0.06508561858584352,-1.4320155892949833,0.410284830166764,0.4541333623431382,1.1379952573414867,0.02725389151569888,-1.6145813675127747,-1.6062404914332327,-1.556958705458896
5279,-0.9872003903837303,0.8817216424333439,-1.4320155892949833,0.410284830166764,-0.10428874490389983,-0.2046050914713833,0.049301386601498166,-1.1331908328774714,-1.1334372241252668,-1.1318442501882104
5280,-0.08004050537915937,0.06508561858584352,0.14431693449478036,-0.8310638202256104,0.035316781907857205,0.2429283581329067,0.1311693141369601,0.08811478277135434,0.12737148869597392,0.11515815193913284
5281,-0.755136233754654,-0.751550405261657,-1.4320155892949833,-1.2448467036897353,1.0125554695901813,-1.9947388898885432,0.04016362960208256,-0.7944345307267022,-0.7569457334911465,-0.6642183493904572
5282,0.06763668520297998,-1.5681864291091574,0.14431693449478036,-0.8310638202256104,0.1051195453137382,-0.6521385410756733,0.15613876640280508,0.23074901525588884,0.2499501135535943,0.25686297036269473
5283,-0.7762329752663882,-1.5681864291091574,1.1952052836879563,1.6516334805591384,-1.081527432586219,-0.6521385410756733,0.051851458322265315,-0.6963734958935845,-0.6693895728785606,-0.777582204129306
5284,-0.7762329752663882,0.06508561858584352,-0.38112724010180754,0.8240677136308887,-1.221132959397981,0.6904618077371967,0.04606067045635658,-0.776605251666135,-0.6606339568173013,-0.8342641314987308
5285,1.5233118495126405,1.6983576662808442,0.6697611090913683,1.6516334805591384,2.1992024474901433,-0.6521385410756733,0.38798278701588484,1.3807375146624472,1.2918684248433703,1.6455701909135998
5286,0.6583454475315381,-1.5681864291091574,0.14431693449478036,1.2378505970950135,-1.430541249615619,-1.0996719906799632,0.5387557775062424,0.9260908986179933,0.9503993984542844,0.7386593530028038
5287,0.8482161211371456,-0.751550405261657,1.7206494582845442,0.410284830166764,1.7803858670548574,-0.6521385410756733,0.2463475535249429,0.8191152242545933,0.731508996922819,1.0078985080075717
5288,2.5570521835876163,0.8817216424333439,1.7206494582845442,-0.8310638202256104,0.24472507212550018,-0.6521385410756733,0.6807628964564628,2.0760793980245524,2.097385102479164,2.113196091711354
5289,-1.0293938734071988,0.8817216424333439,1.1952052836879563,-0.4172809367614856,-0.31369703512154284,-1.5472054402842532,0.04733570631674016,-1.2045079491197386,-1.1684596883703013,-1.2026966593999917
5290,-1.0293938734071988,-1.5681864291091574,-1.4320155892949833,-1.2448467036897353,0.9427527061843003,-0.2046050914713833,0.03708229293948892,-1.2669104258317225,-1.273527081105405,-1.1743556957152792
5291,-0.12223398840262782,-1.5681864291091574,-1.4320155892949833,-0.8310638202256104,1.0823582329960573,0.6904618077371967,0.08670243850608299,0.07920014324107114,0.03981532808338804,0.18601056115091347
5292,0.6372487060198039,0.8817216424333439,1.7206494582845442,-0.8310638202256104,-1.1513301959920998,-0.2046050914713833,0.24565690910056845,0.9260908986179933,0.8803544699642155,0.7386593530028038
5293,-0.6285557846842488,-0.751550405261657,-0.38112724010180754,1.2378505970950135,1.2219637598078192,0.2429283581329067,0.0908463050523296,-0.6696295773027342,-0.6168558765110084,-0.5083430491245388
5294,-0.6918460092194515,-1.5681864291091574,1.7206494582845442,0.8240677136308887,0.8729499427784192,1.1379952573414867,0.04537002603198215,-0.723117414484435,-0.6869008050010774,-0.6075364220210324
5295,0.8482161211371456,-0.751550405261657,0.6697611090913683,-1.2448467036897353,1.8501886304607433,1.5855287069457766,0.2899644052488976,0.7032249103609084,0.7490202290453358,0.9653870624805029
5296,-1.0082971318954645,0.8817216424333439,-1.4320155892949833,0.410284830166764,0.38433059893725724,-0.6521385410756733,0.03729479891621952,-1.2045079491197386,-1.1597040723090428,-1.1318442501882104
5297,2.8524065647518957,0.8817216424333439,0.6697611090913683,-0.8310638202256104,-0.03448598149801883,-1.0996719906799632,0.7713435690378792,2.4059210606450376,2.1936968791530083,2.269071391977271
5298,0.4262812909024616,1.6983576662808442,0.14431693449478036,0.410284830166764,2.1992024474901433,-0.6521385410756733,0.3102587260266695,0.4714442825735402,0.5038629793300943,0.7670003166875169
5299,1.1435705023014249,0.8817216424333439,1.1952052836879563,0.8240677136308887,0.6635416525607812,-0.2046050914713833,0.5254210274663975,1.1667861659356455,1.1955566481695252,1.2629671811699825
5300,-1.0082971318954645,-0.751550405261657,-0.9065714146983955,-1.2448467036897353,0.9427527061843003,-0.6521385410756733,0.031291505073580195,-1.240166507240872,-1.185970920492819,-1.1176737683458546
5301,-0.5019753356138434,0.8817216424333439,0.6697611090913683,0.410284830166764,0.3145278355313812,-0.2046050914713833,0.07528024225681347,-0.4111050309245164,-0.39796547497954293,-0.36663823070097756
5302,-0.20662095444956474,-0.751550405261657,-0.9065714146983955,0.8240677136308887,1.2917665232137003,1.1379952573414867,0.1594326090421293,-0.10800728689488018,-0.18783068950933665,0.0017942972002833347
5303,-1.0293938734071988,0.8817216424333439,1.1952052836879563,-1.2448467036897353,-0.31369703512154284,0.2429283581329067,0.023535036922913456,-1.2134225886500216,-1.1684596883703013,-1.2026966593999917
5304,-0.6074590431725145,0.8817216424333439,1.1952052836879563,0.410284830166764,0.035316781907857205,-1.0996719906799632,0.08271795144238432,-0.5180807052879165,-0.4855216355921296,-0.4941725672821829
5305,-0.45978185259037524,0.8817216424333439,-1.4320155892949833,0.410284830166764,0.24472507212550018,-1.0996719906799632,0.09355575625564469,-0.3397879146822491,-0.34543177861199154,-0.3099563033315528
5306,-0.20662095444956474,0.8817216424333439,-1.4320155892949833,0.410284830166764,-0.6627108521509428,-0.6521385410756733,0.1861552356160017,0.007883026998803893,0.03981532808338804,-0.054887630169141416
5307,0.46847477392593007,-1.5681864291091574,0.14431693449478036,-1.2448467036897353,0.9427527061843003,-1.0996719906799632,0.26871380757583807,0.6408224336489251,0.5651522917589049,0.7244888711604479
5308,-1.1981678055010725,-1.5681864291091574,-1.4320155892949833,1.6516334805591384,0.6635416525607812,0.6904618077371967,0.024703819794931733,-1.6056667279824912,-1.5624624111269394,-1.5144472599318273
5309,0.27860410032032223,1.6983576662808442,0.6697611090913683,0.410284830166764,2.0595969206783815,0.2429283581329067,0.17308611804707008,0.3198954105587225,0.28497257779862883,0.5544430890521743
5310,-0.03784702235569092,-1.5681864291091574,-0.9065714146983955,-1.2448467036897353,0.4541333623431382,0.2429283581329067,0.15645752536790097,0.11485870136220476,0.14488272081849157,0.18601056115091347
5311,-0.6074590431725145,0.06508561858584352,1.1952052836879563,-1.2448467036897353,0.4541333623431382,0.2429283581329067,0.06970196036763535,-0.5359099843484837,-0.5818334122659738,-0.5083430491245388
5312,-0.3964916280551725,-0.751550405261657,-1.4320155892949833,-1.2448467036897353,-0.31369703512154284,1.5855287069457766,0.09525580406948946,-0.2952147170308315,-0.2578756179994049,-0.3099563033315528
5313,0.4262812909024616,-1.5681864291091574,1.1952052836879563,-1.2448467036897353,-1.5003440130215,1.1379952573414867,0.2654730914306965,0.6229931545883579,0.66146406843275,0.44107923431332485
5314,-0.6074590431725145,0.8817216424333439,0.14431693449478036,1.6516334805591384,0.1051195453137382,-0.6521385410756733,0.10614673537693248,-0.5359099843484837,-0.5117884837759049,-0.5083430491245388
5315,-1.050490614918933,0.8817216424333439,0.6697611090913683,0.8240677136308887,-0.5231053253391809,0.2429283581329067,0.026085108643680605,-1.2758250653620058,-1.2297490007991119,-1.2877195504541288
5316,2.5359554420758825,0.06508561858584352,-0.38112724010180754,-0.0034980532973608127,-1.430541249615619,2.033062156550067,0.33703447909472456,2.1919697119182358,2.001073325805318,1.8581274185489418
5317,-0.9450069073602619,0.8817216424333439,0.14431693449478036,0.410284830166764,0.24472507212550018,-0.2046050914713833,0.037507304892950115,-1.0707883561654872,-1.0371254474514224,-1.0184803954493615
5318,-0.9872003903837303,0.06508561858584352,-0.9065714146983955,-1.2448467036897353,-1.0117246691803428,0.2429283581329067,0.041438665462466134,-1.106446914286621,-1.1071703759414915,-1.1885261775576352
5319,-0.1855242129378305,0.8817216424333439,1.1952052836879563,1.2378505970950135,-0.03448598149801883,-0.2046050914713833,0.15566062795516125,0.0167976665290871,-0.03022960040668098,-0.012376184642073167
5320,-0.1855242129378305,0.8817216424333439,-0.9065714146983955,-1.2448467036897353,0.1749223087196192,-1.0996719906799632,0.1727673590819742,-0.018860891592046524,0.022304095960870397,0.03013526088499571
5321,0.8904096041606141,0.8817216424333439,-0.38112724010180754,-0.8310638202256104,-0.03448598149801883,-0.6521385410756733,0.3085055517186421,1.0508958520419613,0.9591550145155429,0.9937280261652158
5322,0.5106682569493985,0.8817216424333439,0.6697611090913683,-1.2448467036897353,-0.24389427171566183,-1.0996719906799632,0.23497848376985603,0.685395631300342,0.7490202290453358,0.681977425633379
5323,0.6583454475315381,0.06508561858584352,0.14431693449478036,-0.8310638202256104,0.24472507212550018,0.2429283581329067,0.22754077458428518,0.801285945194026,0.6789753005552669,0.7953412803722286
5324,-0.1644274714260963,0.8817216424333439,-0.38112724010180754,0.8240677136308887,-0.10428874490389983,-1.0996719906799632,0.16644530627423895,0.025712306059370308,0.0573265602059049,0.03013526088499571
5325,-0.12223398840262782,0.8817216424333439,-1.4320155892949833,1.6516334805591384,0.1051195453137382,-0.2046050914713833,0.1930085533655634,0.05245622465022072,0.06608217626716334,0.07264670641206396
5326,-0.1855242129378305,0.8817216424333439,0.14431693449478036,-0.8310638202256104,0.24472507212550018,-0.7863985759569591,0.13887265579344418,-0.02777553112232973,0.013548479899611962,0.03013526088499571
5327,-0.24881443747303295,1.6983576662808442,1.1952052836879563,-1.2448467036897353,-2.617188227515581,6.060863202988677,0.08675556500026563,0.10594406183192076,-0.03022960040668098,-0.2674448578044839
5328,-0.6074590431725145,-1.5681864291091574,0.6697611090913683,-1.2448467036897353,0.9427527061843003,-0.6521385410756733,0.05588907188014663,-0.5269953448182004,-0.5905890283272331,-0.451661121755114
5329,-0.1855242129378305,-0.751550405261657,0.6697611090913683,0.8240677136308887,-1.8493578300509,2.659608985996072,0.11895022047495085,0.025712306059370308,0.06608217626716334,-0.1682514849079909
5330,0.5106682569493985,0.8817216424333439,0.14431693449478036,-1.2448467036897353,-0.38349979852741883,-0.6521385410756733,0.2733358125697285,0.7210541894214756,0.7577758451065942,0.681977425633379
5331,-0.7973297167781225,0.06508561858584352,0.14431693449478036,0.8240677136308887,0.035316781907857205,0.6904618077371967,0.054773415502311004,-0.8211784493175527,-0.791968197736181,-0.7917526859716626
5332,0.23641061729685378,0.8817216424333439,0.6697611090913683,0.410284830166764,0.3145278355313812,-0.6521385410756733,0.19927747967911597,0.4357857244524066,0.39003997053373235,0.4552497161556807
5333,-0.9872003903837303,0.8817216424333439,0.6697611090913683,-0.4172809367614856,-0.10428874490389983,-1.0996719906799632,0.04733570631674016,-1.124276193347188,-1.11592599200275,-1.1176737683458546
5334,0.4473780324141958,-1.5681864291091574,-0.9065714146983955,-1.2448467036897353,-1.919160593456781,0.6904618077371967,0.29750836742283376,0.7477981080123259,0.7490202290453358,0.4835906798403931
5335,-1.0293938734071988,0.06508561858584352,-0.38112724010180754,1.2378505970950135,0.5937388891549003,0.2429283581329067,0.04818573022366254,-1.2490811467711553,-1.2647714650441464,-1.1885261775576352
5336,-1.0082971318954645,0.8817216424333439,0.14431693449478036,1.2378505970950135,-0.03448598149801883,-0.6521385410756733,0.049195133613132866,-1.1866786700591714,-1.1509484562477845,-1.1601852138729227
5337,-1.0293938734071988,0.06508561858584352,-0.38112724010180754,-0.4172809367614856,-0.6627108521509428,0.6904618077371967,0.0504170429793338,-1.1955933095894553,-1.2034821526153359,-1.24520810492706
5338,-0.8817166828250593,-1.5681864291091574,0.14431693449478036,-0.4172809367614856,-1.081527432586219,0.2429283581329067,0.06821441853052117,-0.8924955655598191,-0.9057912065325429,-0.9901394317646491
5339,1.7764727476534508,0.06508561858584352,-1.4320155892949833,-1.2448467036897353,-1.5701467764273809,0.2429283581329067,0.7563087711841896,1.7729816539949161,1.6683599154774906,1.4613539269629696
5340,0.21531387578511957,-1.5681864291091574,0.14431693449478036,-1.2448467036897353,-1.5003440130215,2.4805956061543566,0.21208096477713437,0.4536150035129738,0.3812843544724739,0.22852200667798234
5341,-0.1644274714260963,0.06508561858584352,1.1952052836879563,0.8240677136308887,0.38433059893725724,1.5855287069457766,0.14057270360728896,-0.0010316125314793153,-0.06525206465171549,0.015964779042639207
5342,-0.9872003903837303,0.8817216424333439,0.14431693449478036,-0.8310638202256104,-0.24389427171566183,-0.2046050914713833,0.02194124209743399,-1.1510201119380377,-1.0984147598802323,-1.1318442501882104
5343,0.13092690973818266,-1.5681864291091574,-1.4320155892949833,0.410284830166764,0.38433059893725724,-0.6521385410756733,0.24783509536205706,0.2842368524375889,0.3024838099211465,0.3418858614168312
5344,-0.9239101658485277,0.06508561858584352,0.14431693449478036,0.8240677136308887,-0.31369703512154284,-0.2046050914713833,0.05381713860702332,-1.0262151585140704,-1.0283698313901641,-1.0468213591340738
5345,-0.9872003903837303,0.8817216424333439,-1.4320155892949833,0.410284830166764,0.1051195453137382,-1.0996719906799632,0.04637942942145248,-1.1331908328774714,-1.0896591438189738,-1.0893328046611421
5346,-0.438685111078641,0.06508561858584352,-0.38112724010180754,-1.2448467036897353,0.1051195453137382,0.6904618077371967,0.06720501514105084,-0.2684707984399819,-0.34543177861199154,-0.2957858214891963
5347,0.7216356720667403,0.06508561858584352,-0.9065714146983955,-1.2448467036897353,-0.8721191423685809,0.6904618077371967,0.3086118047070074,0.9439201776785605,0.871598853902957,0.7811707985298727
5348,0.004346460667777534,-1.5681864291091574,-0.38112724010180754,-1.2448467036897353,0.38433059893725724,0.6904618077371967,0.14184773946767254,0.1950904571347552,0.23243888143107744,0.25686297036269473
5349,-0.12223398840262782,0.8817216424333439,-1.4320155892949833,0.410284830166764,-0.03448598149801883,-0.6521385410756733,0.17924879137225735,0.07028550371078714,0.10986025657345705,0.08681718825442046
5350,1.0380867947427537,-1.5681864291091574,0.6697611090913683,0.410284830166764,-0.31369703512154284,0.2429283581329067,0.32401848801997557,1.1132983287539453,1.1430229518019739,1.0787509172193523
5351,-0.8184264582898567,-0.751550405261657,0.14431693449478036,1.6516334805591384,-1.779555066645019,2.4805956061543566,0.06109546831004622,-0.8122638097872686,-0.7569457334911465,-0.9476279862375803
5352,-0.03784702235569092,0.06508561858584352,-0.9065714146983955,-1.2448467036897353,-0.5929080887450618,-1.0996719906799632,0.16708282420443074,0.23966365478617205,0.17114956900226685,0.1293286337814887
5353,-1.0082971318954645,0.06508561858584352,-0.38112724010180754,0.410284830166764,0.6635416525607812,0.2429283581329067,0.025022578760027624,-1.2490811467711553,-1.212237768676595,-1.1601852138729227
5354,-0.438685111078641,-1.5681864291091574,-0.9065714146983955,0.8240677136308887,0.5937388891549003,0.2429283581329067,0.11974711788769059,-0.3487025542125323,-0.3016536983056986,-0.25327437596212804
5355,-0.20662095444956474,-0.751550405261657,-1.4320155892949833,-1.2448467036897353,-0.10428874490389983,1.5855287069457766,0.1121500292195718,-0.08126336830403057,-0.06525206465171549,-0.0832285938538538
5356,-0.5863623016607803,0.8817216424333439,-1.4320155892949833,0.410284830166764,0.5937388891549003,-0.2046050914713833,0.09642458694150773,-0.5002514262273501,-0.564322180143457,-0.46583160359747056
5357,-0.4808785941021094,0.8817216424333439,0.14431693449478036,-1.2448467036897353,-0.10428874490389983,-0.6521385410756733,0.0690113159432609,-0.35761719374281553,-0.3279205464894739,-0.35246774885862103
5358,0.4473780324141958,0.06508561858584352,-1.4320155892949833,0.410284830166764,0.8031471793725382,0.2429283581329067,0.3365563406470807,0.6586517127094915,0.5563966756976465,0.7103183893180921
5359,2.8524065647518957,0.06508561858584352,1.1952052836879563,-0.8310638202256104,-1.430541249615619,1.1379952573414867,0.7074855230303352,2.379177142054188,2.3075198879493697,2.0848551280266405
5360,1.291247692883564,0.06508561858584352,-1.4320155892949833,0.8240677136308887,-2.058766120268543,0.6904618077371967,0.673165807788344,1.3985667937230135,1.3356465051496633,1.0504099535346405
5361,0.8904096041606141,-0.751550405261657,1.7206494582845442,-1.2448467036897353,1.4313720500254572,-0.2046050914713833,0.24501939117037666,0.9260908986179933,0.8628432378416978,1.0787509172193523
5362,-0.41758836956690676,-1.5681864291091574,1.1952052836879563,-1.2448467036897353,1.2219637598078192,1.093241912381057,0.08314296339584551,-0.40219039139423235,-0.38045424285702606,-0.25327437596212804
5363,-0.37539488654343833,1.6983576662808442,0.14431693449478036,-1.2448467036897353,-4.6414683662861,3.8231959549672268,0.08718057695372683,0.10594406183192076,-0.03022960040668098,-0.5083430491245388
5364,0.4262812909024616,-0.751550405261657,-0.38112724010180754,-1.2448467036897353,1.1521609964019384,-0.6521385410756733,0.23317218296764597,0.5427613988158074,0.5563966756976465,0.6961479074757362
5365,-0.6285557846842488,0.8817216424333439,0.14431693449478036,1.6516334805591384,-0.10428874490389983,-0.6521385410756733,0.1147532274345216,-0.5537392634090501,-0.5730777962047154,-0.5650249764939635
5366,1.481118366489172,-1.5681864291091574,-0.38112724010180754,1.2378505970950135,-0.5929080887450618,1.5855287069457766,0.6209424640068002,1.4520546309047144,1.4494695139460252,1.3479900722241203
5367,-1.0082971318954645,0.06508561858584352,-0.9065714146983955,1.2378505970950135,0.1749223087196192,1.1379952573414867,0.04834510970621049,-1.2134225886500216,-1.1684596883703013,-1.1601852138729227
5368,-1.050490614918933,0.06508561858584352,-0.38112724010180754,0.8240677136308887,0.1749223087196192,0.2429283581329067,0.035860383573287996,-1.293654344422572,-1.3085495453504394,-1.2735490686117723
5369,0.4262812909024616,0.8817216424333439,-0.9065714146983955,-0.8310638202256104,-0.17409150830978082,-0.6521385410756733,0.2632949051692079,0.6408224336489251,0.5914191399426809,0.5827840527368867
5370,-0.1011372468908936,0.8817216424333439,1.1952052836879563,0.410284830166764,-0.8023163789626999,-1.0996719906799632,0.15890134410030282,0.1594318990136216,0.17114956900226685,0.07264670641206396
5371,2.599245666611085,0.06508561858584352,-0.38112724010180754,-0.8310638202256104,-2.5473854641097,0.6904618077371967,0.5779631302130372,2.3435185839330535,2.254986191581819,1.872297900391299
5372,0.8693128626488799,1.6983576662808442,1.7206494582845442,-0.8310638202256104,1.9897941572724953,0.6904618077371967,0.21165595282367317,0.8993469800271436,0.7927983093516288,1.1070918809040653
5373,1.2490542098600954,-1.5681864291091574,-0.38112724010180754,0.410284830166764,-1.5701467764273809,1.5855287069457766,0.4755352494288902,1.3718228751321633,1.3969358175784738,1.1354328445887771
5374,-0.20662095444956474,0.06508561858584352,-1.4320155892949833,-1.2448467036897353,0.5239361257490193,1.5855287069457766,0.1377038729214259,-0.009946252061763314,-0.14405260920304294,0.015964779042639207
5375,0.21531387578511957,-1.5681864291091574,-0.38112724010180754,-1.2448467036897353,0.38433059893725724,0.2429283581329067,0.19098974658662274,0.3822978872707065,0.39879558659499154,0.44107923431332485
5376,-0.5230720771255777,0.8817216424333439,-0.38112724010180754,1.6516334805591384,-0.03448598149801883,-0.2046050914713833,0.09111193752324284,-0.4200196704547996,-0.39796547497954293,-0.40914967622804577
5377,-0.9661036488719961,0.8817216424333439,0.14431693449478036,1.2378505970950135,-0.4533025619332999,-0.6521385410756733,0.062370504170429795,-1.0975322747563376,-1.0546366795739395,-1.1035032865034986
5378,2.0085369042825274,0.06508561858584352,1.7206494582845442,0.8240677136308887,0.3145278355313812,0.6904618077371967,0.5540562078308452,1.7551523749343498,1.7559160760900774,1.787275009337161
5379,2.578148925099351,1.6983576662808442,1.7206494582845442,0.8240677136308887,1.9897941572724953,0.6904618077371967,0.7118418955533125,1.9780183631914348,1.8960059330702155,2.2407304282925593
5380,-1.050490614918933,0.8817216424333439,0.14431693449478036,0.8240677136308887,0.1051195453137382,-1.0996719906799632,0.0357541305849227,-1.293654344422572,-1.256015848982888,-1.24520810492706
5381,2.0085369042825274,-0.751550405261657,0.6697611090913683,0.8240677136308887,-2.407779937297943,0.6904618077371967,0.69314136960102,1.9512744446005843,1.9572952454990253,1.5463768180171062
5382,-0.6074590431725145,0.8817216424333439,-0.9065714146983955,0.410284830166764,0.1051195453137382,-1.0996719906799632,0.09493704510439356,-0.5537392634090501,-0.5292997158984225,-0.5225135309668953
5383,1.987440162770793,0.06508561858584352,0.6697611090913683,-1.2448467036897353,-2.128568883674419,1.1379952573414867,0.5854539658927908,1.933445165540018,1.8434722367026632,1.5322063361747504
5384,1.481118366489172,0.06508561858584352,1.1952052836879563,0.410284830166764,-1.0117246691803428,1.1379952573414867,0.6793284811135313,1.4342253518441472,1.3356465051496633,1.2204557356429149
5385,1.481118366489172,-0.751550405261657,1.7206494582845442,0.410284830166764,-1.5003440130215,1.1379952573414867,0.391436009137757,1.4074814332532968,1.440713897884767,1.192114771958202
5386,0.4473780324141958,-1.5681864291091574,0.6697611090913683,0.8240677136308887,-0.03448598149801883,0.6904618077371967,0.2743983424533815,0.6408224336489251,0.6789753005552669,0.6536364619486673
5387,0.8693128626488799,0.8817216424333439,1.1952052836879563,0.8240677136308887,0.5937388891549003,-0.6521385410756733,0.4577378738777028,0.9260908986179933,0.9416437823930253,1.0078985080075717
5388,-0.12223398840262782,-0.751550405261657,1.1952052836879563,-1.2448467036897353,1.2917665232137003,0.2429283581329067,0.09908091165064017,-0.0010316125314793153,-0.021473984345422546,0.1434991156238452
5389,-0.5441688186373119,0.8817216424333439,0.14431693449478036,0.410284830166764,-0.8721191423685809,-0.6521385410756733,0.08925251022685013,-0.4111050309245164,-0.38920985891828447,-0.4800020854398264
5390,1.1013770192779564,0.8817216424333439,0.6697611090913683,1.2378505970950135,-0.5231053253391809,-0.6521385410756733,0.4516283270466982,1.2113593635870623,1.16928979998575,1.1070918809040653
5391,-1.0293938734071988,-0.751550405261657,1.1952052836879563,-0.8310638202256104,1.0823582329960573,-1.5472054402842532,0.021675609626520747,-1.2847397048922888,-1.2209933847378536,-1.146014732030567
5392,0.6161519645080696,0.06508561858584352,-0.38112724010180754,-0.8310638202256104,-0.38349979852741883,2.033062156550067,0.23349094193274186,0.801285945194026,0.7402646129840774,0.7103183893180921
5393,-0.5863623016607803,0.8817216424333439,-0.9065714146983955,-1.2448467036897353,-0.17409150830978082,-1.0996719906799632,0.08500239069223822,-0.48242214716678283,-0.45049917134709505,-0.4800020854398264
5394,-0.5863623016607803,0.8817216424333439,-1.4320155892949833,0.410284830166764,-0.03448598149801883,-1.0996719906799632,0.08973064867449397,-0.5091660657576332,-0.4592547874083535,-0.4800020854398264
5395,-1.0082971318954645,0.8817216424333439,-0.9065714146983955,0.410284830166764,0.1051195453137382,-1.0996719906799632,0.04026988259044786,-1.1955933095894553,-1.142192840186526,-1.146014732030567
5396,1.6920857816065142,0.8817216424333439,-0.38112724010180754,0.410284830166764,-0.38349979852741883,-0.2046050914713833,0.46267863783668917,1.6392620610406659,1.5457812906198702,1.5180358543323944
5397,0.7216356720667403,0.8817216424333439,-0.38112724010180754,-1.2448467036897353,-0.10428874490389983,-0.6521385410756733,0.37608245231897147,0.8815177009665764,0.8803544699642155,0.8520232077416533
5398,1.9452466797473245,0.06508561858584352,-0.38112724010180754,-1.2448467036897353,-0.24389427171566183,0.6904618077371967,0.6905381713860702,1.764067014464633,1.6683599154774906,1.6597406727559558
5399,0.46847477392593007,-1.5681864291091574,0.14431693449478036,-1.2448467036897353,-0.5929080887450618,-0.2046050914713833,0.28087977474366466,0.7032249103609084,0.7227533808615598,0.6252954982639549
5400,0.4473780324141958,-1.5681864291091574,0.14431693449478036,-0.8310638202256104,-0.6627108521509428,2.4805956061543566,0.21340912713170057,0.578419956936941,0.5126185953913535,0.4552497161556807
5401,2.578148925099351,0.06508561858584352,1.7206494582845442,0.410284830166764,-0.4533025619332999,0.2429283581329067,0.6817191733517505,2.0582501189639846,2.071118254295387,1.9714912732877912
5402,-0.6285557846842488,-1.5681864291091574,1.1952052836879563,0.410284830166764,-1.0117246691803428,0.2429283581329067,0.0719332731233066,-0.5180807052879165,-0.4767660195308704,-0.5933659401786759
5403,-1.0293938734071988,0.8817216424333439,-0.9065714146983955,0.410284830166764,0.24472507212550018,-1.0996719906799632,0.05004515752005525,-1.2579957863014386,-1.2472602329216296,-1.2168671412423475
5404,-0.9872003903837303,-1.5681864291091574,1.1952052836879563,1.6516334805591384,-1.221132959397981,2.4805956061543566,0.05126706688625617,-1.106446914286621,-1.1246816080640083,-1.2168671412423475
5405,-0.6074590431725145,0.8817216424333439,-0.9065714146983955,0.410284830166764,0.1051195453137382,-0.6521385410756733,0.0999840620517452,-0.5269953448182004,-0.5468109480209394,-0.5225135309668953
5406,-1.0715873564306673,-1.5681864291091574,1.1952052836879563,1.2378505970950135,-0.10428874490389983,-0.6521385410756733,0.03224778196886787,-1.3293129025437058,-1.282282697166664,-1.3018900322964846
5407,0.5739584814846012,0.8817216424333439,0.6697611090913683,0.8240677136308887,0.1749223087196192,-0.2046050914713833,0.27662965520905275,0.685395631300342,0.7227533808615598,0.7244888711604479
5408,1.586602074047843,0.8817216424333439,1.1952052836879563,0.410284830166764,-0.10428874490389983,-1.0996719906799632,0.7390957870690114,1.532286386677265,1.5282700584973534,1.5038653724900373
5409,-0.8395231998015908,0.8817216424333439,-0.9065714146983955,-1.2448467036897353,0.8729499427784192,-0.2046050914713833,0.04908888062476757,-0.9192394841506695,-0.9408136707775774,-0.8342641314987308
5410,1.4178281419539693,0.06508561858584352,1.1952052836879563,0.410284830166764,0.7333444159666572,-0.2046050914713833,0.5903947298517771,1.3718228751321633,1.3006240409046288,1.4330129632782567
5411,-0.9872003903837303,0.8817216424333439,-0.38112724010180754,0.410284830166764,-0.7325136155568189,-1.0996719906799632,0.029272698294639538,-1.115361553816904,-1.072147911696457,-1.146014732030567
5412,0.4473780324141958,0.06508561858584352,-0.38112724010180754,-1.2448467036897353,0.8729499427784192,1.1379952573414867,0.24661318599585613,0.5605906778763746,0.521374211452612,0.6536364619486673
5413,-0.20662095444956474,1.6983576662808442,-0.38112724010180754,-1.2448467036897353,2.9670328449548196,-0.6521385410756733,0.09775274929607396,-0.20606832172799786,-0.17907507344807744,0.1434991156238452
5414,0.21531387578511957,-1.5681864291091574,1.7206494582845442,0.410284830166764,0.1051195453137382,0.6904618077371967,0.16570153535568188,0.3644686082101393,0.40755120265625,0.398567788786256
5415,-0.9661036488719961,0.8817216424333439,0.14431693449478036,0.8240677136308887,0.3145278355313812,-0.6521385410756733,0.05078892843861234,-1.124276193347188,-1.1334372241252668,-1.0893328046611421
5416,0.9536998286958168,0.06508561858584352,1.7206494582845442,0.8240677136308887,0.3145278355313812,0.2429283581329067,0.2994740477075918,1.0241519334511109,1.0379555590668703,1.0645804353769965
5417,-0.8184264582898567,-1.5681864291091574,-1.4320155892949833,0.8240677136308887,0.7333444159666572,-0.6521385410756733,0.04430749614832917,-0.9014102050901031,-0.8445018941037331,-0.7917526859716626
5418,1.5444085910243748,-1.5681864291091574,-0.38112724010180754,0.410284830166764,0.5239361257490193,1.5855287069457766,0.6227487648090102,1.3807375146624472,1.440713897884767,1.4755244088053256
5419,1.797569489165185,-1.5681864291091574,1.7206494582845442,-1.2448467036897353,-0.03448598149801883,-0.6521385410756733,0.4198586835254742,1.6749206191617994,1.6858711476000083,1.6597406727559558
5420,-0.41758836956690676,0.8817216424333439,-1.4320155892949833,0.8240677136308887,-0.10428874490389983,-1.0996719906799632,0.12973489879402858,-0.2684707984399819,-0.2228531537543704,-0.25327437596212804
5421,-0.20662095444956474,-1.5681864291091574,-1.4320155892949833,-1.2448467036897353,1.0125554695901813,-0.2046050914713833,0.1337725123519099,-0.09017800783431376,-0.10903014495800843,0.015964779042639207
5422,0.4473780324141958,-1.5681864291091574,-1.4320155892949833,1.6516334805591384,-0.10428874490389983,0.2429283581329067,0.4463156776284333,0.5962492359975082,0.6351972202489738,0.5969545345792426
5423,-0.45978185259037524,0.8817216424333439,0.14431693449478036,0.410284830166764,0.24472507212550018,-0.6521385410756733,0.08850873930829305,-0.35761719374281553,-0.3191649304282155,-0.3099563033315528
5424,0.4262812909024616,-0.751550405261657,-0.9065714146983955,-0.8310638202256104,1.0823582329960573,-0.6521385410756733,0.24544440312383786,0.5516760383460907,0.5651522917589049,0.6961479074757362
5425,-0.8184264582898567,0.06508561858584352,0.14431693449478036,0.410284830166764,-0.10428874490389983,0.6904618077371967,0.04584816447962599,-0.8835809260295359,-0.8445018941037331,-0.8626050951834432
5426,-0.1644274714260963,0.06508561858584352,-0.9065714146983955,-1.2448467036897353,0.5937388891549003,-1.5472054402842532,0.1619295542687138,0.04354158511993751,-0.012718368284164113,0.08681718825442046
5427,-0.8606199413133251,0.8817216424333439,1.7206494582845442,1.6516334805591384,0.1749223087196192,-1.3234387154821083,0.036497901503479785,-0.9459834027415199,-0.9057912065325429,-0.9051165407105121
5428,-0.1644274714260963,0.06508561858584352,-1.4320155892949833,0.410284830166764,0.8729499427784192,-1.0996719906799632,0.1488604366997822,0.05245622465022072,-0.10903014495800843,0.07264670641206396
5429,-0.20662095444956474,0.8817216424333439,1.1952052836879563,1.6516334805591384,0.24472507212550018,-0.6521385410756733,0.15183552037401052,-0.09017800783431376,-0.021473984345422546,-0.026546666484429042
5430,-0.5230720771255777,0.8817216424333439,1.1952052836879563,1.6516334805591384,-0.8721191423685809,0.2429283581329067,0.10710301227222016,-0.38436111233366593,-0.34543177861199154,-0.451661121755114
5431,-0.6285557846842488,-0.751550405261657,-1.4320155892949833,-1.2448467036897353,1.7105831036489814,0.6904618077371967,0.061361100780959466,-0.6250563796513173,-0.6693895728785606,-0.46583160359747056
5432,-1.050490614918933,0.8817216424333439,-0.38112724010180754,-0.4172809367614856,0.035316781907857205,-1.0996719906799632,0.05381713860702332,-1.2669104258317225,-1.256015848982888,-1.24520810492706
5433,-0.6285557846842488,-1.5681864291091574,-0.9065714146983955,0.410284830166764,1.1521609964019384,-0.2046050914713833,0.09339637677309674,-0.5715685424696173,-0.60810026044975,-0.46583160359747056
5434,-0.5863623016607803,0.06508561858584352,-1.4320155892949833,0.410284830166764,0.5239361257490193,-0.6521385410756733,0.09642458694150773,-0.4913367866970668,-0.5117884837759049,-0.43749063991275816
5435,2.578148925099351,0.06508561858584352,-0.38112724010180754,0.410284830166764,-0.31369703512154284,1.1379952573414867,0.8493332624980078,2.165225793327386,2.0798738703566455,2.056514164341929
5436,-1.1770710639893383,-1.5681864291091574,-0.9065714146983955,1.6516334805591384,0.8031471793725382,0.2429283581329067,0.029325824788822185,-1.5789228093916412,-1.5274399468819049,-1.471935814404759
5437,-0.20662095444956474,0.06508561858584352,1.1952052836879563,0.410284830166764,-0.03448598149801883,0.2429283581329067,0.12309408702119747,-0.045604810182896936,-0.003962752222904903,-0.026546666484429042
5438,0.5317649984611327,0.8817216424333439,0.14431693449478036,1.6516334805591384,0.1051195453137382,-0.2046050914713833,0.47983849545768475,0.7032249103609084,0.6702196844940084,0.6961479074757362
5439,0.9115063456723483,0.06508561858584352,0.14431693449478036,-0.8310638202256104,-0.38349979852741883,0.2429283581329067,0.320777771874834,1.0508958520419613,0.9679106305768014,0.951216580638147
5440,-0.5019753356138434,0.8817216424333439,-1.4320155892949833,1.6516334805591384,-0.5231053253391809,-0.6521385410756733,0.12771609201508793,-0.36653183327309874,-0.3279205464894739,-0.3949791943856899
5441,-1.050490614918933,0.8817216424333439,-1.4320155892949833,1.2378505970950135,-0.8023163789626999,-0.2046050914713833,0.047548212293470754,-1.2490811467711553,-1.212237768676595,-1.2877195504541288
5442,0.02544320217951176,-1.5681864291091574,-1.4320155892949833,0.410284830166764,0.7333444159666572,-0.2046050914713833,0.20395261116718907,0.15051725948333838,0.1886608011247845,0.25686297036269473
5443,0.27860410032032223,0.06508561858584352,1.7206494582845442,0.410284830166764,-0.4533025619332999,0.6904618077371967,0.16602029432077778,0.5427613988158074,0.5126185953913535,0.4694201979980372
5444,0.6372487060198039,0.06508561858584352,1.1952052836879563,-1.2448467036897353,-1.5003440130215,1.1379952573414867,0.25033204058864156,0.8993469800271436,0.845332005719181,0.6536364619486673
5445,-0.9239101658485277,0.06508561858584352,1.1952052836879563,-0.4172809367614856,-0.5231053253391809,0.6904618077371967,0.057057854752164905,-1.0529590771049209,-0.9933473671451296,-1.0609918409764298
5446,-1.0082971318954645,-0.751550405261657,-0.9065714146983955,-1.2448467036897353,1.3615692866195812,-1.0996719906799632,0.031291505073580195,-1.2312518677105888,-1.185970920492819,-1.0751623228187863
5447,-0.8817166828250593,-1.5681864291091574,-0.9065714146983955,-0.8310638202256104,-0.4533025619332999,0.2429283581329067,0.03362907081761674,-0.9905566003929368,-0.9233024386550606,-0.9901394317646491
5448,-0.8184264582898567,-1.5681864291091574,-1.4320155892949833,-1.2448467036897353,-1.7097523032391428,0.6904618077371967,0.04000425011953461,-0.776605251666135,-0.7394345013686295,-0.9192870225528679
5449,0.4473780324141958,-0.751550405261657,-0.9065714146983955,0.410284830166764,0.24472507212550018,0.6904618077371967,0.3717792062901769,0.4892735616341074,0.5388854435751288,0.5402726072098178
5450,-1.050490614918933,0.8817216424333439,0.14431693449478036,0.410284830166764,-0.8721191423685809,-0.6521385410756733,0.043988737183233276,-1.2134225886500216,-1.2297490007991119,-1.2877195504541288
5451,-0.649652526195983,-1.5681864291091574,-0.38112724010180754,1.6516334805591384,0.38433059893725724,-0.2046050914713833,0.08436487276204643,-0.6339710191816014,-0.5993446443884916,-0.5650249764939635
5452,-0.9872003903837303,0.06508561858584352,1.1952052836879563,0.410284830166764,-1.221132959397981,0.2429283581329067,0.03947298517770812,-1.106446914286621,-1.1071703759414915,-1.2026966593999917
5453,-0.1855242129378305,-1.5681864291091574,0.14431693449478036,-0.8310638202256104,1.2917665232137003,-0.6521385410756733,0.11145938479519736,-0.1347512054857306,-0.056496448590457056,0.058476224569708087
5454,0.4262812909024616,-0.751550405261657,1.1952052836879563,0.410284830166764,0.8031471793725382,-0.6521385410756733,0.29453328374860543,0.5338467592855243,0.5739079078201633,0.6536364619486673
5455,-1.0082971318954645,0.06508561858584352,0.14431693449478036,0.410284830166764,-1.5701467764273809,1.1379952573414867,0.03198214949795463,-1.1331908328774714,-1.0984147598802323,-1.24520810492706
5456,0.4473780324141958,-0.751550405261657,-1.4320155892949833,-1.2448467036897353,-1.7097523032391428,2.928129055758647,0.238006693938267,0.6764809917700587,0.6439528363102324,0.4269087524709683
5457,-1.0293938734071988,0.8817216424333439,-0.38112724010180754,1.6516334805591384,0.3145278355313812,-1.0996719906799632,0.042607448334484405,-1.2223372281803049,-1.212237768676595,-1.1743556957152792
5458,0.4473780324141958,0.8817216424333439,-1.4320155892949833,-0.8310638202256104,0.1051195453137382,-0.6521385410756733,0.25670721989055945,0.6229931545883579,0.6351972202489738,0.6394659801063115
5459,0.046539943691245755,-1.5681864291091574,1.1952052836879563,0.410284830166764,-1.360738486209743,-0.6521385410756733,0.18780215693566382,0.3555539686798561,0.39003997053373235,0.20018104299326997
5460,-1.1348775809658698,0.8817216424333439,1.1952052836879563,0.8240677136308887,-0.24389427171566183,-0.6521385410756733,0.024225681347287892,-1.4362885769071065,-1.3785944738405085,-1.4152538870353342
5461,-0.6285557846842488,-1.5681864291091574,-0.9065714146983955,1.6516334805591384,1.0823582329960573,-1.0996719906799632,0.12272220156191893,-0.5804831819999005,-0.5905890283272331,-0.46583160359747056
5462,1.481118366489172,0.06508561858584352,1.1952052836879563,0.410284830166764,-0.8721191423685809,0.6904618077371967,0.6965945917228922,1.478798549495564,1.4144470497009907,1.3054786266970513
5463,-0.9661036488719961,0.8817216424333439,1.1952052836879563,1.2378505970950135,-0.8721191423685809,-1.0996719906799632,0.04483876109015566,-1.0707883561654872,-1.0283698313901641,-1.1176737683458546
5464,0.46847477392593007,0.06508561858584352,1.7206494582845442,-0.8310638202256104,0.38433059893725724,0.2429283581329067,0.16570153535568188,0.6140785150580746,0.5563966756976465,0.6252954982639549
5465,0.21531387578511957,0.8817216424333439,-1.4320155892949833,0.410284830166764,0.38433059893725724,-0.2046050914713833,0.319715241991181,0.3822978872707065,0.39879558659499154,0.44107923431332485
5466,0.046539943691245755,0.06508561858584352,-0.38112724010180754,0.8240677136308887,0.38433059893725724,1.1379952573414867,0.15858258513520693,0.21291973619532162,0.17990518506352607,0.2426924885203382
5467,0.4262812909024616,-1.5681864291091574,1.1952052836879563,-0.8310638202256104,0.5937388891549003,0.2429283581329067,0.251022685013016,0.5427613988158074,0.5651522917589049,0.6252954982639549
5468,-0.7973297167781225,0.8817216424333439,0.14431693449478036,0.8240677136308887,0.38433059893725724,-1.0996719906799632,0.054773415502311004,-0.8568370074386863,-0.8269906619812155,-0.7917526859716626
5469,-1.050490614918933,0.8817216424333439,-0.9065714146983955,-1.2448467036897353,-0.5231053253391809,0.2429283581329067,0.02906019231790894,-1.2579957863014386,-1.2297490007991119,-1.2735490686117723
5470,-0.4808785941021094,0.06508561858584352,1.7206494582845442,-0.8310638202256104,0.6635416525607812,1.1379952573414867,0.0499920310258726,-0.4289343099850828,-0.4592547874083535,-0.36663823070097756
5471,-0.5652655601490462,-1.5681864291091574,0.14431693449478036,-1.2448467036897353,-0.5929080887450618,-0.6521385410756733,0.06858630398979972,-0.4645928681062164,-0.44174355528583586,-0.5083430491245388
5472,0.4473780324141958,0.06508561858584352,1.1952052836879563,1.6516334805591384,0.1051195453137382,0.2429283581329067,0.33846889443765604,0.6675663522397756,0.5651522917589049,0.6252954982639549
5473,-0.5441688186373119,0.8817216424333439,-1.4320155892949833,-0.8310638202256104,-0.8023163789626999,-0.2046050914713833,0.06619561175158051,-0.4289343099850828,-0.39796547497954293,-0.4941725672821829
5474,-0.8184264582898567,-1.5681864291091574,-1.4320155892949833,0.8240677136308887,0.8031471793725382,-0.6521385410756733,0.049460766084046114,-0.9014102050901031,-0.8357462780424739,-0.777582204129306
5475,1.5022151080009063,0.8817216424333439,-0.38112724010180754,0.8240677136308887,0.38433059893725724,-0.2046050914713833,0.6357647558837592,1.4342253518441472,1.3619133533334393,1.4330129632782567
5476,-1.1770710639893383,0.8817216424333439,0.14431693449478036,1.6516334805591384,-0.17409150830978082,-0.6521385410756733,0.0286883068586304,-1.5521788908007907,-1.509928714759388,-1.5286177417741837
5477,-0.12223398840262782,0.06508561858584352,1.1952052836879563,1.2378505970950135,-0.38349979852741883,0.6904618077371967,0.16708282420443074,0.09702942230163755,0.04857094414464647,0.03013526088499571
5478,-0.8184264582898567,0.8817216424333439,-0.38112724010180754,0.8240677136308887,-0.5231053253391809,-1.5472054402842532,0.05440153004303246,-0.7944345307267022,-0.818235045919957,-0.8484346133410873
5479,-0.1011372468908936,0.8817216424333439,-1.4320155892949833,0.410284830166764,-0.10428874490389983,-0.2046050914713833,0.15619189289698773,0.09702942230163755,0.06608217626716334,0.07264670641206396
5480,-0.9872003903837303,0.06508561858584352,-1.4320155892949833,1.2378505970950135,-1.430541249615619,0.2429283581329067,0.05588907188014663,-1.079702995695771,-1.0896591438189738,-1.2026966593999917
5481,0.257507358808588,-1.5681864291091574,1.1952052836879563,-1.2448467036897353,0.035316781907857205,-1.5472054402842532,0.2274345215959199,0.462529643043257,0.5563966756976465,0.5119316435251055
5482,0.9115063456723483,-1.5681864291091574,1.7206494582845442,1.6516334805591384,-0.38349979852741883,-0.2046050914713833,0.3009615895447059,1.0063226543905446,1.0379555590668703,0.9653870624805029
5483,-0.6285557846842488,0.8817216424333439,0.14431693449478036,1.6516334805591384,0.3145278355313812,-1.5472054402842532,0.10901556606279551,-0.5715685424696173,-0.5468109480209394,-0.5225135309668953
5484,-0.9872003903837303,0.8817216424333439,-0.9065714146983955,0.410284830166764,0.7333444159666572,-1.5472054402842532,0.053232747171014186,-1.1331908328774714,-1.142192840186526,-1.0609918409764298
5485,0.6794421890432724,-0.751550405261657,1.7206494582845442,-1.2448467036897353,1.3615692866195812,1.5855287069457766,0.20990277851564576,0.7210541894214756,0.6702196844940084,0.8661936895840104
5486,0.8904096041606141,1.6983576662808442,0.14431693449478036,-0.8310638202256104,2.2690052108960193,-0.6521385410756733,0.249960155129363,0.8726030614362933,0.9328881663317669,1.2062852538005577
5487,-0.8395231998015908,0.06508561858584352,-0.9065714146983955,1.6516334805591384,-0.7325136155568189,1.1379952573414867,0.06709876215268555,-0.8835809260295359,-0.8357462780424739,-0.9192870225528679
5488,-0.1855242129378305,1.6983576662808442,0.6697611090913683,0.8240677136308887,1.9199913938666193,-0.6521385410756733,0.11177814376029326,-0.10800728689488018,-0.15280822526430216,0.08681718825442046
5489,0.46847477392593007,-1.5681864291091574,0.14431693449478036,-1.2448467036897353,0.1051195453137382,0.2429283581329067,0.26664187430271474,0.6229931545883579,0.66146406843275,0.6536364619486673
5490,-0.5863623016607803,0.8817216424333439,1.1952052836879563,0.8240677136308887,-0.9419219057744619,-0.2046050914713833,0.10024969452265844,-0.4645928681062164,-0.43298793922457746,-0.5366840128092512
5491,-0.5230720771255777,-1.5681864291091574,0.6697611090913683,-0.8310638202256104,-0.17409150830978082,1.1379952573414867,0.05774849917653934,-0.4467635890456492,-0.424232323163319,-0.451661121755114
5492,-1.050490614918933,0.8817216424333439,-0.9065714146983955,0.410284830166764,0.5239361257490193,-1.5472054402842532,0.03771981086968071,-1.2847397048922888,-1.2385046168603704,-1.2026966593999917
5493,-0.3542981450317041,0.8817216424333439,-0.9065714146983955,-1.2448467036897353,-0.4533025619332999,-0.6521385410756733,0.09451203315093237,-0.18823904266743144,-0.1352969931417845,-0.21076293043505917
5494,-0.7973297167781225,-0.751550405261657,0.14431693449478036,-1.2448467036897353,1.1521609964019384,-0.6521385410756733,0.0383573287998725,-0.8746662864992527,-0.8357462780424739,-0.7350707586022378
5495,2.5570521835876163,-0.751550405261657,0.6697611090913683,-0.8310638202256104,1.4313720500254572,-0.2046050914713833,0.46645061892365725,2.0225915608428515,1.9397840133765083,2.212389464607846
5496,-0.4808785941021094,0.8817216424333439,-0.38112724010180754,-1.2448467036897353,-0.31369703512154284,-1.5472054402842532,0.06863943048398236,-0.3487025542125323,-0.3016536983056986,-0.35246774885862103
5497,0.5317649984611327,-1.5681864291091574,-0.9065714146983955,-1.2448467036897353,-0.8721191423685809,-0.6521385410756733,0.3092493226371992,0.7656273870728924,0.845332005719181,0.6536364619486673
5498,-1.050490614918933,0.8817216424333439,-1.4320155892949833,0.410284830166764,-0.17409150830978082,-0.6521385410756733,0.04483876109015566,-1.2490811467711553,-1.2647714650441464,-1.2593785867694165
5499,1.903053196723856,0.8817216424333439,1.7206494582845442,0.410284830166764,-0.8721191423685809,0.2429283581329067,0.5313711948148542,1.7818962935252003,1.7559160760900774,1.6172292272288868
5500,-0.20662095444956474,0.8817216424333439,-0.9065714146983955,-0.8310638202256104,-0.8023163789626999,-0.2046050914713833,0.15024172554853105,0.007883026998803893,0.031059712022128826,-0.0690581120114973
5501,-0.5230720771255777,-1.5681864291091574,0.14431693449478036,0.8240677136308887,-0.38349979852741883,-0.4731251612339579,0.10492482601073155,-0.40219039139423235,-0.35418739467325,-0.40914967622804577
5502,-0.4808785941021094,0.06508561858584352,0.14431693449478036,-0.8310638202256104,-0.24389427171566183,-0.6521385410756733,0.06247675715879509,-0.3130439960913987,-0.38920985891828447,-0.36663823070097756
5503,-0.14333072991436205,0.8817216424333439,1.1952052836879563,-1.2448467036897353,0.24472507212550018,-1.5472054402842532,0.13722573447378208,0.04354158511993751,0.06608217626716334,0.08681718825442046
5504,-0.1011372468908936,-0.751550405261657,-1.4320155892949833,0.8240677136308887,0.9427527061843003,-1.0996719906799632,0.17165170270413854,0.06137086418050393,0.08359340838968098,0.18601056115091347
5505,-0.9239101658485277,0.8817216424333439,-0.9065714146983955,1.6516334805591384,0.1051195453137382,-1.9947388898885432,0.050842054932794985,-1.0351297980443537,-0.9933473671451296,-0.9901394317646491
5506,1.586602074047843,-1.5681864291091574,-0.9065714146983955,-0.8310638202256104,-1.988963356862662,-0.2046050914713833,0.59947936035701,1.6570913401012322,1.6596042994162323,1.3338195903817645
5507,-1.0293938734071988,0.8817216424333439,-0.9065714146983955,1.6516334805591384,0.4541333623431382,-1.5472054402842532,0.04329809275885884,-1.2312518677105888,-1.1947265365540773,-1.1601852138729227
5508,1.481118366489172,1.6983576662808442,0.6697611090913683,-1.2448467036897353,-3.524624151792019,2.4805956061543566,0.420336821973118,1.5946888633892482,1.607070603048681,1.0504099535346405
5509,-0.5863623016607803,0.06508561858584352,-0.9065714146983955,1.6516334805591384,-1.360738486209743,1.1379952573414867,0.1310630611485948,-0.40219039139423235,-0.45049917134709505,-0.5650249764939635
5510,-0.9239101658485277,-1.5681864291091574,-0.38112724010180754,0.410284830166764,-1.221132959397981,2.033062156550067,0.030175848695744568,-1.0262151585140704,-0.9758361350226119,-1.1035032865034986
5511,2.5570521835876163,0.8817216424333439,0.6697611090913683,-1.2448467036897353,0.5239361257490193,-0.2046050914713833,0.8043351219253041,2.093908677085119,1.9923177097440596,2.113196091711354
5512,-0.8606199413133251,-1.5681864291091574,1.1952052836879563,0.8240677136308887,0.6635416525607812,0.2429283581329067,0.04239494235775381,-0.9816419608626535,-0.9145468225938014,-0.8767755770257997
5513,0.4262812909024616,-0.751550405261657,-1.4320155892949833,-0.8310638202256104,-2.826596517733219,3.3756625053629365,0.1963555224990703,0.7299688289517587,0.7490202290453358,0.3560563432591877
5514,-1.050490614918933,-1.5681864291091574,-0.38112724010180754,1.6516334805591384,0.7333444159666572,-0.2046050914713833,0.03214152898050258,-1.347142181604273,-1.299793929289181,-1.24520810492706
5515,1.0802802777662222,0.8817216424333439,0.14431693449478036,0.410284830166764,-1.5003440130215,1.1379952573414867,0.5441746799128725,1.1846154449962119,1.2480903445370775,0.9937280261652158
5516,0.5106682569493985,0.06508561858584352,0.6697611090913683,-1.2448467036897353,0.5239361257490193,2.033062156550067,0.22589385326462308,0.6408224336489251,0.5739079078201633,0.6678069437910232
5517,-1.0082971318954645,0.8817216424333439,0.6697611090913683,-1.2448467036897353,0.4541333623431382,-0.2046050914713833,0.029432077777187482,-1.2134225886500216,-1.212237768676595,-1.1601852138729227
5518,0.9958933117192852,0.06508561858584352,-0.38112724010180754,0.410284830166764,0.5937388891549003,0.6904618077371967,0.35886946820379323,0.9795787357996941,1.0467111751281288,1.0929213990617082
5519,-0.4808785941021094,0.8817216424333439,-0.9065714146983955,0.410284830166764,0.4541333623431382,-0.2046050914713833,0.10428730808053976,-0.36653183327309874,-0.4154767071020606,-0.33829726701626517
5520,-1.1770710639893383,0.8817216424333439,0.14431693449478036,0.410284830166764,-0.38349979852741883,-0.2046050914713833,0.022260001062529882,-1.507605693149374,-1.466150634453095,-1.5002767780894712
5521,-0.20662095444956474,-1.5681864291091574,0.14431693449478036,1.2378505970950135,1.0823582329960573,2.033062156550067,0.17021728736120703,-0.054519449713180144,-0.14405260920304294,0.03013526088499571
5522,0.21531387578511957,0.8817216424333439,0.6697611090913683,0.8240677136308887,0.4541333623431382,-0.2046050914713833,0.1883334218774903,0.3912125268009897,0.4163068187175084,0.4552497161556807
5523,-0.8184264582898567,0.8817216424333439,0.14431693449478036,0.410284830166764,0.6635416525607812,-0.2046050914713833,0.05881102906019232,-0.8479223679084023,-0.8795243583487669,-0.7917526859716626
5524,2.5570521835876163,0.8817216424333439,0.14431693449478036,-0.8310638202256104,-0.31369703512154284,1.1379952573414867,0.9455453434627848,2.067164758494269,2.071118254295387,1.9998322369725041
5525,-1.050490614918933,-1.5681864291091574,-0.9065714146983955,-1.2448467036897353,1.0125554695901813,-0.6521385410756733,0.03766668437549806,-1.3025689839528563,-1.3085495453504394,-1.2026966593999917
5526,-1.0082971318954645,0.8817216424333439,0.6697611090913683,-1.2448467036897353,0.1051195453137382,-1.5472054402842532,0.023906922382192,-1.1777640305288881,-1.1246816080640083,-1.1318442501882104
5527,0.46847477392593007,-1.5681864291091574,0.14431693449478036,1.6516334805591384,-1.2909357228038618,-0.2046050914713833,0.4912075652127716,0.7210541894214756,0.7490202290453358,0.5544430890521743
5528,-0.9239101658485277,0.8817216424333439,0.6697611090913683,0.8240677136308887,-0.8721191423685809,-0.2046050914713833,0.030175848695744568,-1.0440444375746376,-1.002102983206388,-1.0893328046611421
5529,1.481118366489172,0.06508561858584352,-1.4320155892949833,-0.8310638202256104,0.6635416525607812,0.6904618077371967,0.44179992562290815,1.3985667937230135,1.3006240409046288,1.4330129632782567
5530,0.8482161211371456,-1.5681864291091574,1.1952052836879563,0.410284830166764,0.9427527061843003,-0.2046050914713833,0.42671200127503583,0.8993469800271436,0.8365763896579225,0.9937280261652158
5531,-0.6074590431725145,0.8817216424333439,-1.4320155892949833,0.410284830166764,0.4541333623431382,-0.2046050914713833,0.09461828613929767,-0.5359099843484837,-0.5555665640821986,-0.4941725672821829
5532,-0.8184264582898567,-1.5681864291091574,-0.38112724010180754,0.410284830166764,-1.221132959397981,-0.2046050914713833,0.04861074217712373,-0.723117414484435,-0.7481901174298881,-0.8484346133410873
5533,0.4473780324141958,0.06508561858584352,1.7206494582845442,-0.8310638202256104,-0.03448598149801883,0.2429283581329067,0.18588960314508846,0.5962492359975082,0.617685988126457,0.5969545345792426
5534,0.7216356720667403,-1.5681864291091574,0.14431693449478036,1.6516334805591384,1.0823582329960573,-0.6521385410756733,0.47346331615576687,0.738883468482042,0.8540876217804394,0.937046098795791
5535,-0.7762329752663882,-1.5681864291091574,-1.4320155892949833,-1.2448467036897353,1.1521609964019384,-0.6521385410756733,0.048929501142219625,-0.8390077283781191,-0.8445018941037331,-0.7209002767598819
5536,-0.6074590431725145,0.8817216424333439,-0.9065714146983955,-1.2448467036897353,0.1051195453137382,-1.5472054402842532,0.08335546937257611,-0.5269953448182004,-0.4680104034696119,-0.4941725672821829
5537,1.5233118495126405,-0.751550405261657,0.14431693449478036,0.410284830166764,1.7105831036489814,0.6904618077371967,0.6213674759602614,1.2737618402990463,1.283112808782112,1.5180358543323944
5538,-0.5230720771255777,0.8817216424333439,0.6697611090913683,1.2378505970950135,0.6635416525607812,-0.2046050914713833,0.08463050523295967,-0.5002514262273501,-0.44174355528583586,-0.3949791943856899
5539,-1.050490614918933,-1.5681864291091574,-0.38112724010180754,1.6516334805591384,-0.5231053253391809,1.5855287069457766,0.03214152898050258,-1.2758250653620058,-1.2385046168603704,-1.2877195504541288
5540,0.21531387578511957,0.06508561858584352,0.14431693449478036,-1.2448467036897353,0.7333444159666572,0.6904618077371967,0.21208096477713437,0.3822978872707065,0.3462618902274394,0.4552497161556807
5541,-0.6285557846842488,0.06508561858584352,1.1952052836879563,0.8240677136308887,-1.430541249615619,1.1379952573414867,0.09275885884290495,-0.5269953448182004,-0.5468109480209394,-0.678388831232813
5542,0.257507358808588,-0.751550405261657,1.1952052836879563,0.410284830166764,1.1521609964019384,-0.2046050914713833,0.22541571481697922,0.3912125268009897,0.43381805084002606,0.5544430890521743
5543,0.5528617399728669,0.8817216424333439,1.1952052836879563,-0.8310638202256104,0.24472507212550018,0.2429283581329067,0.26494182648887,0.6764809917700587,0.6964865326777845,0.7103183893180921
5544,1.8819564552121217,0.8817216424333439,0.14431693449478036,0.410284830166764,0.3145278355313812,-0.2046050914713833,0.8919407108324922,1.6570913401012322,1.6858711476000083,1.7022521182830246
5545,0.23641061729685378,0.06508561858584352,0.14431693449478036,-0.8310638202256104,-1.988963356862662,1.5855287069457766,0.18838654837167296,0.5605906778763746,0.521374211452612,0.28520393404740707
5546,-0.20662095444956474,0.8817216424333439,-1.4320155892949833,0.410284830166764,0.3145278355313812,-1.0996719906799632,0.15837007915847634,-0.054519449713180144,-0.021473984345422546,0.0017942972002833347
5547,-0.5863623016607803,0.8817216424333439,-0.9065714146983955,-1.2448467036897353,-0.5929080887450618,-0.2046050914713833,0.09137756999415608,-0.4645928681062164,-0.49427725165338804,-0.5366840128092512
5548,0.5317649984611327,-0.751550405261657,-1.4320155892949833,-0.0034980532973608127,1.6407803402430954,0.2429283581329067,0.1097593369813526,0.6497370731792083,0.5126185953913535,0.7811707985298727
5549,1.5022151080009063,0.06508561858584352,0.6697611090913683,-0.8310638202256104,-0.9419219057744619,-0.6521385410756733,0.4025394464219306,1.4877131890258481,1.4232026657622499,1.3054786266970513
5550,0.27860410032032223,-0.751550405261657,1.1952052836879563,0.8240677136308887,1.4313720500254572,0.6904618077371967,0.23922860330446793,0.3733832477404233,0.4163068187175084,0.5686135708945302
5551,1.9452466797473245,0.06508561858584352,1.1952052836879563,0.8240677136308887,-1.639949539833262,1.1379952573414867,0.9352919300855337,1.8621280492977508,1.860983468825181,1.588888263544175
5552,-0.9661036488719961,0.8817216424333439,1.1952052836879563,-0.4172809367614856,0.1051195453137382,-0.2046050914713833,0.053870265101205975,-1.124276193347188,-1.0984147598802323,-1.0893328046611421
5553,-1.1981678055010725,-1.5681864291091574,-1.4320155892949833,1.6516334805591384,0.6635416525607812,-1.0996719906799632,0.026828879562237687,-1.6324106465733417,-1.5624624111269394,-1.5286177417741837
5554,-0.7973297167781225,-0.751550405261657,0.14431693449478036,0.8240677136308887,-1.2909357228038618,3.3756625053629365,0.05780162567072199,-0.8033491702569854,-0.7394345013686295,-0.8909460588681556
5555,1.1013770192779564,-1.5681864291091574,0.14431693449478036,1.6516334805591384,-0.10428874490389983,1.5855287069457766,0.6766190299102163,1.1043836892236614,1.1255117196794562,1.0929213990617082
5556,0.5106682569493985,0.06508561858584352,-0.38112724010180754,-0.8310638202256104,-0.17409150830978082,0.6904618077371967,0.23205652658981032,0.7210541894214756,0.6789753005552669,0.6678069437910232
5557,-0.9661036488719961,0.8817216424333439,-1.4320155892949833,-1.2448467036897353,0.8729499427784192,-1.0996719906799632,0.0406417680497264,-1.124276193347188,-1.1509484562477845,-1.0468213591340738
5558,0.21531387578511957,-0.751550405261657,1.1952052836879563,0.410284830166764,-0.17409150830978082,1.5855287069457766,0.22823141900865962,0.40012716633127293,0.4163068187175084,0.38439730694390006
5559,0.4473780324141958,0.06508561858584352,0.14431693449478036,-0.0034980532973608127,0.035316781907857205,1.1379952573414867,0.14774478032194654,0.5873345964672243,0.547641059636388,0.5686135708945302
5560,-0.12223398840262782,-1.5681864291091574,0.6697611090913683,1.2378505970950135,0.5937388891549003,-0.2046050914713833,0.14163523349094193,0.025712306059370308,0.03981532808338804,0.10098767009677634
5561,-1.0082971318954645,0.8817216424333439,-0.38112724010180754,-0.8310638202256104,0.1051195453137382,-1.5472054402842532,0.022313127556712532,-1.1688493909986049,-1.11592599200275,-1.1176737683458546
5562,0.8482161211371456,-1.5681864291091574,0.6697611090913683,1.6516334805591384,-1.2909357228038618,-1.0996719906799632,0.3484035488498114,1.0241519334511109,1.055466791189388,0.8520232077416533
5563,1.5022151080009063,-0.751550405261657,0.6697611090913683,-1.2448467036897353,0.5239361257490193,-0.2046050914713833,0.4378685650533921,1.3539935960715968,1.3881802015172156,1.4330129632782567
5564,-0.5652655601490462,0.8817216424333439,1.7206494582845442,-0.8310638202256104,0.38433059893725724,0.2429283581329067,0.053232747171014186,-0.5359099843484837,-0.49427725165338804,-0.46583160359747056
5565,-0.7762329752663882,0.8817216424333439,-1.4320155892949833,1.6516334805591384,-0.6627108521509428,-0.2046050914713833,0.06029857089730649,-0.7409466935450014,-0.7569457334911465,-0.8059231678140184
5566,-0.4808785941021094,0.06508561858584352,-1.4320155892949833,-1.2448467036897353,0.3145278355313812,-1.0996719906799632,0.08447112575041173,-0.33087327515196513,-0.37169862679576765,-0.3099563033315528
5567,-0.9450069073602619,0.8817216424333439,-0.9065714146983955,0.410284830166764,-0.8721191423685809,-0.6521385410756733,0.03756043138713276,-1.0083858794535039,-0.9670805189613535,-1.0609918409764298
5568,0.8693128626488799,-1.5681864291091574,-0.38112724010180754,-1.2448467036897353,1.2219637598078192,1.1379952573414867,0.34882856080327257,0.8191152242545933,0.7665314611678535,0.951216580638147
5569,-0.9450069073602619,0.8817216424333439,0.14431693449478036,0.410284830166764,-0.24389427171566183,-0.6521385410756733,0.037507304892950115,-1.0707883561654872,-1.0283698313901641,-1.0609918409764298
5570,-0.14333072991436205,0.8817216424333439,0.6697611090913683,0.410284830166764,-0.6627108521509428,-0.6521385410756733,0.18264888699994689,0.07920014324107114,0.10110464051219785,0.015964779042639207
5571,1.0380867947427537,1.6983576662808442,0.14431693449478036,-0.8310638202256104,1.8501886304607433,-0.2046050914713833,0.2562822079370982,0.9974080148602605,0.9241325502705084,1.2062852538005577
5572,-0.14333072991436205,0.8817216424333439,-0.9065714146983955,-0.8310638202256104,0.4541333623431382,-0.6521385410756733,0.14253838389204695,0.007883026998803893,0.031059712022128826,0.07264670641206396
5573,0.21531387578511957,0.8817216424333439,-0.38112724010180754,0.410284830166764,0.6635416525607812,-0.2046050914713833,0.21633108431174627,0.3555539686798561,0.36377312234995707,0.44107923431332485
5574,-1.050490614918933,0.06508561858584352,-0.9065714146983955,0.410284830166764,0.5239361257490193,0.2429283581329067,0.04839823620039314,-1.2847397048922888,-1.2910383132279224,-1.231037623084704
5575,0.700538930555006,0.06508561858584352,0.6697611090913683,-0.8310638202256104,0.3145278355313812,0.6904618077371967,0.2118153323062211,0.8369445033151597,0.7665314611678535,0.8378527258992975
5576,0.02544320217951176,0.8817216424333439,0.14431693449478036,1.6516334805591384,0.3145278355313812,-1.591958785244683,0.2617011103437284,0.21291973619532162,0.24119449749233587,0.25686297036269473
5577,-0.9661036488719961,-0.751550405261657,-1.4320155892949833,0.410284830166764,-3.315215861574381,1.5855287069457766,0.043351219253041494,0.8191152242545933,-0.9845917510838703,-1.2735490686117723
5578,-1.0082971318954645,-1.5681864291091574,0.6697611090913683,0.8240677136308887,0.4541333623431382,-0.6521385410756733,0.026828879562237687,-1.2669104258317225,-1.1947265365540773,-1.1743556957152792
5579,-1.0293938734071988,-1.5681864291091574,1.1952052836879563,0.8240677136308887,-1.5003440130215,1.5855287069457766,0.033204058864155554,-1.2312518677105888,-1.185970920492819,-1.330230995981197
5580,-1.1137808394541355,-1.5681864291091574,1.1952052836879563,1.6516334805591384,0.1749223087196192,-0.6521385410756733,0.02677575306805504,-1.4184592978465402,-1.36983885777925,-1.3727424415082659
5581,-0.9450069073602619,0.8817216424333439,-0.38112724010180754,1.2378505970950135,-0.5929080887450618,-0.2046050914713833,0.041066780003187586,-1.0529590771049209,-1.0108585992676464,-1.0751623228187863
5582,-0.41758836956690676,0.8817216424333439,-0.9065714146983955,0.410284830166764,0.1749223087196192,-1.0996719906799632,0.1298411517823939,-0.3041293565611155,-0.27538685012192254,-0.2674448578044839
5583,0.5317649984611327,0.06508561858584352,0.14431693449478036,-0.8310638202256104,0.5937388891549003,0.6904618077371967,0.24209743399033098,0.6586517127094915,0.6089303720651978,0.7103183893180921
5584,0.4473780324141958,-0.751550405261657,-1.4320155892949833,0.410284830166764,-3.524624151792019,1.5855287069457766,0.35095362057057855,0.8726030614362933,0.8103095414741465,0.3560563432591877
5585,-0.8184264582898567,0.8817216424333439,-0.9065714146983955,-0.8310638202256104,0.5937388891549003,-0.2046050914713833,0.03485098018381767,-0.9014102050901031,-0.8445018941037331,-0.8059231678140184
5586,-0.41758836956690676,0.8817216424333439,-1.4320155892949833,-1.2448467036897353,-0.38349979852741883,-0.2046050914713833,0.10991871646390054,-0.2684707984399819,-0.24912000193814646,-0.2957858214891963
5587,-0.1644274714260963,0.06508561858584352,1.1952052836879563,-0.8310638202256104,-1.8493578300509,1.5855287069457766,0.09371513573819264,0.14160261995305437,0.10110464051219785,-0.09739907569620966
5588,-0.37539488654343833,0.06508561858584352,-1.4320155892949833,-0.8310638202256104,-2.1983716470803,0.2429283581329067,0.06858630398979972,-0.1347512054857306,-0.18783068950933665,-0.40914967622804577
5589,-1.050490614918933,-1.5681864291091574,0.6697611090913683,-1.2448467036897353,0.5239361257490193,-0.2046050914713833,0.020294320777771876,-1.3025689839528563,-1.256015848982888,-1.2168671412423475
5590,-0.5019753356138434,0.06508561858584352,-0.9065714146983955,-1.2448467036897353,-0.8023163789626999,0.6904618077371967,0.09153694947670403,-0.3487025542125323,-0.3279205464894739,-0.4233201580704017
5591,0.21531387578511957,-0.751550405261657,1.1952052836879563,-1.2448467036897353,-2.826596517733219,2.033062156550067,0.1713860702332253,0.4981882011643906,0.43381805084002606,0.10098767009677634
5592,1.67098904009478,0.06508561858584352,1.7206494582845442,0.410284830166764,0.5937388891549003,0.6904618077371967,0.4225150082346066,1.532286386677265,1.4844919781910597,1.588888263544175
5593,-0.7129427507311856,-1.5681864291091574,-1.4320155892949833,0.410284830166764,0.3145278355313812,0.2429283581329067,0.06603623226903256,-0.6963734958935845,-0.6518783407560429,-0.6358773857057448
5594,0.8060226381136772,0.8817216424333439,0.6697611090913683,0.410284830166764,0.38433059893725724,-0.6521385410756733,0.3349094193274186,0.91717625908771,0.871598853902957,0.951216580638147
5595,-0.2910079204965014,-1.5681864291091574,0.14431693449478036,-1.2448467036897353,-1.779555066645019,0.2429283581329067,0.10189661584232057,-0.03669017065261294,-0.012718368284164113,-0.22493341227741567
5596,-0.14333072991436205,0.8817216424333439,1.7206494582845442,0.410284830166764,0.38433059893725724,-1.0996719906799632,0.11161876427774531,0.007883026998803893,0.03981532808338804,0.07264670641206396
5597,-1.0293938734071988,0.8817216424333439,-0.38112724010180754,0.410284830166764,-0.38349979852741883,-0.6521385410756733,0.026935132550602987,-1.2223372281803049,-1.1684596883703013,-1.2168671412423475
5598,0.5106682569493985,0.8817216424333439,0.14431693449478036,-0.8310638202256104,0.035316781907857205,-0.6521385410756733,0.24156616904850448,0.6764809917700587,0.6964865326777845,0.681977425633379
5599,0.46847477392593007,0.8817216424333439,0.6697611090913683,0.410284830166764,0.7333444159666572,-0.2046050914713833,0.1672422036869787,0.6408224336489251,0.5739079078201633,0.6961479074757362
5600,-0.6285557846842488,0.8817216424333439,-1.4320155892949833,0.410284830166764,-0.24389427171566183,-1.0996719906799632,0.0857461616107953,-0.5448246238787668,-0.5205440998371641,-0.5508544946516076
5601,0.46847477392593007,-0.751550405261657,-0.38112724010180754,-1.2448467036897353,1.1521609964019384,-0.2046050914713833,0.2547946660999841,0.5605906778763746,0.6001747560039394,0.7244888711604479
5602,-0.755136233754654,0.8817216424333439,-0.38112724010180754,-1.2448467036897353,-0.5929080887450618,-0.2046050914713833,0.05679222228125166,-0.723117414484435,-0.7306788853073704,-0.777582204129306
5603,0.6583454475315381,0.8817216424333439,0.6697611090913683,-1.2448467036897353,-0.03448598149801883,-0.2046050914713833,0.32354034957233174,0.7834566661334595,0.7927983093516288,0.7811707985298727
5604,-1.0293938734071988,0.06508561858584352,-1.4320155892949833,0.410284830166764,-1.0117246691803428,0.2429283581329067,0.036126016044201244,-1.2134225886500216,-1.1509484562477845,-1.2593785867694165
5605,-0.8817166828250593,0.8817216424333439,-1.4320155892949833,0.410284830166764,-0.03448598149801883,-1.0996719906799632,0.059076661531105565,-0.9370687632112367,-0.9408136707775774,-0.9334575043952245
5606,-0.12223398840262782,0.8817216424333439,1.1952052836879563,0.8240677136308887,0.035316781907857205,-1.0996719906799632,0.1572544227806407,0.10594406183192076,0.0573265602059049,0.08681718825442046
5607,0.21531387578511957,0.8817216424333439,-0.9065714146983955,-1.2448467036897353,0.1051195453137382,-1.0996719906799632,0.23561600170004782,0.4357857244524066,0.39003997053373235,0.4269087524709683
5608,-0.45978185259037524,-1.5681864291091574,1.7206494582845442,0.410284830166764,0.8031471793725382,0.2429283581329067,0.06725814163523348,-0.38436111233366593,-0.3629430107345084,-0.28161533964684043
5609,-1.155974322477604,0.06508561858584352,-1.4320155892949833,1.6516334805591384,0.5239361257490193,0.6904618077371967,0.03060086064920576,-1.5254349722099412,-1.4836618665756118,-1.4435948507200465
5610,-0.6074590431725145,0.06508561858584352,-1.4320155892949833,0.8240677136308887,-0.31369703512154284,0.2429283581329067,0.09727461084843012,-0.5269953448182004,-0.49427725165338804,-0.5366840128092512
5611,-0.9872003903837303,0.06508561858584352,-0.9065714146983955,-0.8310638202256104,0.6635416525607812,0.2429283581329067,0.02613823513786325,-1.1955933095894553,-1.1597040723090428,-1.1035032865034986
5612,-1.050490614918933,0.8817216424333439,1.1952052836879563,-1.2448467036897353,0.38433059893725724,-0.2046050914713833,0.02534133772512352,-1.2847397048922888,-1.2472602329216296,-1.2168671412423475
5613,-1.0082971318954645,0.8817216424333439,1.1952052836879563,1.6516334805591384,-0.31369703512154284,-0.6521385410756733,0.038782340753333686,-1.1599347514683216,-1.1334372241252668,-1.1601852138729227
5614,-0.8817166828250593,0.8817216424333439,1.7206494582845442,0.410284830166764,-0.24389427171566183,-0.2046050914713833,0.032779046910694366,-0.9638126818020863,-0.9233024386550606,-0.9476279862375803
5615,1.481118366489172,-1.5681864291091574,-0.9065714146983955,0.410284830166764,1.2917665232137003,-1.0996719906799632,0.7633214684162992,1.2826764798293295,1.3181352730271465,1.4755244088053256
5616,-0.05894376386742515,-0.751550405261657,-0.38112724010180754,1.6516334805591384,-2.686990990921462,1.5855287069457766,0.1608138978908782,0.3020661314981561,0.24119449749233587,-0.054887630169141416
5617,0.6794421890432724,0.06508561858584352,-0.38112724010180754,-1.2448467036897353,-0.10428874490389983,0.6904618077371967,0.27976411836582904,0.801285945194026,0.8190651575354049,0.7953412803722286
5618,0.4262812909024616,0.06508561858584352,1.1952052836879563,0.8240677136308887,-1.779555066645019,1.1379952573414867,0.3248685119268979,0.7745420266031756,0.7052421487390429,0.4977611616827496
5619,-0.20662095444956474,-1.5681864291091574,-0.9065714146983955,-1.2448467036897353,1.3615692866195812,0.6904618077371967,0.11740955214365403,-0.1258365659554474,-0.07400768071297392,0.058476224569708087
5620,0.4262812909024616,0.06508561858584352,-0.9065714146983955,-0.8310638202256104,0.3145278355313812,1.5855287069457766,0.24576316208893376,0.5605906778763746,0.49510736326883587,0.5686135708945302
5621,-0.1644274714260963,0.8817216424333439,1.1952052836879563,1.6516334805591384,0.5937388891549003,-0.6521385410756733,0.1688891250066408,-0.02777553112232973,0.0047928638383535295,0.058476224569708087
5622,0.7216356720667403,0.06508561858584352,1.7206494582845442,-0.8310638202256104,0.38433059893725724,-0.6521385410756733,0.2136747596026138,0.8904323404968605,0.8103095414741465,0.8945346532687222
5623,-0.4808785941021094,-1.5681864291091574,1.1952052836879563,0.410284830166764,0.7333444159666572,-0.2046050914713833,0.08542740264569941,-0.4467635890456492,-0.39796547497954293,-0.33829726701626517
5624,-1.0293938734071988,0.8817216424333439,0.14431693449478036,-0.4172809367614856,-0.38349979852741883,-0.6521385410756733,0.048929501142219625,-1.2134225886500216,-1.1509484562477845,-1.2026966593999917
5625,-0.5652655601490462,-0.751550405261657,0.14431693449478036,0.8240677136308887,1.7105831036489814,-0.6521385410756733,0.08967752218031132,-0.5537392634090501,-0.5205440998371641,-0.35246774885862103
5626,0.4262812909024616,-0.751550405261657,-1.4320155892949833,-1.2448467036897353,1.2219637598078192,2.033062156550067,0.24092865111831271,0.4803589221038234,0.5826635238814225,0.681977425633379
5627,0.4262812909024616,0.06508561858584352,1.1952052836879563,1.6516334805591384,0.7333444159666572,-0.2046050914713833,0.3298624023800669,0.578419956936941,0.48635174720757746,0.6252954982639549
5628,-0.5230720771255777,0.8817216424333439,1.1952052836879563,-0.4172809367614856,-0.5929080887450618,-0.2046050914713833,0.14816979227540775,-0.40219039139423235,-0.38045424285702606,-0.451661121755114
5629,-0.7973297167781225,0.8817216424333439,-0.9065714146983955,0.8240677136308887,-0.24389427171566183,-0.6521385410756733,0.0741114593847952,-0.7944345307267022,-0.7657013495524049,-0.7917526859716626
5630,-0.05894376386742515,0.06508561858584352,1.1952052836879563,-1.2448467036897353,-0.7325136155568189,0.2429283581329067,0.1361632045901291,0.1950904571347552,0.2149276493085606,0.11515815193913284
5631,-0.8395231998015908,0.8817216424333439,-1.4320155892949833,-0.8310638202256104,0.5937388891549003,-1.5472054402842532,0.034213462253625884,-0.9370687632112367,-0.8970355904712844,-0.8484346133410873
5632,-0.7340394922429198,-0.751550405261657,1.1952052836879563,0.8240677136308887,1.6407803402430954,0.6009551178163374,0.059873558943845294,-0.8390077283781191,-0.7657013495524049,-0.6358773857057448
5633,0.23641061729685378,0.8817216424333439,-1.4320155892949833,-0.8310638202256104,-0.6627108521509428,-0.6521385410756733,0.2108059289167508,0.462529643043257,0.48635174720757746,0.38439730694390006
5634,0.5739584814846012,0.8817216424333439,-1.4320155892949833,1.6516334805591384,0.035316781907857205,-1.5472054402842532,0.5553312436912288,0.738883468482042,0.7665314611678535,0.752829834845161
5635,0.21531387578511957,-1.5681864291091574,0.6697611090913683,-0.8310638202256104,0.5239361257490193,0.2429283581329067,0.1594326090421293,0.3288100500890057,0.36377312234995707,0.41273827062861246
5636,0.02544320217951176,0.06508561858584352,-0.9065714146983955,0.8240677136308887,0.38433059893725724,0.2429283581329067,0.22360941401476916,0.23966365478617205,0.17990518506352607,0.25686297036269473
5637,-0.9450069073602619,0.06508561858584352,-1.4320155892949833,1.2378505970950135,-0.7325136155568189,0.6904618077371967,0.05928916750783616,-1.0262151585140704,-1.0371254474514224,-1.0893328046611421
5638,-0.7973297167781225,0.8817216424333439,1.1952052836879563,-1.2448467036897353,0.8729499427784192,-1.0996719906799632,0.04685756786909632,-0.8211784493175527,-0.8445018941037331,-0.7350707586022378
5639,-1.1770710639893383,-1.5681864291091574,0.14431693449478036,0.410284830166764,0.8031471793725382,0.2429283581329067,0.022260001062529882,-1.596752088452208,-1.509928714759388,-1.471935814404759
5640,0.4473780324141958,0.06508561858584352,-0.38112724010180754,-1.2448467036897353,-1.779555066645019,0.2429283581329067,0.18153323062211124,0.7567127475426092,0.7227533808615598,0.4977611616827496
5641,-1.0082971318954645,-1.5681864291091574,1.1952052836879563,1.2378505970950135,-2.5473854641097,0.6904618077371967,0.044732508101790365,-1.106446914286621,-1.0546366795739395,-1.3018900322964846
5642,0.4473780324141958,0.8817216424333439,0.14431693449478036,-0.8310638202256104,-0.31369703512154284,-0.2046050914713833,0.20065876852786485,0.5962492359975082,0.5388854435751288,0.5261021253674619
5643,1.0802802777662222,0.8817216424333439,-0.38112724010180754,0.8240677136308887,-0.17409150830978082,-1.0996719906799632,0.44780321946554746,1.1489568868750781,1.1517785678632324,1.1212623627464213
5644,0.08873342671471421,0.8817216424333439,1.1952052836879563,0.8240677136308887,0.035316781907857205,-0.6521385410756733,0.22977208733995644,0.25749293384673844,0.32875065810492254,0.29937441588976293
5645,-0.8817166828250593,0.8817216424333439,0.6697611090913683,0.8240677136308887,0.4541333623431382,-1.368192060442538,0.03734792541040217,-0.9905566003929368,-0.9408136707775774,-0.9051165407105121
5646,0.9326030871840826,0.06508561858584352,-0.9065714146983955,0.410284830166764,-1.7097523032391428,0.2429283581329067,0.5173458003506348,1.1578715264053623,1.186801032108267,0.9228756169534352
5647,-1.0082971318954645,-1.5681864291091574,-0.38112724010180754,1.2378505970950135,-0.03448598149801883,-0.6521385410756733,0.03570100409074005,-1.1866786700591714,-1.142192840186526,-1.1601852138729227
5648,-0.7129427507311856,1.6983576662808442,-1.4320155892949833,0.410284830166764,3.5254549522018572,1.5855287069457766,0.05684534877543431,-0.7944345307267022,-0.8970355904712844,-0.4800020854398264
5649,-0.14333072991436205,0.8817216424333439,-0.9065714146983955,0.8240677136308887,-0.4533025619332999,-0.2046050914713833,0.18642086808691494,0.10594406183192076,0.06608217626716334,0.03013526088499571
5650,0.23641061729685378,0.06508561858584352,-1.4320155892949833,0.410284830166764,0.3145278355313812,1.1379952573414867,0.2484194867980662,0.4268710849221234,0.3462618902274394,0.4269087524709683
5651,1.481118366489172,-0.751550405261657,0.6697611090913683,0.8240677136308887,-2.686990990921462,1.1379952573414867,0.5221271848270732,1.5590303052681154,1.493247594252319,1.1070918809040653
5652,-0.20662095444956474,0.06508561858584352,0.14431693449478036,-1.2448467036897353,0.7333444159666572,0.6904618077371967,0.12474100834085959,-0.06343408924346336,-0.12654137708052607,-0.012376184642073167
5653,0.15202365124991687,0.8817216424333439,-1.4320155892949833,-1.2448467036897353,-0.17409150830978082,-0.2046050914713833,0.2715826382617011,0.3466393291495729,0.36377312234995707,0.32771537957447533
5654,-0.9872003903837303,0.8817216424333439,1.1952052836879563,-0.4172809367614856,-0.03448598149801883,-1.0996719906799632,0.0522764702757265,-1.1421054724077544,-1.1071703759414915,-1.1176737683458546
5655,1.1435705023014249,0.8817216424333439,-0.9065714146983955,-1.2448467036897353,0.3145278355313812,-0.2046050914713833,0.4744195930510546,1.1935300845264958,1.0642224072506465,1.16377380827349
5656,0.21531387578511957,0.8817216424333439,-0.38112724010180754,-0.8310638202256104,0.7333444159666572,-1.0996719906799632,0.16022950645486905,0.40012716633127293,0.32875065810492254,0.4552497161556807
5657,-1.050490614918933,0.8817216424333439,-1.4320155892949833,1.2378505970950135,-1.1513301959920998,-0.2046050914713833,0.05078892843861234,-1.1777640305288881,-1.185970920492819,-1.2735490686117723
5658,-0.1855242129378305,-1.5681864291091574,0.14431693449478036,0.410284830166764,-0.31369703512154284,-0.6521385410756733,0.14391967274079584,-0.02777553112232973,0.022304095960870397,-0.040717148326785545
5659,0.4473780324141958,-1.5681864291091574,0.6697611090913683,0.8240677136308887,1.1521609964019384,-0.2046050914713833,0.267810657174733,0.524932119755241,0.5739079078201633,0.6961479074757362
5660,-0.45978185259037524,0.8817216424333439,0.14431693449478036,0.410284830166764,0.24472507212550018,-1.0996719906799632,0.08850873930829305,-0.35761719374281553,-0.3191649304282155,-0.3099563033315528
5661,-0.9872003903837303,0.8817216424333439,0.14431693449478036,0.8240677136308887,-0.10428874490389983,-1.0996719906799632,0.03920735270679488,-1.1331908328774714,-1.1071703759414915,-1.1035032865034986
5662,0.4262812909024616,0.8817216424333439,-0.38112724010180754,-0.8310638202256104,0.1749223087196192,-0.6521385410756733,0.24698507145513468,0.578419956936941,0.6089303720651978,0.6111250164215991
5663,-0.6285557846842488,0.06508561858584352,0.14431693449478036,0.8240677136308887,0.38433059893725724,-1.0996719906799632,0.09764649630770865,-0.5715685424696173,-0.5905890283272331,-0.5366840128092512
5664,0.6794421890432724,0.8817216424333439,0.6697611090913683,1.6516334805591384,-0.10428874490389983,-1.5472054402842532,0.335600063751793,0.8815177009665764,0.8803544699642155,0.8520232077416533
5665,-0.7762329752663882,0.8817216424333439,1.1952052836879563,0.8240677136308887,0.1051195453137382,-1.0996719906799632,0.05355150613611008,-0.776605251666135,-0.7832125816749225,-0.7634117222869502
5666,0.4262812909024616,-1.5681864291091574,0.14431693449478036,0.8240677136308887,0.5937388891549003,-0.2046050914713833,0.343622164373373,0.5516760383460907,0.6001747560039394,0.6536364619486673
5667,-0.6074590431725145,0.8817216424333439,-1.4320155892949833,1.2378505970950135,0.1051195453137382,-1.5472054402842532,0.1458322265313712,-0.5002514262273501,-0.5468109480209394,-0.5083430491245388
5668,-0.649652526195983,-1.5681864291091574,1.1952052836879563,-0.4172809367614856,-1.430541249615619,-0.6521385410756733,0.09908091165064017,-0.5091660657576332,-0.4767660195308704,-0.6358773857057448
5669,3.189954428939643,0.06508561858584352,1.7206494582845442,1.2378505970950135,0.24472507212550018,0.2429283581329067,0.8553365563406471,2.459408897826738,2.3512979682556634,2.4249466922431893
5670,-0.6074590431725145,0.8817216424333439,1.1952052836879563,0.8240677136308887,0.5239361257490193,-0.2046050914713833,0.09461828613929767,-0.5269953448182004,-0.5818334122659738,-0.4941725672821829
5671,1.6920857816065142,0.8817216424333439,0.14431693449478036,-1.2448467036897353,0.3145278355313812,-1.0996719906799632,0.6576528714870106,1.5501156657378312,1.5457812906198702,1.5747177817018192
5672,-0.9239101658485277,0.8817216424333439,-0.38112724010180754,-1.2448467036897353,0.38433059893725724,-0.2046050914713833,0.03442596823035648,-1.0262151585140704,-1.045881063512681,-0.9901394317646491
5673,-0.5441688186373119,0.06508561858584352,-0.38112724010180754,0.8240677136308887,0.1051195453137382,-0.6521385410756733,0.08696807097699623,-0.39327575186394914,-0.43298793922457746,-0.3949791943856899
5674,-0.6285557846842488,0.8817216424333439,-1.4320155892949833,0.8240677136308887,0.1051195453137382,-0.6521385410756733,0.0911650640174255,-0.5715685424696173,-0.5380553319596809,-0.5366840128092512
5675,-0.20662095444956474,-1.5681864291091574,0.14431693449478036,1.6516334805591384,-2.268174410486181,1.1379952573414867,0.16086702438506084,0.07920014324107114,0.17990518506352607,-0.13991052122327854
5676,0.23641061729685378,-1.5681864291091574,-1.4320155892949833,-0.8310638202256104,1.1521609964019384,0.2429283581329067,0.1795144238431706,0.3733832477404233,0.3112394259824049,0.4835906798403931
5677,-0.1855242129378305,-1.5681864291091574,1.1952052836879563,-1.2448467036897353,0.7333444159666572,-1.0996719906799632,0.1383413908516177,-0.045604810182896936,-0.003962752222904903,0.058476224569708087
5678,-0.5863623016607803,0.8817216424333439,1.1952052836879563,1.6516334805591384,-0.03448598149801883,-1.0996719906799632,0.10152473038304202,-0.48242214716678283,-0.45049917134709505,-0.46583160359747056
5679,0.4262812909024616,-1.5681864291091574,-1.4320155892949833,-1.2448467036897353,0.9427527061843003,0.6904618077371967,0.274929607395208,0.5427613988158074,0.5826635238814225,0.681977425633379
5680,0.48957151543766425,1.6983576662808442,-1.4320155892949833,-0.8310638202256104,2.4784135011136574,0.6904618077371967,0.2059182914519471,0.5071028406946738,0.45132928296254293,0.7953412803722286
5681,-1.050490614918933,0.8817216424333439,1.1952052836879563,1.6516334805591384,-0.17409150830978082,-0.2046050914713833,0.046645061892365725,-1.2490811467711553,-1.2647714650441464,-1.2593785867694165
5682,-0.7762329752663882,0.06508561858584352,-1.4320155892949833,0.8240677136308887,0.38433059893725724,0.2429283581329067,0.06008606492057589,-0.8479223679084023,-0.8007238137974394,-0.777582204129306
5683,0.6583454475315381,-1.5681864291091574,-0.38112724010180754,-0.8310638202256104,1.0125554695901813,0.2429283581329067,0.2641980555703129,0.8102005847243092,0.6964865326777845,0.8803641714263664
5684,-0.9028134243367935,0.8817216424333439,-1.4320155892949833,0.8240677136308887,-0.10428874490389983,-1.5472054402842532,0.04558253200871275,-1.0083858794535039,-0.9495692868388359,-0.9617984680799367
5685,-0.1011372468908936,-1.5681864291091574,0.14431693449478036,-1.2448467036897353,0.24472507212550018,-0.2046050914713833,0.13281623545662222,0.07920014324107114,0.12737148869597392,0.1293286337814887
5686,3.527502293127391,0.06508561858584352,0.6697611090913683,-0.8310638202256104,0.5239361257490193,-0.6521385410756733,0.7953036179142539,2.602043130311273,2.508899057358318,2.623333438036175
5687,2.831309823240162,0.8817216424333439,0.6697611090913683,-0.8310638202256104,0.1051195453137382,-0.6521385410756733,0.7677840939276417,2.25437218863022,2.1761856470304917,2.212389464607846
5688,-0.5019753356138434,0.8817216424333439,0.14431693449478036,1.6516334805591384,-0.31369703512154284,-0.2046050914713833,0.13568506614248527,-0.3754464728033827,-0.3366761625507331,-0.3949791943856899
5689,0.7638291550902088,0.8817216424333439,1.1952052836879563,1.6516334805591384,0.1749223087196192,-0.6521385410756733,0.46767252828985817,0.9082616195574269,0.8540876217804394,0.8945346532687222
5690,-0.7129427507311856,0.8817216424333439,-1.4320155892949833,1.2378505970950135,0.5937388891549003,-1.9947388898885432,0.09647771343569038,-0.7142027749541517,-0.6693895728785606,-0.6217069038633883
5691,-0.20662095444956474,0.8817216424333439,0.14431693449478036,1.6516334805591384,-0.17409150830978082,-0.6521385410756733,0.2358285076767784,-0.02777553112232973,0.03981532808338804,-0.012376184642073167
5692,2.5359554420758825,1.6983576662808442,1.1952052836879563,-0.8310638202256104,3.3160466619842195,-0.6521385410756733,0.7548212293470754,1.7997255725857666,1.7208936118450429,2.269071391977271
5693,-1.1770710639893383,-1.5681864291091574,-1.4320155892949833,1.2378505970950135,-0.7325136155568189,1.1379952573414867,0.02576634967858471,-1.5343496117402242,-1.466150634453095,-1.5427882236165396
5694,1.6287955570713115,0.8817216424333439,1.1952052836879563,-1.2448467036897353,-0.03448598149801883,-1.0996719906799632,0.46496307708654305,1.585774223858965,1.493247594252319,1.5180358543323944
5695,-0.6074590431725145,-0.751550405261657,-1.4320155892949833,0.8240677136308887,-2.686990990921462,2.4805956061543566,0.09350262976146204,-0.437848949515366,-0.3016536983056986,-0.6500478675481006
5696,-0.1855242129378305,-1.5681864291091574,-1.4320155892949833,-1.2448467036897353,-1.430541249615619,0.2429283581329067,0.13674759602613823,0.025712306059370308,0.0573265602059049,-0.12574003938092204
5697,0.046539943691245755,-1.5681864291091574,-0.38112724010180754,-1.2448467036897353,-0.7325136155568189,-0.6521385410756733,0.15066673750199225,0.2753222129073057,0.28497257779862883,0.18601056115091347
5698,1.5022151080009063,0.8817216424333439,-1.4320155892949833,-1.2448467036897353,0.3145278355313812,-0.6521385410756733,0.7041385538968283,1.4074814332532968,1.4232026657622499,1.4471834451206125
5699,0.6794421890432724,0.06508561858584352,1.1952052836879563,1.6516334805591384,0.5937388891549003,0.6904618077371967,0.46331615576688095,0.7834566661334595,0.7402646129840774,0.8378527258992975
5700,0.4262812909024616,-1.5681864291091574,-1.4320155892949833,-0.8310638202256104,0.8031471793725382,1.1379952573414867,0.25399776868724433,0.5071028406946738,0.5388854435751288,0.6252954982639549
5701,-0.6285557846842488,-1.5681864291091574,1.1952052836879563,1.6516334805591384,0.8729499427784192,0.2429283581329067,0.09514955108112416,-0.6696295773027342,-0.6256114925722677,-0.5508544946516076
5702,0.48957151543766425,-1.5681864291091574,1.1952052836879563,0.410284830166764,0.38433059893725724,-0.2046050914713833,0.32067151888646866,0.6229931545883579,0.6789753005552669,0.6961479074757362
5703,-0.7973297167781225,0.8817216424333439,1.1952052836879563,0.8240677136308887,-0.5231053253391809,-0.6521385410756733,0.043723104712320035,-0.8122638097872686,-0.7657013495524049,-0.8342641314987308
5704,1.8608597137003875,0.8817216424333439,1.1952052836879563,0.8240677136308887,0.1749223087196192,-1.0996719906799632,0.9023535036922914,1.6570913401012322,1.6858711476000083,1.6880816364406688
5705,0.5528617399728669,-1.5681864291091574,1.1952052836879563,0.410284830166764,-1.360738486209743,0.2429283581329067,0.36221643733730013,0.8102005847243092,0.845332005719181,0.6394659801063115
5706,1.5022151080009063,-1.5681864291091574,1.1952052836879563,-1.2448467036897353,-1.5003440130215,1.1379952573414867,0.5859321043404345,1.5144571076166977,1.5195144424360942,1.2771376630123397
5707,-0.1855242129378305,0.06508561858584352,0.14431693449478036,-0.8310638202256104,0.24472507212550018,1.1379952573414867,0.11523136588216544,-0.045604810182896936,-0.10027452889675,-0.040717148326785545
5708,-0.8606199413133251,0.8817216424333439,-0.38112724010180754,0.410284830166764,0.1749223087196192,-1.368192060442538,0.035594751102374755,-0.9459834027415199,-0.888279974410026,-0.8909460588681556
5709,-1.0293938734071988,-1.5681864291091574,1.1952052836879563,-0.8310638202256104,0.035316781907857205,0.6904618077371967,0.021675609626520747,-1.2758250653620058,-1.2209933847378536,-1.231037623084704
5710,-0.8184264582898567,0.06508561858584352,-1.4320155892949833,-1.2448467036897353,0.38433059893725724,-0.6521385410756733,0.05626095733942517,-0.8479223679084023,-0.8532575101649915,-0.8059231678140184
5711,-0.8395231998015908,-1.5681864291091574,-0.38112724010180754,-1.2448467036897353,0.5937388891549003,-0.2046050914713833,0.03538224512564416,-0.9548980422718031,-0.9057912065325429,-0.8626050951834432
5712,-0.9239101658485277,0.8817216424333439,1.1952052836879563,0.410284830166764,0.38433059893725724,-1.5472054402842532,0.030760240131753706,-1.0173005189837871,-0.9758361350226119,-0.9476279862375803
5713,0.02544320217951176,0.8817216424333439,-1.4320155892949833,0.410284830166764,-0.17409150830978082,-0.2046050914713833,0.21117781437602934,0.23966365478617205,0.28497257779862883,0.2426924885203382
5714,-1.0293938734071988,-0.751550405261657,-0.9065714146983955,-1.2448467036897353,1.2219637598078192,-0.2046050914713833,0.030335228178292515,-1.293654344422572,-1.2385046168603704,-1.146014732030567
5715,-1.0082971318954645,0.8817216424333439,0.14431693449478036,-0.4172809367614856,0.3145278355313812,-1.5472054402842532,0.0500982840142379,-1.1866786700591714,-1.1334372241252668,-1.1176737683458546
5716,-1.0293938734071988,0.8817216424333439,-1.4320155892949833,1.2378505970950135,-0.31369703512154284,-0.6521385410756733,0.04595441746799129,-1.2045079491197386,-1.1684596883703013,-1.2026966593999917
5717,-0.1855242129378305,-0.751550405261657,0.14431693449478036,-1.2448467036897353,1.3615692866195812,0.2429283581329067,0.12261594857355364,-0.07234872877374655,-0.10027452889675,0.07264670641206396
5718,1.5022151080009063,0.06508561858584352,-0.9065714146983955,0.8240677136308887,0.8729499427784192,-2.4422723394928334,0.9528767996599904,1.4609692704349977,1.3706689693946978,1.5322063361747504
5719,-0.1644274714260963,-0.751550405261657,0.14431693449478036,0.410284830166764,1.2219637598078192,-1.0996719906799632,0.14344153429315198,-0.02777553112232973,0.0047928638383535295,0.1293286337814887
5720,0.7216356720667403,0.8817216424333439,1.1952052836879563,0.8240677136308887,-0.5929080887450618,-0.2046050914713833,0.4117303299155289,0.86368842190601,0.9503993984542844,0.8236822440569416
5721,-0.7973297167781225,-0.751550405261657,0.6697611090913683,1.2378505970950135,-1.779555066645019,1.5855287069457766,0.04606067045635658,-0.7587759726055686,-0.7219232692461119,-0.9051165407105121
5722,0.46847477392593007,-1.5681864291091574,-1.4320155892949833,0.410284830166764,-2.337977173892062,-0.2046050914713833,0.3576475588375923,0.7656273870728924,0.7927983093516288,0.4552497161556807
5723,-1.050490614918933,0.8817216424333439,0.14431693449478036,-1.2448467036897353,-0.24389427171566183,-1.0996719906799632,0.029219571800456888,-1.2669104258317225,-1.2209933847378536,-1.2593785867694165
5724,0.46847477392593007,-1.5681864291091574,-0.9065714146983955,-1.2448467036897353,0.7333444159666572,-0.6521385410756733,0.3212559103224778,0.5873345964672243,0.617685988126457,0.6961479074757362
5725,-0.8817166828250593,0.06508561858584352,1.1952052836879563,0.410284830166764,-1.1513301959920998,1.5855287069457766,0.052223343781543856,-0.9548980422718031,-0.9670805189613535,-1.0609918409764298
5726,1.0380867947427537,-0.751550405261657,1.7206494582845442,0.410284830166764,-2.477582700703819,1.5855287069457766,0.3133400626892631,1.1935300845264958,1.213067880292043,0.8378527258992975
5727,-0.20662095444956474,0.8817216424333439,0.14431693449478036,0.8240677136308887,0.4541333623431382,-0.6521385410756733,0.1526855442809329,-0.03669017065261294,-0.07400768071297392,0.0017942972002833347
5728,1.5233118495126405,0.8817216424333439,-1.4320155892949833,0.8240677136308887,0.4541333623431382,-1.5472054402842532,0.8986877755936886,1.4163960727835807,1.4494695139460252,1.4896948906476815
5729,0.4262812909024616,0.06508561858584352,-0.9065714146983955,0.8240677136308887,0.1051195453137382,-1.0996719906799632,0.44270307602401315,0.5962492359975082,0.547641059636388,0.5827840527368867
5730,0.4262812909024616,-0.751550405261657,1.1952052836879563,-1.2448467036897353,0.3145278355313812,2.4805956061543566,0.29129256760346384,0.5605906778763746,0.5914191399426809,0.6111250164215991
5731,-0.016750280843956692,-0.751550405261657,0.14431693449478036,0.8240677136308887,-2.826596517733219,0.2429283581329067,0.18254263401158158,0.2931514919678721,0.3550175062886978,-0.026546666484429042
5732,-0.20662095444956474,0.8817216424333439,1.1952052836879563,1.6516334805591384,-1.0117246691803428,-0.2046050914713833,0.1695266429368326,0.0167976665290871,0.08359340838968098,-0.0690581120114973
5733,0.48957151543766425,-1.5681864291091574,-1.4320155892949833,0.8240677136308887,0.7333444159666572,-1.0996719906799632,0.4078520958401955,0.5962492359975082,0.6877309166165253,0.7386593530028038
5734,0.6794421890432724,0.06508561858584352,-0.9065714146983955,-0.8310638202256104,-0.38349979852741883,1.1379952573414867,0.28311108749933594,0.8369445033151597,0.7840426932903704,0.752829834845161
5735,-0.6285557846842488,0.8817216424333439,-1.4320155892949833,-1.2448467036897353,-1.1513301959920998,-0.2046050914713833,0.07490835679753494,-0.5269953448182004,-0.4067210910408021,-0.57919545833632
5736,-0.8184264582898567,-1.5681864291091574,-1.4320155892949833,-1.2448467036897353,-0.24389427171566183,-0.6521385410756733,0.04011050310789991,-0.8568370074386863,-0.8094794298586986,-0.8484346133410873
5737,-1.0293938734071988,0.8817216424333439,-0.38112724010180754,1.2378505970950135,-0.17409150830978082,-0.6521385410756733,0.03756043138713276,-1.240166507240872,-1.185970920492819,-1.2168671412423475
5738,-0.6285557846842488,0.8817216424333439,-0.9065714146983955,-0.8310638202256104,0.5239361257490193,-1.0996719906799632,0.06582372629230197,-0.5893978215301837,-0.5205440998371641,-0.4941725672821829
5739,-1.050490614918933,-1.5681864291091574,0.14431693449478036,-0.8310638202256104,0.5937388891549003,1.5855287069457766,0.02093183870796366,-1.3649714606648393,-1.3085495453504394,-1.2735490686117723
5740,0.21531387578511957,-0.751550405261657,-1.4320155892949833,-1.2448467036897353,-0.6627108521509428,3.3756625053629365,0.20894650162035808,0.3644686082101393,0.3812843544724739,0.28520393404740707
5741,0.27860410032032223,0.8817216424333439,-0.38112724010180754,-1.2448467036897353,-0.03448598149801883,-1.0996719906799632,0.22934707538649524,0.4714442825735402,0.48635174720757746,0.4694201979980372
5742,1.7342792646299827,0.8817216424333439,0.6697611090913683,1.2378505970950135,-0.17409150830978082,0.2429283581329067,0.6473994581097593,1.6125181424498154,1.5983149869874218,1.560547299859462
5743,0.7216356720667403,-1.5681864291091574,-0.38112724010180754,-1.2448467036897353,0.8031471793725382,0.6904618077371967,0.28512989427827656,0.7923713056637428,0.7927983093516288,0.8945346532687222
5744,2.5359554420758825,0.8817216424333439,0.6697611090913683,-1.2448467036897353,0.8031471793725382,0.6904618077371967,0.8084789884715508,2.093908677085119,1.9397840133765083,2.1415370553960655
5745,0.9326030871840826,0.06508561858584352,0.14431693449478036,-1.2448467036897353,0.5937388891549003,0.6904618077371967,0.32539977686872446,1.0063226543905446,0.8978657020867323,1.0220689898499276
5746,-0.9872003903837303,0.8817216424333439,0.14431693449478036,0.410284830166764,-0.8721191423685809,-1.0996719906799632,0.03538224512564416,-1.124276193347188,-1.0371254474514224,-1.146014732030567
5747,-0.9661036488719961,0.06508561858584352,-0.38112724010180754,-1.2448467036897353,-1.081527432586219,0.2429283581329067,0.03251341443978112,-1.079702995695771,-1.0984147598802323,-1.1743556957152792
5748,-0.8395231998015908,0.06508561858584352,1.1952052836879563,1.6516334805591384,0.5239361257490193,1.1379952573414867,0.055782818891781334,-0.9192394841506695,-0.9495692868388359,-0.8767755770257997
5749,0.21531387578511957,0.8817216424333439,1.1952052836879563,-1.2448467036897353,0.1051195453137382,0.6904618077371967,0.21293098868405674,0.3822978872707065,0.39879558659499154,0.398567788786256
5750,1.6498922985830458,0.8817216424333439,0.6697611090913683,0.8240677136308887,0.4541333623431382,-1.5472054402842532,0.5801413164745258,1.5144571076166977,1.510758826374836,1.560547299859462
5751,2.5359554420758825,0.8817216424333439,-1.4320155892949833,-0.8310638202256104,0.3145278355313812,-0.2046050914713833,0.884556128141104,2.1206525956759683,2.062362638234129,2.1273665735537097
5752,-0.016750280843956692,-1.5681864291091574,0.14431693449478036,-1.2448467036897353,-0.17409150830978082,0.2429283581329067,0.16187642777453115,0.186175817604472,0.20617203324730138,0.17184007930855758
5753,0.7638291550902088,-1.5681864291091574,0.6697611090913683,-1.2448467036897353,0.6635416525607812,-0.2046050914713833,0.25421027466397494,0.8369445033151597,0.8978657020867323,0.951216580638147
5754,0.21531387578511957,0.06508561858584352,-0.38112724010180754,-0.8310638202256104,-1.5701467764273809,1.1379952573414867,0.1555012484726133,0.524932119755241,0.48635174720757746,0.29937441588976293
5755,-1.1770710639893383,0.06508561858584352,-0.9065714146983955,0.410284830166764,-0.24389427171566183,-1.0996719906799632,0.02576634967858471,-1.4986910536190907,-1.5274399468819049,-1.5144472599318273
5756,-0.20662095444956474,0.8817216424333439,0.6697611090913683,-1.2448467036897353,0.7333444159666572,-0.6521385410756733,0.12150029219571801,-0.08126336830403057,-0.056496448590457056,0.015964779042639207
5757,-0.8395231998015908,-1.5681864291091574,-0.38112724010180754,0.410284830166764,0.9427527061843003,2.033062156550067,0.047548212293470754,-0.8746662864992527,-0.9408136707775774,-0.8059231678140184
5758,-0.1855242129378305,0.06508561858584352,1.1952052836879563,0.8240677136308887,0.3145278355313812,0.6904618077371967,0.1500823460659831,-0.0010316125314793153,-0.06525206465171549,0.0017942972002833347
5759,0.9115063456723483,0.8817216424333439,0.14431693449478036,0.8240677136308887,0.5239361257490193,-1.5472054402842532,0.5132019338043883,0.970664096269411,0.9766662466380598,1.0362394716922834
5760,-0.016750280843956692,-1.5681864291091574,1.7206494582845442,0.410284830166764,-0.6627108521509428,-0.6521385410756733,0.12219093662009244,0.22183437572560563,0.2499501135535943,0.15766959746620107
5761,-0.1855242129378305,0.06508561858584352,0.14431693449478036,-1.2448467036897353,0.6635416525607812,-0.2046050914713833,0.13988205918291452,-0.045604810182896936,-0.07400768071297392,0.015964779042639207
5762,-1.0293938734071988,0.8817216424333439,1.1952052836879563,0.8240677136308887,-0.17409150830978082,-0.6521385410756733,0.042607448334484405,-1.1599347514683216,-1.1772153044315605,-1.1743556957152792
5763,-0.24881443747303295,0.06508561858584352,1.1952052836879563,0.8240677136308887,-2.1983716470803,0.6904618077371967,0.1235722254688413,0.06137086418050393,0.031059712022128826,-0.21076293043505917
5764,2.114020611841198,0.8817216424333439,0.14431693449478036,-1.2448467036897353,-0.24389427171566183,-1.5472054402842532,0.8680869149444829,1.8977866074188843,1.8259610045801464,1.801445491179517
5765,1.9663434212590587,0.06508561858584352,-0.38112724010180754,0.410284830166764,-1.779555066645019,1.5855287069457766,0.702385379588801,1.8621280492977508,1.790938540335112,1.5322063361747504
5766,0.4473780324141958,-1.5681864291091574,0.14431693449478036,0.410284830166764,0.8031471793725382,-1.0996719906799632,0.3937204483876109,0.5605906778763746,0.6001747560039394,0.681977425633379
5767,1.7342792646299827,0.06508561858584352,-0.9065714146983955,-0.8310638202256104,-0.38349979852741883,1.5855287069457766,0.4887106199861871,1.6660059796315154,1.5720481388036465,1.5463768180171062
5768,1.1857639853248934,0.06508561858584352,-0.38112724010180754,-0.8310638202256104,-1.1513301959920998,-0.6521385410756733,0.27110449981405726,1.3361643170110304,1.2656015766595943,1.192114771958202
5769,0.8482161211371456,0.8817216424333439,1.7206494582845442,0.410284830166764,0.38433059893725724,-0.2046050914713833,0.26175423683791105,0.970664096269411,0.8891100860254739,0.97955754432286
5770,-0.1855242129378305,-1.5681864291091574,1.1952052836879563,-1.2448467036897353,0.8031471793725382,-0.6521385410756733,0.11602826329490516,-0.045604810182896936,-0.003962752222904903,0.07264670641206396
5771,0.8693128626488799,0.06508561858584352,0.6697611090913683,-0.8310638202256104,0.035316781907857205,1.1379952573414867,0.23327843595601128,1.0063226543905446,0.8978657020867323,0.951216580638147
5772,-0.1855242129378305,-1.5681864291091574,-1.4320155892949833,0.410284830166764,-1.5003440130215,1.1379952573414867,0.1569356638155448,0.06137086418050393,0.10110464051219785,-0.09739907569620966
5773,-0.5441688186373119,-0.751550405261657,-0.9065714146983955,-0.8310638202256104,-1.8493578300509,3.3756625053629365,0.07315518248950752,-0.40219039139423235,-0.3629430107345084,-0.57919545833632
5774,-1.1348775809658698,-1.5681864291091574,0.14431693449478036,0.410284830166764,0.5239361257490193,-1.0996719906799632,0.020241194283589226,-1.4986910536190907,-1.4486394023305773,-1.4152538870353342
5775,-0.20662095444956474,0.06508561858584352,-0.9065714146983955,0.8240677136308887,-0.5929080887450618,1.1379952573414867,0.16910163098337141,0.0167976665290871,-0.021473984345422546,-0.0690581120114973
5776,1.0802802777662222,0.06508561858584352,1.7206494582845442,-1.2448467036897353,-1.0117246691803428,2.033062156550067,0.2385379588800935,1.2381032821779128,1.1430229518019739,1.0220689898499276
5777,2.5570521835876163,1.6983576662808442,-0.9065714146983955,-0.8310638202256104,-1.639949539833262,3.8231959549672268,0.8302077245922541,2.200884351448519,2.132407566724198,1.872297900391299
5778,1.5022151080009063,0.06508561858584352,-1.4320155892949833,-1.2448467036897353,-0.17409150830978082,0.2429283581329067,0.6717313924454126,1.4698839099652807,1.3969358175784738,1.390501517751188
5779,-1.0293938734071988,0.06508561858584352,-0.38112724010180754,0.8240677136308887,-0.24389427171566183,-0.6521385410756733,0.03708229293948892,-1.1955933095894553,-1.1947265365540773,-1.2026966593999917
5780,-1.1981678055010725,0.06508561858584352,1.1952052836879563,1.6516334805591384,-2.5473854641097,0.6904618077371967,0.029219571800456888,-1.463032495497957,-1.4924174826368704,-1.6703225601977456
5781,1.903053196723856,-1.5681864291091574,1.7206494582845442,-1.2448467036897353,0.1051195453137382,0.6904618077371967,0.47123200340009563,1.6570913401012322,1.6683599154774906,1.6597406727559558
5782,-1.0293938734071988,0.06508561858584352,1.1952052836879563,1.2378505970950135,0.8729499427784192,0.2429283581329067,0.05557031291505073,-1.2579957863014386,-1.2647714650441464,-1.1743556957152792
5783,-1.155974322477604,-1.5681864291091574,-1.4320155892949833,1.2378505970950135,-0.17409150830978082,-0.6521385410756733,0.029750836742283376,-1.4897764140888075,-1.4486394023305773,-1.471935814404759
5784,1.9452466797473245,-1.5681864291091574,-1.4320155892949833,0.410284830166764,1.1521609964019384,-0.6521385410756733,0.9858683525474154,1.710579177282933,1.5895593709261633,1.8156159730218742
5785,-1.0293938734071988,0.8817216424333439,-1.4320155892949833,0.410284830166764,0.3145278355313812,-1.0996719906799632,0.034107209265260584,-1.2579957863014386,-1.2034821526153359,-1.1885261775576352
5786,-0.6074590431725145,-1.5681864291091574,-1.4320155892949833,-1.2448467036897353,1.0823582329960573,0.6904618077371967,0.07448334484407373,-0.5715685424696173,-0.5993446443884916,-0.46583160359747056
5787,-1.050490614918933,-1.5681864291091574,0.14431693449478036,0.410284830166764,1.0125554695901813,0.6904618077371967,0.034107209265260584,-1.3025689839528563,-1.3085495453504394,-1.2026966593999917
5788,-0.5019753356138434,0.06508561858584352,1.1952052836879563,0.8240677136308887,-0.38349979852741883,1.1379952573414867,0.10173723635977262,-0.38436111233366593,-0.4154767071020606,-0.43749063991275816
5789,0.4262812909024616,1.6983576662808442,0.14431693449478036,0.8240677136308887,2.4784135011136574,0.6904618077371967,0.3398501832864049,0.462529643043257,0.4163068187175084,0.752829834845161
5790,-0.20662095444956474,0.8817216424333439,0.14431693449478036,0.410284830166764,0.38433059893725724,-1.9947388898885432,0.15443871858896033,-0.03669017065261294,-0.003962752222904903,0.03013526088499571
5791,-0.14333072991436205,0.06508561858584352,-1.4320155892949833,0.410284830166764,0.1749223087196192,1.1379952573414867,0.15417308611804706,0.025712306059370308,-0.003962752222904903,0.03013526088499571
5792,2.7680195987049587,0.06508561858584352,-0.38112724010180754,-0.8310638202256104,-0.5231053253391809,0.2429283581329067,0.7030228975189927,2.2989453862816376,2.2199637273367836,2.1557075372384213
5793,3.105567462892706,1.6983576662808442,1.7206494582845442,-0.0034980532973608127,4.083877059448896,-1.0996719906799632,0.3045741911491261,2.067164758494269,1.9835620936828013,2.6800153654056
5794,-0.8817166828250593,0.06508561858584352,-1.4320155892949833,0.8240677136308887,-0.7325136155568189,0.6904618077371967,0.05679222228125166,-0.8924955655598191,-0.9145468225938014,-0.9617984680799367
5795,-0.20662095444956474,0.8817216424333439,-0.38112724010180754,0.8240677136308887,0.1051195453137382,-0.6521385410756733,0.1439727992349785,-0.02777553112232973,-0.003962752222904903,0.0017942972002833347
5796,-0.6285557846842488,-1.5681864291091574,1.1952052836879563,1.2378505970950135,-1.5003440130215,2.4805956061543566,0.10556234394092334,-0.5091660657576332,-0.5468109480209394,-0.678388831232813
5797,0.7427324135784745,-1.5681864291091574,1.1952052836879563,0.410284830166764,-1.1513301959920998,1.1379952573414867,0.3811825957605058,0.9082616195574269,0.9328881663317669,0.7670003166875169
5798,0.46847477392593007,0.8817216424333439,-0.9065714146983955,-1.2448467036897353,-0.03448598149801883,-0.6521385410756733,0.4018488019975562,0.5962492359975082,0.66146406843275,0.6111250164215991
5799,1.481118366489172,-1.5681864291091574,0.14431693449478036,-1.2448467036897353,0.5937388891549003,1.1379952573414867,0.5719598363703979,1.2915911193596128,1.3444021212109216,1.390501517751188
5800,-0.1855242129378305,0.8817216424333439,0.6697611090913683,-1.2448467036897353,-0.10428874490389983,-1.0996719906799632,0.12320034000956277,-0.009946252061763314,0.0047928638383535295,-0.012376184642073167
5801,-0.5019753356138434,0.8817216424333439,1.1952052836879563,-1.2448467036897353,0.5239361257490193,-0.6521385410756733,0.07655527811719705,-0.40219039139423235,-0.4592547874083535,-0.36663823070097756
5802,0.4473780324141958,1.6983576662808442,0.14431693449478036,-0.8310638202256104,2.1293996840842575,-1.0996719906799632,0.18472082027307019,0.5695053174066579,0.46008489902380134,0.7953412803722286
5803,0.02544320217951176,0.8817216424333439,0.6697611090913683,0.410284830166764,-0.24389427171566183,-1.0996719906799632,0.17823938798278702,0.2664075733770225,0.28497257779862883,0.2426924885203382
5804,-1.0082971318954645,0.8817216424333439,0.14431693449478036,1.2378505970950135,0.035316781907857205,-1.0996719906799632,0.048451362694575784,-1.1955933095894553,-1.1597040723090428,-1.1601852138729227
5805,0.5317649984611327,0.8817216424333439,0.14431693449478036,0.410284830166764,-1.8493578300509,-0.2046050914713833,0.40891462572384846,0.8369445033151597,0.8103095414741465,0.5686135708945302
5806,-0.9239101658485277,0.06508561858584352,0.14431693449478036,0.410284830166764,-1.639949539833262,-0.6521385410756733,0.04807947723529724,-0.9103248446203863,-0.9145468225938014,-1.0609918409764298
5807,-0.14333072991436205,0.8817216424333439,-1.4320155892949833,1.6516334805591384,0.1749223087196192,-0.2046050914713833,0.20081814801041278,-0.0010316125314793153,0.04857094414464647,0.044305742727351584
5808,0.7427324135784745,0.8817216424333439,-0.38112724010180754,0.410284830166764,0.5937388891549003,-0.2046050914713833,0.31817457365988416,0.9082616195574269,0.8365763896579225,0.951216580638147
5809,-0.5019753356138434,0.06508561858584352,-1.4320155892949833,0.410284830166764,-0.4533025619332999,-0.2046050914713833,0.09902778515645752,-0.3130439960913987,-0.35418739467325,-0.3808087125433334
5810,-1.050490614918933,-1.5681864291091574,1.1952052836879563,0.410284830166764,0.9427527061843003,-0.2046050914713833,0.035860383573287996,-1.293654344422572,-1.3085495453504394,-1.2026966593999917
5811,-0.8395231998015908,0.8817216424333439,-0.9065714146983955,0.410284830166764,0.7333444159666572,-0.6521385410756733,0.04877012165967168,-0.9548980422718031,-0.9057912065325429,-0.8484346133410873
5812,1.5022151080009063,-1.5681864291091574,1.1952052836879563,0.410284830166764,1.2219637598078192,0.6904618077371967,0.6856505339212665,1.30942039842018,1.2218234963533012,1.4330129632782567
5813,-1.0293938734071988,0.8817216424333439,-1.4320155892949833,0.410284830166764,-0.31369703512154284,-0.6521385410756733,0.036126016044201244,-1.240166507240872,-1.1947265365540773,-1.231037623084704
5814,-0.12223398840262782,1.6983576662808442,-0.38112724010180754,0.8240677136308887,3.1764411351724573,2.4805956061543566,0.116506401742549,-0.09017800783431376,-0.20534192163185352,0.21435152483562583
5815,-0.03784702235569092,-1.5681864291091574,0.14431693449478036,0.8240677136308887,-0.03448598149801883,-1.0996719906799632,0.19890559421983744,0.14160261995305437,0.17990518506352607,0.15766959746620107
5816,-0.9239101658485277,0.8817216424333439,-0.9065714146983955,-1.2448467036897353,-0.10428874490389983,-0.6521385410756733,0.04255432184030176,-1.0173005189837871,-0.9933473671451296,-1.004309913607005
5817,0.4473780324141958,-0.751550405261657,0.6697611090913683,-1.2448467036897353,1.6407803402430954,0.6904618077371967,0.1952929926154173,0.4536150035129738,0.4163068187175084,0.6394659801063115
5818,0.46847477392593007,0.06508561858584352,1.1952052836879563,-1.2448467036897353,-0.24389427171566183,-1.0996719906799632,0.2270095096424587,0.6943102708306251,0.6527084523714916,0.6394659801063115
5819,-0.6285557846842488,0.8817216424333439,-1.4320155892949833,1.6516334805591384,0.3145278355313812,-0.2046050914713833,0.12463475535249428,-0.5804831819999005,-0.5993446443884916,-0.5508544946516076
5820,0.700538930555006,-0.751550405261657,1.1952052836879563,-0.0034980532973608127,1.1521609964019384,0.2429283581329067,0.16612654730914306,0.7567127475426092,0.7665314611678535,0.9087051351110781
5821,-1.050490614918933,0.06508561858584352,0.14431693449478036,-1.2448467036897353,-0.5929080887450618,1.1379952573414867,0.03405408277107794,-1.2134225886500216,-1.2297490007991119,-1.2593785867694165
5822,-1.0082971318954645,-1.5681864291091574,-0.38112724010180754,-1.2448467036897353,0.1051195453137382,0.6904618077371967,0.02385379588800935,-1.2045079491197386,-1.1597040723090428,-1.1601852138729227
5823,0.4262812909024616,-1.5681864291091574,0.14431693449478036,0.410284830166764,0.7333444159666572,-0.2046050914713833,0.36960102002868833,0.4981882011643906,0.5388854435751288,0.6111250164215991
5824,-0.7973297167781225,0.8817216424333439,-1.4320155892949833,1.6516334805591384,-0.31369703512154284,-0.6521385410756733,0.06460181692610105,-0.8211784493175527,-0.7744569656136641,-0.8200936496563749
5825,-0.6285557846842488,0.8817216424333439,-1.4320155892949833,0.410284830166764,0.7333444159666572,-0.2046050914713833,0.09275885884290495,-0.5448246238787668,-0.60810026044975,-0.4941725672821829
5826,0.5739584814846012,0.8817216424333439,1.1952052836879563,1.6516334805591384,0.1051195453137382,-0.6521385410756733,0.48711682516070764,0.7745420266031756,0.7752870772291119,0.7811707985298727
5827,0.46847477392593007,0.8817216424333439,0.6697611090913683,-1.2448467036897353,0.8031471793725382,-0.2046050914713833,0.19423046273176434,0.6051638755277915,0.5563966756976465,0.681977425633379
5828,-0.08004050537915937,0.8817216424333439,1.1952052836879563,0.8240677136308887,-1.639949539833262,-0.2046050914713833,0.15789194071083248,0.23074901525588884,0.2587057296148535,0.044305742727351584
5829,0.21531387578511957,-0.751550405261657,0.14431693449478036,-0.8310638202256104,1.0125554695901813,0.6904618077371967,0.16554215587313392,0.2931514919678721,0.3462618902274394,0.44107923431332485
5830,-1.0082971318954645,0.8817216424333439,-1.4320155892949833,0.8240677136308887,0.035316781907857205,-1.0996719906799632,0.04026988259044786,-1.1866786700591714,-1.142192840186526,-1.146014732030567
5831,1.5022151080009063,-0.751550405261657,1.7206494582845442,-1.2448467036897353,0.4541333623431382,2.928129055758647,0.38049195133613134,1.4074814332532968,1.309379656965888,1.4188424814359009
5832,1.4178281419539693,-1.5681864291091574,1.7206494582845442,0.410284830166764,0.5239361257490193,0.6904618077371967,0.3592944801572544,1.2915911193596128,1.309379656965888,1.362160554066476
5833,-1.0293938734071988,0.8817216424333439,0.6697611090913683,0.8240677136308887,0.5239361257490193,-1.815725510046828,0.02666950007968974,-1.2669104258317225,-1.2209933847378536,-1.1885261775576352
5834,0.5317649984611327,-1.5681864291091574,1.1952052836879563,-1.2448467036897353,0.1749223087196192,-0.6521385410756733,0.2911331881209159,0.6586517127094915,0.7139977648003013,0.7103183893180921
5835,0.5106682569493985,-1.5681864291091574,1.1952052836879563,-1.2448467036897353,-1.779555066645019,1.5855287069457766,0.25096955851883335,0.801285945194026,0.8278207735966633,0.5686135708945302
5836,-0.20662095444956474,0.8817216424333439,1.7206494582845442,-0.8310638202256104,-0.5929080887450618,-0.2046050914713833,0.09732773734261276,-0.009946252061763314,0.022304095960870397,-0.0690581120114973
5837,0.7638291550902088,0.06508561858584352,0.14431693449478036,1.2378505970950135,-0.9419219057744619,1.1379952573414867,0.5742442756202518,1.041981212511678,0.9066213181479907,0.8378527258992975
5838,1.5022151080009063,0.8817216424333439,1.1952052836879563,-0.8310638202256104,-0.8721191423685809,-1.0996719906799632,0.4671943898422143,1.4877131890258481,1.4232026657622499,1.3054786266970513
5839,-0.8184264582898567,0.8817216424333439,1.1952052836879563,-1.2448467036897353,-0.4533025619332999,-0.6521385410756733,0.051213940392073526,-0.8122638097872686,-0.7832125816749225,-0.8342641314987308
5840,-0.3542981450317041,0.8817216424333439,-0.9065714146983955,1.6516334805591384,0.5937388891549003,-0.6521385410756733,0.157360675769006,-0.23281224031884826,-0.21409753769311196,-0.1540810030656344
5841,-0.755136233754654,0.8817216424333439,0.6697611090913683,1.6516334805591384,-0.4533025619332999,-0.2046050914713833,0.050842054932794985,-0.7320320540147182,-0.6869008050010774,-0.7492412404445943
5842,-0.20662095444956474,-1.5681864291091574,-0.9065714146983955,0.410284830166764,0.035316781907857205,-1.0996719906799632,0.14700100940338948,-0.045604810182896936,-0.012718368284164113,-0.026546666484429042
5843,1.396731400442235,0.06508561858584352,1.1952052836879563,0.8240677136308887,0.38433059893725724,0.2429283581329067,0.651383945173458,1.3539935960715968,1.283112808782112,1.362160554066476
5844,-0.9872003903837303,-1.5681864291091574,0.14431693449478036,1.2378505970950135,1.0823582329960573,-0.2046050914713833,0.05206396429899591,-1.1510201119380377,-1.185970920492819,-1.0609918409764298
5845,-0.20662095444956474,0.8817216424333439,-0.38112724010180754,-0.4172809367614856,-0.31369703512154284,0.6904618077371967,0.17579556925038517,-0.03669017065261294,-0.012718368284164113,-0.054887630169141416
5846,2.0085369042825274,0.06508561858584352,0.6697611090913683,0.8240677136308887,-0.8023163789626999,1.1379952573414867,0.6596185517717685,1.8442987702371836,1.8434722367026632,1.7022521182830246
5847,-1.050490614918933,0.8817216424333439,1.1952052836879563,-0.4172809367614856,0.24472507212550018,-0.2046050914713833,0.04584816447962599,-1.3025689839528563,-1.2647714650441464,-1.24520810492706
5848,-1.050490614918933,0.8817216424333439,0.14431693449478036,0.410284830166764,0.7333444159666572,-0.6521385410756733,0.04122615948573553,-1.2669104258317225,-1.2647714650441464,-1.1885261775576352
5849,-0.5441688186373119,0.8817216424333439,-0.38112724010180754,-1.2448467036897353,-0.4533025619332999,-0.6521385410756733,0.06736439462359879,-0.4289343099850828,-0.4067210910408021,-0.46583160359747056
5850,-0.9661036488719961,0.8817216424333439,-1.4320155892949833,0.410284830166764,0.3145278355313812,-0.2046050914713833,0.03431971524199118,-1.1688493909986049,-1.11592599200275,-1.1035032865034986
5851,0.06763668520297998,0.06508561858584352,-1.4320155892949833,-1.2448467036897353,-2.337977173892062,0.6904618077371967,0.186261488604367,0.4357857244524066,0.39003997053373235,0.11515815193913284
5852,0.4262812909024616,0.06508561858584352,1.7206494582845442,-1.2448467036897353,-0.6627108521509428,0.2429283581329067,0.19720554640599267,0.5873345964672243,0.617685988126457,0.5119316435251055
5853,-1.0293938734071988,0.8817216424333439,-0.9065714146983955,0.8240677136308887,0.035316781907857205,-1.0996719906799632,0.04659193539818307,-1.2223372281803049,-1.2209933847378536,-1.2026966593999917
5854,-1.0082971318954645,0.8817216424333439,0.6697611090913683,-0.4172809367614856,-0.24389427171566183,-0.2046050914713833,0.03479785368963502,-1.1955933095894553,-1.1334372241252668,-1.1743556957152792
5855,-0.20662095444956474,0.8817216424333439,1.1952052836879563,0.410284830166764,0.6635416525607812,-1.5472054402842532,0.16851723954736228,-0.07234872877374655,-0.03022960040668098,0.15766959746620107
5856,-1.1981678055010725,0.8817216424333439,0.14431693449478036,1.2378505970950135,0.6635416525607812,-0.2046050914713833,0.02815704191680391,-1.6324106465733417,-1.5887292593107154,-1.5427882236165396
5857,-0.9450069073602619,0.06508561858584352,1.1952052836879563,1.2378505970950135,0.035316781907857205,-0.2046050914713833,0.05859852308346172,-1.0707883561654872,-1.0809035277577155,-1.0609918409764298
5858,2.915696789287099,0.8817216424333439,1.7206494582845442,0.410284830166764,0.3145278355313812,-1.0996719906799632,0.8727089199383733,2.3078600258119204,2.298764271888111,2.3399238011890526
5859,-0.7973297167781225,-1.5681864291091574,-0.9065714146983955,0.8240677136308887,-0.8023163789626999,0.2429283581329067,0.05360463263029273,-0.7676906121358518,-0.7306788853073704,-0.8200936496563749
5860,-0.4808785941021094,0.8817216424333439,0.14431693449478036,0.8240677136308887,0.1051195453137382,-0.6521385410756733,0.10901556606279551,-0.3041293565611155,-0.38045424285702606,-0.3241267851739087
5861,0.23641061729685378,-1.5681864291091574,-0.9065714146983955,-1.2448467036897353,0.1749223087196192,1.1379952573414867,0.23609414014769164,0.3466393291495729,0.40755120265625,0.398567788786256
5862,-0.5019753356138434,-1.5681864291091574,0.14431693449478036,1.2378505970950135,-0.03448598149801883,-0.6521385410756733,0.12330659299792807,-0.4200196704547996,-0.38045424285702606,-0.3949791943856899
5863,-0.6285557846842488,-0.751550405261657,0.14431693449478036,0.410284830166764,1.0823582329960573,-0.2046050914713833,0.07628964564628381,-0.6339710191816014,-0.5905890283272331,-0.4941725672821829
5864,-0.8817166828250593,-1.5681864291091574,-1.4320155892949833,1.2378505970950135,-1.221132959397981,0.6904618077371967,0.05594219837432928,-0.9548980422718031,-0.9233024386550606,-1.0468213591340738
5865,0.8693128626488799,0.8817216424333439,1.1952052836879563,0.8240677136308887,0.6635416525607812,-1.5472054402842532,0.4952983052648356,0.9528348172088437,0.9503993984542844,1.0362394716922834
5866,-0.9661036488719961,0.8817216424333439,-1.4320155892949833,-1.2448467036897353,-0.38349979852741883,-0.2046050914713833,0.03384157679434734,-1.115361553816904,-1.072147911696457,-1.1176737683458546
5867,0.7638291550902088,0.8817216424333439,1.1952052836879563,-0.8310638202256104,-0.10428874490389983,-1.0996719906799632,0.3025553843701854,0.8993469800271436,0.9066213181479907,0.8803641714263664
5868,0.4473780324141958,-1.5681864291091574,0.14431693449478036,0.410284830166764,0.7333444159666572,-0.2046050914713833,0.3855920947776656,0.5427613988158074,0.617685988126457,0.6678069437910232
5869,-0.8817166828250593,0.8817216424333439,0.14431693449478036,0.410284830166764,0.7333444159666572,-0.2046050914713833,0.05450778303139776,-0.9905566003929368,-1.0108585992676464,-0.9192870225528679
5870,-1.0293938734071988,0.06508561858584352,0.14431693449478036,0.410284830166764,-1.430541249615619,1.1379952573414867,0.033204058864155554,-1.1955933095894553,-1.1509484562477845,-1.2877195504541288
5871,0.8693128626488799,0.06508561858584352,-0.38112724010180754,-0.8310638202256104,0.6635416525607812,0.6904618077371967,0.2828454550284227,0.9082616195574269,0.9153769342092499,0.9937280261652158
5872,0.046539943691245755,0.06508561858584352,0.14431693449478036,-1.2448467036897353,0.4541333623431382,-0.6521385410756733,0.157360675769006,0.24857829431645526,0.2149276493085606,0.28520393404740707
5873,0.21531387578511957,0.8817216424333439,-0.38112724010180754,0.410284830166764,0.5239361257490193,-1.9947388898885432,0.23210965308399298,0.3912125268009897,0.4250624347787669,0.4694201979980372
5874,-0.37539488654343833,0.8817216424333439,1.1952052836879563,-0.4172809367614856,-0.8721191423685809,-0.2046050914713833,0.152366785315837,-0.18823904266743144,-0.15280822526430216,-0.2674448578044839
5875,-1.1981678055010725,-1.5681864291091574,-1.4320155892949833,1.6516334805591384,-1.081527432586219,-0.2046050914713833,0.024703819794931733,-1.5521788908007907,-1.4749062505143535,-1.5852996691436083
5876,1.67098904009478,0.8817216424333439,1.1952052836879563,1.6516334805591384,-0.8023163789626999,0.6904618077371967,0.8416830473357063,1.6036035029195321,1.6245818351711978,1.4755244088053256
5877,0.5317649984611327,0.8817216424333439,0.14431693449478036,0.410284830166764,0.7333444159666572,-0.2046050914713833,0.36832598416830475,0.6675663522397756,0.6264416041877154,0.7386593530028038
5878,-0.1855242129378305,0.8817216424333439,0.14431693449478036,0.410284830166764,0.035316781907857205,-0.5626318511548141,0.16591404133241247,-0.02777553112232973,0.013548479899611962,-0.012376184642073167
5879,0.48957151543766425,1.6983576662808442,0.6697611090913683,-0.8310638202256104,2.4784135011136574,-1.0996719906799632,0.1532168092227594,0.524932119755241,0.4688405150850598,0.8095117622145858
5880,1.059183536254488,-1.5681864291091574,-1.4320155892949833,1.6516334805591384,-0.8721191423685809,0.2429283581329067,0.729161132656856,1.1757008054659286,1.2043122642307844,1.0504099535346405
5881,-1.1981678055010725,-1.5681864291091574,0.14431693449478036,1.6516334805591384,-2.5473854641097,2.4805956061543566,0.02486319927747968,-1.507605693149374,-1.4486394023305773,-1.6703225601977456
5882,0.4262812909024616,-1.5681864291091574,-0.38112724010180754,-1.2448467036897353,-1.221132959397981,2.4805956061543566,0.23742230250225788,0.5695053174066579,0.5301298275138704,0.38439730694390006
5883,0.4473780324141958,0.06508561858584352,0.14431693449478036,0.8240677136308887,-0.24389427171566183,1.1379952573414867,0.4139616426712001,0.6408224336489251,0.5739079078201633,0.5686135708945302
5884,-0.9450069073602619,0.8817216424333439,1.1952052836879563,-1.2448467036897353,-0.31369703512154284,-0.6521385410756733,0.02773202996334272,-1.061873716635204,-1.0283698313901641,-1.0609918409764298
5885,0.4262812909024616,0.8817216424333439,0.6697611090913683,-1.2448467036897353,-0.10428874490389983,0.6904618077371967,0.21957180045688784,0.5427613988158074,0.6001747560039394,0.5544430890521743
5886,0.5739584814846012,0.8817216424333439,1.1952052836879563,-0.8310638202256104,0.24472507212550018,-1.0996719906799632,0.2524571003559475,0.7210541894214756,0.7665314611678535,0.7670003166875169
5887,0.5317649984611327,0.06508561858584352,-0.38112724010180754,-1.2448467036897353,0.3145278355313812,0.2429283581329067,0.24873824576316209,0.685395631300342,0.6351972202489738,0.6961479074757362
5888,1.0802802777662222,0.06508561858584352,0.6697611090913683,0.8240677136308887,-2.268174410486181,1.1379952573414867,0.3579131913085056,1.2915911193596128,1.239334728475819,0.9228756169534352
5889,0.21531387578511957,-0.751550405261657,0.14431693449478036,-0.8310638202256104,-2.617188227515581,-0.2046050914713833,0.2002868830685863,0.5427613988158074,0.5914191399426809,0.22852200667798234
5890,-0.8184264582898567,-1.5681864291091574,-1.4320155892949833,-1.2448467036897353,0.4541333623431382,-1.0996719906799632,0.04011050310789991,-0.8835809260295359,-0.8357462780424739,-0.8059231678140184
5891,-1.050490614918933,0.8817216424333439,-0.9065714146983955,0.410284830166764,0.1749223087196192,-0.6521385410756733,0.04839823620039314,-1.2312518677105888,-1.2297490007991119,-1.2026966593999917
5892,-0.6285557846842488,-1.5681864291091574,-0.9065714146983955,0.8240677136308887,-1.360738486209743,0.2429283581329067,0.10056845348775434,-0.5448246238787668,-0.5205440998371641,-0.6642183493904572
5893,0.8482161211371456,0.06508561858584352,0.6697611090913683,0.8240677136308887,-1.2909357228038618,0.6904618077371967,0.33204058864155556,1.095469049693378,0.9941774787605774,0.8520232077416533
5894,-0.1855242129378305,0.8817216424333439,0.14431693449478036,0.8240677136308887,-0.4533025619332999,-0.6521385410756733,0.19662115496998353,0.025712306059370308,0.0573265602059049,-0.012376184642073167
5895,-0.6285557846842488,0.06508561858584352,1.1952052836879563,0.8240677136308887,-0.6627108521509428,1.1379952573414867,0.08654305902353504,-0.5091660657576332,-0.5205440998371641,-0.57919545833632
5896,-0.8395231998015908,0.8817216424333439,1.1952052836879563,-0.8310638202256104,0.4541333623431382,-0.6521385410756733,0.030441481166657812,-0.9103248446203863,-0.8620131262262499,-0.8342641314987308
5897,-0.9239101658485277,-1.5681864291091574,0.6697611090913683,1.6516334805591384,-1.430541249615619,-1.0996719906799632,0.030335228178292515,-0.9638126818020863,-0.9145468225938014,-1.0609918409764298
5898,-0.1855242129378305,-1.5681864291091574,-0.9065714146983955,-1.2448467036897353,-0.5929080887450618,1.1379952573414867,0.1429102693513255,-0.018860891592046524,0.022304095960870397,-0.0690581120114973
5899,0.21531387578511957,-1.5681864291091574,-0.38112724010180754,-1.2448467036897353,1.0823582329960573,0.2429283581329067,0.1859427296392711,0.2753222129073057,0.3462618902274394,0.44107923431332485
5900,-0.1855242129378305,-0.751550405261657,0.6697611090913683,-1.2448467036897353,0.5937388891549003,2.4805956061543566,0.09499017159857621,-0.17040976360686422,-0.10903014495800843,-0.0690581120114973
5901,-0.5019753356138434,0.8817216424333439,0.14431693449478036,0.410284830166764,0.24472507212550018,-0.2046050914713833,0.09153694947670403,-0.40219039139423235,-0.38920985891828447,-0.36663823070097756
5902,-0.20662095444956474,0.8817216424333439,-0.38112724010180754,0.410284830166764,0.8729499427784192,-1.0996719906799632,0.13472878924719758,-0.02777553112232973,-0.056496448590457056,0.058476224569708087
5903,-0.6074590431725145,-1.5681864291091574,-0.38112724010180754,0.8240677136308887,0.38433059893725724,-0.6521385410756733,0.08648993252935239,-0.562653902939334,-0.5292997158984225,-0.5083430491245388
5904,-0.1011372468908936,0.8817216424333439,0.14431693449478036,-1.2448467036897353,-0.17409150830978082,-1.0996719906799632,0.17722998459331668,0.13268798042277116,0.14488272081849157,0.11515815193913284
5905,0.48957151543766425,0.06508561858584352,-0.38112724010180754,-1.2448467036897353,0.3145278355313812,1.1379952573414867,0.2620198693088243,0.6229931545883579,0.5826635238814225,0.6394659801063115
5906,-0.6074590431725145,0.8817216424333439,-0.38112724010180754,-1.2448467036897353,-1.2909357228038618,-0.6521385410756733,0.06332678106571747,-0.48242214716678283,-0.44174355528583586,-0.5933659401786759
5907,-0.20662095444956474,-1.5681864291091574,-0.9065714146983955,-1.2448467036897353,1.3615692866195812,1.1379952573414867,0.1362694575784944,-0.14366584501601382,-0.10903014495800843,0.03013526088499571
5908,0.21531387578511957,0.06508561858584352,1.1952052836879563,-1.2448467036897353,-1.1513301959920998,0.6904618077371967,0.1766987196514902,0.462529643043257,0.40755120265625,0.28520393404740707
5909,-0.1855242129378305,0.8817216424333439,-0.9065714146983955,-1.2448467036897353,-0.24389427171566183,-0.6521385410756733,0.19518673962705202,-0.02777553112232973,0.0047928638383535295,-0.040717148326785545
5910,-0.20662095444956474,-0.751550405261657,0.6697611090913683,-1.2448467036897353,1.2917665232137003,-1.0996719906799632,0.10598735589438453,-0.09909264736459697,-0.1352969931417845,0.03013526088499571
5911,0.8693128626488799,-1.5681864291091574,0.14431693449478036,0.410284830166764,1.2219637598078192,-1.0996719906799632,0.42118684588004035,0.9260908986179933,0.8540876217804394,1.0504099535346405
5912,1.9452466797473245,-1.5681864291091574,0.6697611090913683,-0.8310638202256104,1.1521609964019384,-0.2046050914713833,0.4584816447962599,1.6660059796315154,1.6158262191099393,1.801445491179517
5913,0.4262812909024616,0.06508561858584352,-0.38112724010180754,-1.2448467036897353,-2.407779937297943,1.1379952573414867,0.25585719598363704,0.685395631300342,0.617685988126457,0.32771537957447533
5914,-0.8184264582898567,0.8817216424333439,1.1952052836879563,1.2378505970950135,0.5239361257490193,-1.9947388898885432,0.05673909578706901,-0.8657516469689694,-0.8357462780424739,-0.7917526859716626
5915,1.3756346589305009,-1.5681864291091574,1.7206494582845442,0.410284830166764,0.7333444159666572,-0.2046050914713833,0.3544068426924507,1.255932561238479,1.2568459605983358,1.3479900722241203
5916,-0.6074590431725145,0.8817216424333439,-0.9065714146983955,-1.2448467036897353,0.035316781907857205,-1.0996719906799632,0.08362110184348935,-0.5180807052879165,-0.5468109480209394,-0.5225135309668953
5917,-1.050490614918933,0.8817216424333439,-0.38112724010180754,1.2378505970950135,0.5239361257490193,-1.6367121302051126,0.03394782978271264,-1.2669104258317225,-1.2297490007991119,-1.2026966593999917
5918,-1.1348775809658698,0.8817216424333439,1.1952052836879563,1.6516334805591384,0.6635416525607812,-1.9947388898885432,0.02730701800988153,-1.463032495497957,-1.4223725541468013,-1.3727424415082659
5919,-0.8395231998015908,0.06508561858584352,-0.9065714146983955,-1.2448467036897353,-0.6627108521509428,0.6904618077371967,0.0525952292408224,-0.8300930888478358,-0.8445018941037331,-0.8909460588681556
5920,3.7595664497564667,1.6983576662808442,0.14431693449478036,-0.8310638202256104,2.4086107377077814,0.6904618077371967,0.6640811772831111,2.539640653599289,2.4300985128069907,2.878402111198587
5921,-1.0293938734071988,-1.5681864291091574,-0.9065714146983955,0.410284830166764,0.38433059893725724,-1.0996719906799632,0.038994846730064286,-1.2579957863014386,-1.212237768676595,-1.1885261775576352
5922,-0.8395231998015908,0.8817216424333439,1.1952052836879563,1.2378505970950135,-0.6627108521509428,-0.2046050914713833,0.05827976411836583,-0.8479223679084023,-0.8094794298586986,-0.8909460588681556
5923,1.1013770192779564,0.8817216424333439,0.6697611090913683,0.8240677136308887,-0.38349979852741883,-0.2046050914713833,0.40466450618923655,1.2381032821779128,1.1605341839244907,1.1354328445887771
5924,0.32079758334379044,-0.751550405261657,0.6697611090913683,-0.8310638202256104,1.4313720500254572,-0.2046050914713833,0.1570419168039101,0.3555539686798561,0.43381805084002606,0.5686135708945302
5925,-0.438685111078641,0.8817216424333439,0.14431693449478036,1.6516334805591384,0.24472507212550018,-0.2046050914713833,0.1355256866599373,-0.3219586356216819,-0.31040931436695707,-0.28161533964684043
5926,-0.20662095444956474,0.06508561858584352,1.1952052836879563,-1.2448467036897353,0.5937388891549003,1.1379952573414867,0.12830048345109707,-0.10800728689488018,-0.14405260920304294,-0.054887630169141416
5927,-0.20662095444956474,0.06508561858584352,-0.38112724010180754,-1.2448467036897353,-0.4533025619332999,0.2429283581329067,0.10349041066780003,0.007883026998803893,0.04857094414464647,-0.026546666484429042
5928,-1.0293938734071988,-1.5681864291091574,1.1952052836879563,0.8240677136308887,1.0823582329960573,-0.2046050914713833,0.039791744142804016,-1.2669104258317225,-1.273527081105405,-1.1601852138729227
5929,0.6794421890432724,0.06508561858584352,1.1952052836879563,1.2378505970950135,-0.5929080887450618,-0.2046050914713833,0.45481591669765714,0.8815177009665764,0.8190651575354049,0.7670003166875169
5930,-0.9450069073602619,0.8817216424333439,1.1952052836879563,-0.4172809367614856,-0.24389427171566183,-1.0996719906799632,0.05546405992668544,-1.0440444375746376,-1.002102983206388,-1.0326508772917173
5931,0.02544320217951176,0.8817216424333439,0.6697611090913683,0.410284830166764,0.4541333623431382,-1.1891786806008227,0.1298411517823939,0.22183437572560563,0.24119449749233587,0.29937441588976293
5932,-0.03784702235569092,0.8817216424333439,-1.4320155892949833,0.410284830166764,0.1749223087196192,-1.0996719906799632,0.17404239494235776,0.1950904571347552,0.13612710475723236,0.18601056115091347
5933,-0.1644274714260963,-1.5681864291091574,-1.4320155892949833,0.410284830166764,1.4313720500254572,-0.2046050914713833,0.16123890984433936,-0.06343408924346336,-0.03898521646793941,0.11515815193913284
5934,-0.05894376386742515,0.8817216424333439,-1.4320155892949833,-1.2448467036897353,-0.5231053253391809,-0.6521385410756733,0.20331509323699729,0.1683465385439048,0.17990518506352607,0.11515815193913284
5935,-1.1981678055010725,0.8817216424333439,0.14431693449478036,0.8240677136308887,0.1051195453137382,-0.6521385410756733,0.0261913616320459,-1.596752088452208,-1.5537067950656809,-1.556958705458896
5936,-0.9872003903837303,0.06508561858584352,0.6697611090913683,0.410284830166764,0.1749223087196192,1.1379952573414867,0.024597566806566433,-1.1777640305288881,-1.11592599200275,-1.1176737683458546
5937,0.46847477392593007,0.06508561858584352,0.14431693449478036,0.8240677136308887,0.1051195453137382,0.6904618077371967,0.3925516655155926,0.6319077941186418,0.5651522917589049,0.6111250164215991
5938,-0.20662095444956474,0.8817216424333439,1.1952052836879563,-0.8310638202256104,0.5937388891549003,-1.0996719906799632,0.11857833501567232,-0.06343408924346336,-0.03898521646793941,0.015964779042639207
5939,-0.6285557846842488,-1.5681864291091574,-0.9065714146983955,-0.8310638202256104,-0.6627108521509428,-1.0996719906799632,0.06938320140253945,-0.5269953448182004,-0.5030328677146465,-0.57919545833632
5940,0.5317649984611327,0.8817216424333439,-0.38112724010180754,-0.8310638202256104,0.1051195453137382,-0.6521385410756733,0.2436381023216278,0.738883468482042,0.66146406843275,0.7103183893180921
5941,-0.9872003903837303,0.8817216424333439,-0.9065714146983955,0.410284830166764,0.24472507212550018,-1.0996719906799632,0.04149179195664878,-1.1599347514683216,-1.11592599200275,-1.1035032865034986
5942,-0.20662095444956474,0.8817216424333439,-0.9065714146983955,-0.8310638202256104,0.5937388891549003,-0.2046050914713833,0.1260691706954258,-0.09017800783431376,-0.04774083252919862,0.0017942972002833347
5943,0.5106682569493985,0.06508561858584352,-0.38112724010180754,-1.2448467036897353,-0.9419219057744619,0.6904618077371967,0.23205652658981032,0.7656273870728924,0.7139977648003013,0.6111250164215991
5944,-0.8184264582898567,0.8817216424333439,0.6697611090913683,0.8240677136308887,-0.5929080887450618,-1.9947388898885432,0.04011050310789991,-0.8300930888478358,-0.7744569656136641,-0.8484346133410873
5945,-0.8395231998015908,0.06508561858584352,-1.4320155892949833,0.410284830166764,0.5239361257490193,0.2429283581329067,0.048451362694575784,-0.9638126818020863,-0.8795243583487669,-0.8626050951834432
5946,-0.20662095444956474,0.8817216424333439,1.7206494582845442,-0.8310638202256104,-0.10428874490389983,-0.2046050914713833,0.09700897837751687,-0.045604810182896936,-0.07400768071297392,-0.0690581120114973
5947,-0.08004050537915937,0.8817216424333439,-1.4320155892949833,0.8240677136308887,0.24472507212550018,-0.2046050914713833,0.15656377835626628,0.07920014324107114,0.11861587263471549,0.1293286337814887
5948,0.046539943691245755,0.8817216424333439,0.14431693449478036,-0.8310638202256104,-0.03448598149801883,-1.9947388898885432,0.1509323699729055,0.23966365478617205,0.33750627416618095,0.28520393404740707
5949,-1.050490614918933,-1.5681864291091574,-0.38112724010180754,-1.2448467036897353,0.5937388891549003,0.2429283581329067,0.022366254050895183,-1.347142181604273,-1.273527081105405,-1.24520810492706
5950,1.5233118495126405,-0.751550405261657,1.1952052836879563,0.410284830166764,1.0823582329960573,-0.2046050914713833,0.5968761621420603,1.3718228751321633,1.3881802015172156,1.5322063361747504
5951,-0.9872003903837303,0.06508561858584352,1.1952052836879563,1.6516334805591384,0.1749223087196192,0.6904618077371967,0.03995112362535196,-1.1777640305288881,-1.11592599200275,-1.1176737683458546
5952,-0.6285557846842488,1.6983576662808442,1.1952052836879563,0.8240677136308887,3.5254549522018572,-0.6521385410756733,0.07262391754768102,-0.785519891196419,-0.7219232692461119,-0.3949791943856899
5953,0.784925896601943,0.06508561858584352,0.6697611090913683,-1.2448467036897353,0.5937388891549003,0.2429283581329067,0.2610635924135366,0.8726030614362933,0.7927983093516288,0.9087051351110781
5954,0.9536998286958168,0.06508561858584352,0.14431693449478036,0.410284830166764,-0.17409150830978082,1.1379952573414867,0.46963820857461613,1.0687251311025279,1.0116887108830943,1.0078985080075717
5955,-0.24881443747303295,-1.5681864291091574,0.14431693449478036,1.6516334805591384,-3.105807571356743,1.1379952573414867,0.16532964989640334,0.08811478277135434,0.13612710475723236,-0.25327437596212804
5956,-0.1855242129378305,-1.5681864291091574,-0.9065714146983955,0.410284830166764,-1.0117246691803428,2.033062156550067,0.16633905328587367,-0.03669017065261294,0.022304095960870397,-0.12574003938092204
5957,-0.1855242129378305,0.06508561858584352,0.14431693449478036,0.8240677136308887,-1.8493578300509,0.6904618077371967,0.15512936301333474,0.13268798042277116,0.08359340838968098,-0.11156955753856616
5958,0.5317649984611327,0.8817216424333439,-1.4320155892949833,-1.2448467036897353,0.24472507212550018,-0.2046050914713833,0.28879562237687934,0.6675663522397756,0.6702196844940084,0.6961479074757362
5959,-0.9661036488719961,0.06508561858584352,-1.4320155892949833,-1.2448467036897353,-1.7097523032391428,0.2429283581329067,0.03251341443978112,-1.0173005189837871,-1.0371254474514224,-1.1743556957152792
5960,-0.9872003903837303,-0.751550405261657,0.6697611090913683,-1.2448467036897353,1.2917665232137003,-0.2046050914713833,0.023641289911278753,-1.1955933095894553,-1.1509484562477845,-1.0468213591340738
5961,-0.5230720771255777,0.06508561858584352,1.1952052836879563,-1.2448467036897353,0.24472507212550018,-0.6521385410756733,0.07018009881527917,-0.40219039139423235,-0.45049917134709505,-0.3949791943856899
5962,-0.8184264582898567,0.8817216424333439,-0.9065714146983955,0.8240677136308887,0.38433059893725724,-0.6521385410756733,0.05408277107793657,-0.9103248446203863,-0.8269906619812155,-0.8200936496563749
5963,0.4262812909024616,-0.751550405261657,-0.38112724010180754,0.410284830166764,1.2917665232137003,-0.2046050914713833,0.22870955745630345,0.5516760383460907,0.46008489902380134,0.6678069437910232
5964,-1.050490614918933,-1.5681864291091574,-0.38112724010180754,1.6516334805591384,0.1749223087196192,0.6904618077371967,0.030866493120119003,-1.3025689839528563,-1.2209933847378536,-1.231037623084704
5965,0.38408780787899316,1.6983576662808442,-0.38112724010180754,-1.2448467036897353,4.781904693507696,0.2429283581329067,0.19035222865643095,0.40012716633127293,0.26746134567611196,0.9228756169534352
5966,-1.1981678055010725,-1.5681864291091574,-0.9065714146983955,1.2378505970950135,1.0823582329960573,-0.2046050914713833,0.02539446421930617,-1.6324106465733417,-1.5799736432494567,-1.5002767780894712
5967,1.5022151080009063,-1.5681864291091574,1.1952052836879563,-1.2448467036897353,-0.17409150830978082,-1.5472054402842532,0.5815757318174574,1.4431399913744305,1.4757363621298014,1.4188424814359009
5968,-0.8817166828250593,0.8817216424333439,0.14431693449478036,0.8240677136308887,0.5239361257490193,-1.6367121302051126,0.04866386867130638,-0.9905566003929368,-0.9495692868388359,-0.9192870225528679
5969,-1.0293938734071988,0.06508561858584352,-0.38112724010180754,0.410284830166764,0.4541333623431382,0.6904618077371967,0.0333634383467035,-1.240166507240872,-1.2472602329216296,-1.1885261775576352
5970,1.1224737607896906,-1.5681864291091574,1.7206494582845442,0.410284830166764,1.5011748134313383,-0.2046050914713833,0.31413696010200287,1.0508958520419613,1.0729780233119048,1.2629671811699825
5971,-1.0293938734071988,-1.5681864291091574,-1.4320155892949833,0.410284830166764,0.8031471793725382,-0.6521385410756733,0.036126016044201244,-1.2847397048922888,-1.2297490007991119,-1.1743556957152792
5972,-1.0926840979424013,-1.5681864291091574,-1.4320155892949833,0.410284830166764,0.6635416525607812,0.2429283581329067,0.025872602666950007,-1.4095446583162563,-1.3610832417179914,-1.316060514138841
5973,1.903053196723856,0.8817216424333439,1.7206494582845442,0.8240677136308887,-0.5929080887450618,0.2429283581329067,0.5625564469000691,1.7818962935252003,1.7033823797225252,1.631399709071244
5974,-0.5441688186373119,0.8817216424333439,-0.38112724010180754,1.2378505970950135,-0.03448598149801883,-0.2046050914713833,0.10327790469106944,-0.437848949515366,-0.44174355528583586,-0.43749063991275816
5975,0.8482161211371456,0.06508561858584352,1.7206494582845442,-1.2448467036897353,-0.7325136155568189,1.1379952573414867,0.23981299474047707,1.0241519334511109,1.0379555590668703,0.9228756169534352
5976,-0.8606199413133251,0.8817216424333439,-1.4320155892949833,-1.2448467036897353,-0.4533025619332999,-1.0996719906799632,0.0333634383467035,-0.8835809260295359,-0.8620131262262499,-0.9051165407105121
5977,0.004346460667777534,-0.751550405261657,1.1952052836879563,0.410284830166764,1.7105831036489814,0.2429283581329067,0.14625723848483238,0.09702942230163755,0.06608217626716334,0.28520393404740707
5978,-1.1348775809658698,0.8817216424333439,0.14431693449478036,1.2378505970950135,0.4541333623431382,-0.6521385410756733,0.03182277001540668,-1.454117855967674,-1.4223725541468013,-1.3869129233506219
5979,1.8397629721886535,0.06508561858584352,0.6697611090913683,0.8240677136308887,-0.4533025619332999,0.2429283581329067,0.6056420336821973,1.7462377354040666,1.6333374512324563,1.603058745386531
5980,0.784925896601943,0.8817216424333439,-0.38112724010180754,-1.2448467036897353,-0.4533025619332999,-0.2046050914713833,0.33830951495510814,0.9260908986179933,0.9591550145155429,0.8803641714263664
5981,-0.8817166828250593,-1.5681864291091574,0.14431693449478036,0.410284830166764,0.7333444159666572,-0.2046050914713833,0.04250119534611911,-1.0262151585140704,-0.9758361350226119,-0.9192870225528679
5982,1.586602074047843,0.8817216424333439,0.14431693449478036,-0.8310638202256104,0.38433059893725724,-0.8759052658778183,0.5210646549434202,1.4520546309047144,1.4757363621298014,1.5180358543323944
5983,1.5444085910243748,0.06508561858584352,-0.9065714146983955,-0.8310638202256104,-0.7325136155568189,1.1379952573414867,0.5885353025553843,1.532286386677265,1.466980746068543,1.3763310359088319
5984,-0.1644274714260963,-1.5681864291091574,0.6697611090913683,-1.2448467036897353,1.0125554695901813,-0.2046050914713833,0.12458162885831164,-0.018860891592046524,0.013548479899611962,0.11515815193913284
5985,2.578148925099351,0.06508561858584352,0.6697611090913683,-0.8310638202256104,-0.24389427171566183,-0.2046050914713833,0.7247516336396961,2.1830550723879525,2.05360702217287,2.056514164341929
5986,1.481118366489172,0.06508561858584352,0.6697611090913683,0.410284830166764,0.38433059893725724,0.6904618077371967,0.44790947245391277,1.3450789565413135,1.3706689693946978,1.404671999593545
5987,-1.050490614918933,-1.5681864291091574,1.1952052836879563,-0.4172809367614856,-0.8721191423685809,0.2429283581329067,0.03947298517770812,-1.2312518677105888,-1.185970920492819,-1.2735490686117723
5988,-0.6285557846842488,1.6983576662808442,1.1952052836879563,0.410284830166764,2.7576245547371814,-0.2046050914713833,0.054773415502311004,-0.6785442168330181,-0.7306788853073704,-0.4233201580704017
5989,-0.1855242129378305,0.8817216424333439,1.1952052836879563,-1.2448467036897353,-0.24389427171566183,-0.6521385410756733,0.1597513680072252,-0.009946252061763314,0.031059712022128826,-0.012376184642073167
5990,2.2616978024233383,0.8817216424333439,-0.38112724010180754,0.8240677136308887,-1.430541249615619,1.1379952573414867,0.9435796631780269,2.004762281782285,2.018584557927835,1.7589340456524494
5991,-0.14333072991436205,0.8817216424333439,-1.4320155892949833,-0.8310638202256104,-0.5231053253391809,-0.2046050914713833,0.12930988684056738,0.07028550371078714,0.11861587263471549,0.03013526088499571
5992,-0.8606199413133251,0.06508561858584352,1.1952052836879563,-1.2448467036897353,0.4541333623431382,0.2429283581329067,0.046645061892365725,-0.9014102050901031,-0.932058054716319,-0.8626050951834432
5993,-0.7762329752663882,0.06508561858584352,-0.38112724010180754,-0.0034980532973608127,0.1749223087196192,0.6904618077371967,0.024013175370557298,-0.8479223679084023,-0.791968197736181,-0.7917526859716626
5994,-0.4808785941021094,0.8817216424333439,-1.4320155892949833,0.8240677136308887,0.1749223087196192,-1.0996719906799632,0.11565637783562663,-0.3754464728033827,-0.34543177861199154,-0.33829726701626517
5995,3.021180496845769,0.06508561858584352,1.7206494582845442,0.8240677136308887,-0.03448598149801883,0.2429283581329067,0.8513520692769484,2.388091781584471,2.2812530397655943,2.3115828375043397
5996,-1.050490614918933,0.06508561858584352,-0.9065714146983955,0.410284830166764,0.8031471793725382,0.2429283581329067,0.04839823620039314,-1.3114836234831393,-1.3173051614116977,-1.231037623084704
5997,-0.5230720771255777,0.8817216424333439,0.14431693449478036,0.8240677136308887,-0.8023163789626999,-0.6521385410756733,0.10040907400520639,-0.35761719374281553,-0.3191649304282155,-0.4233201580704017
5998,-1.050490614918933,-1.5681864291091574,-1.4320155892949833,-0.8310638202256104,-2.058766120268543,1.1379952573414867,0.02087871221378101,-1.1955933095894553,-1.1509484562477845,-1.3444014778235536
5999,-1.050490614918933,0.06508561858584352,0.14431693449478036,0.8240677136308887,-0.17409150830978082,0.6904618077371967,0.04483876109015566,-1.2490811467711553,-1.2472602329216296,-1.24520810492706
6000,0.8482161211371456,0.8817216424333439,-0.9065714146983955,-1.2448467036897353,0.035316781907857205,0.2429283581329067,0.39887371832332785,0.91717625908771,0.9591550145155429,0.937046098795791
6001,-0.1855242129378305,-1.5681864291091574,1.1952052836879563,0.8240677136308887,1.5709775768372194,-0.6521385410756733,0.1397226797003666,-0.07234872877374655,-0.056496448590457056,0.11515815193913284
6002,-0.1011372468908936,-1.5681864291091574,1.7206494582845442,-1.2448467036897353,-0.03448598149801883,-0.6521385410756733,0.09876215268554428,0.07028550371078714,0.16239395294100842,0.11515815193913284
6003,-1.0293938734071988,0.8817216424333439,-0.9065714146983955,0.410284830166764,0.24472507212550018,-1.5472054402842532,0.05004515752005525,-1.2223372281803049,-1.2209933847378536,-1.1885261775576352
6004,-0.2910079204965014,0.8817216424333439,0.6697611090913683,-1.2448467036897353,-0.38349979852741883,-0.2046050914713833,0.0909525580406949,-0.11692192642516418,-0.08276329677423314,-0.13991052122327854
6005,-0.20662095444956474,0.8817216424333439,0.14431693449478036,-1.2448467036897353,0.38433059893725724,-0.2046050914713833,0.1379163788981565,-0.045604810182896936,-0.08276329677423314,-0.012376184642073167
6006,-0.20662095444956474,0.8817216424333439,-1.4320155892949833,0.410284830166764,0.5239361257490193,-1.0996719906799632,0.14306964883387346,-0.0010316125314793153,-0.03022960040668098,0.044305742727351584
6007,-0.5652655601490462,0.8817216424333439,0.6697611090913683,-1.2448467036897353,-0.17409150830978082,-0.6521385410756733,0.05812038463581788,-0.4645928681062164,-0.44174355528583586,-0.46583160359747056
6008,-0.2699111789847672,-0.751550405261657,-1.4320155892949833,0.8240677136308887,-0.9419219057744619,3.3756625053629365,0.12893800138128886,-0.054519449713180144,-0.07400768071297392,-0.1682514849079909
6009,0.4262812909024616,1.6983576662808442,1.7206494582845442,0.410284830166764,2.7576245547371814,0.6904618077371967,0.14933857514742602,0.3644686082101393,0.293728193859888,0.6678069437910232
6010,1.903053196723856,-1.5681864291091574,0.6697611090913683,0.410284830166764,-2.268174410486181,0.6904618077371967,0.594485469903841,1.8532134097674666,1.8872503170089563,1.4896948906476815
6011,-1.050490614918933,0.06508561858584352,1.1952052836879563,1.2378505970950135,-0.03448598149801883,0.2429283581329067,0.05381713860702332,-1.2758250653620058,-1.2910383132279224,-1.2735490686117723
6012,-0.1855242129378305,-1.5681864291091574,-1.4320155892949833,0.410284830166764,0.5239361257490193,0.2429283581329067,0.17765499654677788,-0.03669017065261294,-0.003962752222904903,0.044305742727351584
6013,-0.5441688186373119,-1.5681864291091574,-0.9065714146983955,0.8240677136308887,-1.2909357228038618,-0.2046050914713833,0.10561547043510598,-0.3130439960913987,-0.38045424285702606,-0.4800020854398264
6014,3.27434139498658,0.06508561858584352,-0.38112724010180754,-1.2448467036897353,0.5937388891549003,1.1379952573414867,0.9562237687934974,2.3970064211147544,2.3162755040106293,2.439117174085545
6015,-0.20662095444956474,1.6983576662808442,0.14431693449478036,-1.2448467036897353,2.897230081548943,0.6904618077371967,0.11512511289380013,-0.17932440313714743,-0.21409753769311196,0.1293286337814887
6016,0.5950552229963354,0.8817216424333439,0.6697611090913683,0.410284830166764,0.035316781907857205,-1.5472054402842532,0.2898050257663497,0.7745420266031756,0.731508996922819,0.752829834845161
6017,0.6161519645080696,0.8817216424333439,1.1952052836879563,1.6516334805591384,0.1749223087196192,-1.1891786806008227,0.43292780109440576,0.7745420266031756,0.7840426932903704,0.7953412803722286
6018,1.5022151080009063,-1.5681864291091574,-1.4320155892949833,-0.8310638202256104,0.9427527061843003,0.2429283581329067,0.5053923391595389,1.4074814332532968,1.353157737272181,1.5038653724900373
6019,-0.1855242129378305,0.8817216424333439,0.14431693449478036,-0.8310638202256104,-0.38349979852741883,-1.0996719906799632,0.1256441587419646,0.03462694558965351,0.04857094414464647,0.0017942972002833347
6020,0.4473780324141958,-1.5681864291091574,-1.4320155892949833,0.8240677136308887,-1.639949539833262,0.6904618077371967,0.4434999734367529,0.7032249103609084,0.7052421487390429,0.4835906798403931
6021,0.5317649984611327,0.8817216424333439,1.1952052836879563,-0.8310638202256104,0.3145278355313812,-1.5472054402842532,0.24794134835042236,0.7032249103609084,0.7227533808615598,0.752829834845161
6022,0.4262812909024616,-1.5681864291091574,1.1952052836879563,-1.2448467036897353,-2.1983716470803,2.4805956061543566,0.224087552462413,0.738883468482042,0.7402646129840774,0.44107923431332485
6023,-0.6285557846842488,-1.5681864291091574,-0.9065714146983955,-1.2448467036897353,-0.6627108521509428,2.4805956061543566,0.07628964564628381,-0.562653902939334,-0.5292997158984225,-0.6075364220210324
6024,0.29970084183205625,-1.5681864291091574,1.1952052836879563,-0.8310638202256104,0.38433059893725724,0.6904618077371967,0.17802688200605643,0.4179564453918402,0.46008489902380134,0.4835906798403931
6025,0.8482161211371456,0.06508561858584352,-1.4320155892949833,1.2378505970950135,-0.8023163789626999,1.1379952573414867,0.7539712054401531,1.086554410163095,0.9766662466380598,0.9087051351110781
6026,-1.0293938734071988,0.06508561858584352,-0.9065714146983955,-1.2448467036897353,-0.8023163789626999,0.6904618077371967,0.02831642139935186,-1.2312518677105888,-1.1772153044315605,-1.2593785867694165
6027,-1.050490614918933,-1.5681864291091574,-0.9065714146983955,0.8240677136308887,1.2219637598078192,-1.0996719906799632,0.03702916644530627,-1.3293129025437058,-1.2647714650441464,-1.1743556957152792
6028,-0.20662095444956474,0.06508561858584352,0.14431693449478036,0.410284830166764,-0.03448598149801883,0.2429283581329067,0.15077299049035753,-0.03669017065261294,-0.09151891283549156,-0.0690581120114973
6029,1.0169900532310194,0.06508561858584352,1.1952052836879563,0.410284830166764,-0.24389427171566183,0.2429283581329067,0.4493438877968443,1.1311276078145118,1.0379555590668703,1.0362394716922834
6030,-0.6074590431725145,0.8817216424333439,1.1952052836879563,1.6516334805591384,0.035316781907857205,-0.6521385410756733,0.1167189077192796,-0.5537392634090501,-0.5117884837759049,-0.5366840128092512
6031,-0.1644274714260963,0.8817216424333439,1.7206494582845442,0.8240677136308887,0.6635416525607812,-0.2046050914713833,0.11220315571375444,0.007883026998803893,-0.021473984345422546,0.07264670641206396
6032,-0.5863623016607803,-1.5681864291091574,1.1952052836879563,1.6516334805591384,1.0125554695901813,-0.2046050914713833,0.09738086383679541,-0.5804831819999005,-0.5468109480209394,-0.451661121755114
6033,-0.6074590431725145,0.06508561858584352,1.7206494582845442,0.410284830166764,-0.17409150830978082,0.2429283581329067,0.05418902406630186,-0.5269953448182004,-0.5555665640821986,-0.5508544946516076
6034,-0.5019753356138434,0.8817216424333439,0.14431693449478036,1.6516334805591384,-0.4533025619332999,-0.2046050914713833,0.14216649843276843,-0.36653183327309874,-0.3366761625507331,-0.40914967622804577
6035,0.4473780324141958,0.06508561858584352,0.14431693449478036,0.410284830166764,-0.6627108521509428,0.2429283581329067,0.33629070817616746,0.6319077941186418,0.66146406843275,0.5544430890521743
6036,-0.7129427507311856,0.8817216424333439,-1.4320155892949833,1.2378505970950135,0.5937388891549003,-0.2046050914713833,0.08425861977368114,-0.7498613330752854,-0.6606339568173013,-0.6358773857057448
6037,0.7638291550902088,0.8817216424333439,0.6697611090913683,-1.2448467036897353,-0.17409150830978082,1.1379952573414867,0.251925835414121,0.91717625908771,0.8540876217804394,0.8520232077416533
6038,-1.155974322477604,-1.5681864291091574,-1.4320155892949833,1.6516334805591384,-0.03448598149801883,-0.2046050914713833,0.02911331881209159,-1.4719471350282403,-1.4136169380855428,-1.4294243688776906
6039,-0.7340394922429198,0.8817216424333439,0.6697611090913683,0.8240677136308887,0.24472507212550018,-1.0996719906799632,0.04382935770068533,-0.7409466935450014,-0.7131676531848535,-0.6925593130751695
6040,0.5950552229963354,0.8817216424333439,1.1952052836879563,-0.8310638202256104,0.3145278355313812,-0.6521385410756733,0.2458162885831164,0.7656273870728924,0.7227533808615598,0.7811707985298727
6041,0.23641061729685378,-1.5681864291091574,1.1952052836879563,-0.8310638202256104,1.0125554695901813,1.5855287069457766,0.17436115390745366,0.4803589221038234,0.24119449749233587,0.4835906798403931
6042,-0.5652655601490462,0.8817216424333439,0.14431693449478036,0.8240677136308887,0.035316781907857205,-0.6521385410756733,0.10136535090049408,-0.4556782285759332,-0.4680104034696119,-0.451661121755114
6043,0.8482161211371456,-1.5681864291091574,-1.4320155892949833,0.410284830166764,-0.8023163789626999,-0.6521385410756733,0.5062423630664612,0.9974080148602605,0.9941774787605774,0.8803641714263664
6044,-0.5863623016607803,0.8817216424333439,-0.38112724010180754,1.2378505970950135,-0.38349979852741883,-0.2046050914713833,0.09610582797641183,-0.5002514262273501,-0.45049917134709505,-0.5083430491245388
6045,-1.0293938734071988,-1.5681864291091574,1.1952052836879563,1.2378505970950135,-1.2909357228038618,2.033062156550067,0.043351219253041494,-1.2312518677105888,-1.1947265365540773,-1.316060514138841
6046,-1.1348775809658698,-0.751550405261657,-0.9065714146983955,1.6516334805591384,1.2917665232137003,-0.6521385410756733,0.029963342719013974,-1.4897764140888075,-1.439883786269319,-1.3444014778235536
6047,-0.9028134243367935,-0.751550405261657,-0.9065714146983955,-1.2448467036897353,1.3615692866195812,-1.0996719906799632,0.03617914253838389,-1.0529590771049209,-1.002102983206388,-0.8909460588681556
6048,-0.6285557846842488,0.8817216424333439,1.1952052836879563,0.410284830166764,-0.5929080887450618,0.2429283581329067,0.07698029007065824,-0.562653902939334,-0.5380553319596809,-0.6075364220210324
6049,0.46847477392593007,0.8817216424333439,0.6697611090913683,-0.8310638202256104,0.7333444159666572,0.2429283581329067,0.22254688413111617,0.5695053174066579,0.5914191399426809,0.6678069437910232
6050,0.8693128626488799,-0.751550405261657,0.6697611090913683,0.410284830166764,1.1521609964019384,-0.2046050914713833,0.2810391542262126,0.8815177009665764,0.9241325502705084,1.0504099535346405
6051,0.21531387578511957,-1.5681864291091574,1.1952052836879563,-0.8310638202256104,1.2219637598078192,-0.2046050914713833,0.17797375551187378,0.3198954105587225,0.3462618902274394,0.4835906798403931
6052,1.3123444343952981,0.8817216424333439,0.14431693449478036,1.2378505970950135,-0.6627108521509428,-0.6521385410756733,0.9925091643202465,1.3539935960715968,1.3881802015172156,1.2629671811699825
6053,-1.050490614918933,-0.751550405261657,-0.38112724010180754,-1.2448467036897353,1.3615692866195812,-0.6521385410756733,0.0286883068586304,-1.347142181604273,-1.343572009595474,-1.2168671412423475
6054,1.8397629721886535,0.8817216424333439,-0.38112724010180754,0.8240677136308887,0.035316781907857205,-0.6521385410756733,0.7445146894756415,1.6660059796315154,1.607070603048681,1.631399709071244
6055,-1.050490614918933,0.8817216424333439,1.1952052836879563,1.6516334805591384,-0.4533025619332999,-0.2046050914713833,0.03633852202093184,-1.2579957863014386,-1.212237768676595,-1.2593785867694165
6056,-0.14333072991436205,0.8817216424333439,1.1952052836879563,1.6516334805591384,-0.31369703512154284,-0.2046050914713833,0.1510386229612708,0.07028550371078714,0.09234902445093941,0.044305742727351584
6057,-1.0082971318954645,0.8817216424333439,-1.4320155892949833,0.410284830166764,0.24472507212550018,-1.5472054402842532,0.047813844764384,-1.1688493909986049,-1.1684596883703013,-1.1318442501882104
6058,0.4473780324141958,0.06508561858584352,0.14431693449478036,0.410284830166764,0.8729499427784192,0.2429283581329067,0.32391223503161026,0.6229931545883579,0.547641059636388,0.6961479074757362
6059,-0.7973297167781225,0.06508561858584352,1.1952052836879563,-1.2448467036897353,-0.03448598149801883,0.2429283581329067,0.050204537002603196,-0.8300930888478358,-0.8532575101649915,-0.8342641314987308
6060,2.029633645794261,0.8817216424333439,1.1952052836879563,-1.2448467036897353,0.24472507212550018,-0.6521385410756733,0.5788662806141422,1.7462377354040666,1.7821829242738527,1.787275009337161
6061,-0.6285557846842488,0.06508561858584352,1.1952052836879563,1.2378505970950135,-0.5231053253391809,1.1379952573414867,0.1099718429580832,-0.5448246238787668,-0.5730777962047154,-0.6075364220210324
6062,0.4473780324141958,1.6983576662808442,1.7206494582845442,0.410284830166764,2.8274273181430574,-1.0996719906799632,0.16947351644264996,0.4981882011643906,0.44257366690128447,0.8236822440569416
6063,-0.1644274714260963,0.8817216424333439,0.6697611090913683,0.410284830166764,-0.03448598149801883,-0.6521385410756733,0.14078520958401955,-0.0010316125314793153,0.03981532808338804,0.015964779042639207
6064,-1.0293938734071988,0.8817216424333439,0.14431693449478036,1.2378505970950135,-0.7325136155568189,-0.2046050914713833,0.06056420336821973,-1.1777640305288881,-1.1772153044315605,-1.231037623084704
6065,-0.7129427507311856,0.8817216424333439,0.14431693449478036,-0.8310638202256104,-0.24389427171566183,-0.6521385410756733,0.04680444137491367,-0.6785442168330181,-0.6431227246947845,-0.678388831232813
6066,-0.3964916280551725,0.8817216424333439,1.7206494582845442,0.8240677136308887,-0.4533025619332999,-0.6521385410756733,0.08335546937257611,-0.2595561589096979,-0.21409753769311196,-0.2957858214891963
6067,-1.0293938734071988,0.8817216424333439,0.14431693449478036,1.6516334805591384,-0.38349979852741883,-0.6521385410756733,0.040429262072995804,-1.2134225886500216,-1.1772153044315605,-1.2168671412423475
6068,-0.8395231998015908,-0.751550405261657,-1.4320155892949833,-1.2448467036897353,1.7105831036489814,-0.6521385410756733,0.036232269032566544,-0.9548980422718031,-0.9145468225938014,-0.7634117222869502
6069,1.67098904009478,0.06508561858584352,-0.38112724010180754,-0.8310638202256104,0.5937388891549003,0.6904618077371967,0.4985921479041598,1.5055424680864145,1.4582251300072844,1.560547299859462
6070,0.21531387578511957,-0.751550405261657,1.1952052836879563,0.8240677136308887,-0.5231053253391809,2.033062156550067,0.23349094193274186,0.3822978872707065,0.44257366690128447,0.3418858614168312
6071,-1.0082971318954645,0.8817216424333439,0.14431693449478036,-1.2448467036897353,-0.31369703512154284,-1.0996719906799632,0.026085108643680605,-1.1510201119380377,-1.1071703759414915,-1.146014732030567
6072,-1.0293938734071988,0.06508561858584352,0.6697611090913683,0.410284830166764,-1.2909357228038618,1.1379952573414867,0.023110024969452265,-1.1777640305288881,-1.1334372241252668,-1.2593785867694165
6073,0.5528617399728669,0.06508561858584352,1.1952052836879563,-1.2448467036897353,-1.5003440130215,0.2429283581329067,0.2558040694894544,0.8369445033151597,0.871598853902957,0.6394659801063115
6074,-0.9872003903837303,0.8817216424333439,-1.4320155892949833,0.410284830166764,0.38433059893725724,-0.2046050914713833,0.049301386601498166,-1.1599347514683216,-1.1684596883703013,-1.1176737683458546
6075,0.6583454475315381,0.06508561858584352,1.1952052836879563,0.410284830166764,-0.24389427171566183,0.2429283581329067,0.3471285129894278,0.86368842190601,0.8103095414741465,0.7953412803722286
6076,-0.5441688186373119,0.8817216424333439,0.6697611090913683,-1.2448467036897353,0.24472507212550018,-1.5472054402842532,0.056154704351059875,-0.437848949515366,-0.4154767071020606,-0.3949791943856899
6077,-0.14333072991436205,0.06508561858584352,1.1952052836879563,0.410284830166764,-1.779555066645019,0.6904618077371967,0.1471603888859374,0.1683465385439048,0.11861587263471549,-0.0690581120114973
6078,-0.7762329752663882,-1.5681864291091574,1.1952052836879563,-1.2448467036897353,0.9427527061843003,0.2429283581329067,0.04797322424693194,-0.8390077283781191,-0.8620131262262499,-0.7492412404445943
6079,1.5444085910243748,0.8817216424333439,0.14431693449478036,-1.2448467036897353,-0.10428874490389983,-0.6521385410756733,0.6374648036976039,1.4342253518441472,1.4494695139460252,1.4188424814359009
6080,-0.20662095444956474,0.06508561858584352,-0.9065714146983955,-1.2448467036897353,0.24472507212550018,2.033062156550067,0.12426286989321575,-0.09017800783431376,-0.1352969931417845,-0.0832285938538538
6081,-0.20662095444956474,-1.5681864291091574,0.14431693449478036,0.410284830166764,0.38433059893725724,1.5855287069457766,0.13775699941560857,-0.161495124076581,-0.10027452889675,-0.0832285938538538
6082,-0.9661036488719961,-1.5681864291091574,-0.38112724010180754,0.410284830166764,0.1051195453137382,-0.6521385410756733,0.028528927376082452,-1.1331908328774714,-1.0896591438189738,-1.0893328046611421
6083,-1.050490614918933,0.06508561858584352,1.1952052836879563,1.6516334805591384,0.1749223087196192,1.1379952573414867,0.03633852202093184,-1.3203982630134226,-1.2297490007991119,-1.24520810492706
6084,-1.0082971318954645,0.8817216424333439,-1.4320155892949833,0.410284830166764,0.8031471793725382,-0.6521385410756733,0.047813844764384,-1.1955933095894553,-1.2034821526153359,-1.1176737683458546
6085,-0.9239101658485277,0.06508561858584352,-0.9065714146983955,0.410284830166764,-1.0117246691803428,0.2429283581329067,0.03862296127078574,-0.9816419608626535,-0.9408136707775774,-1.0468213591340738
6086,0.5106682569493985,0.8817216424333439,-0.38112724010180754,-0.8310638202256104,-0.4533025619332999,-0.6521385410756733,0.22791266004356373,0.7745420266031756,0.8103095414741465,0.7244888711604479
6087,-0.9450069073602619,-0.751550405261657,-1.4320155892949833,-0.8310638202256104,1.5709775768372194,-1.0996719906799632,0.024119428358922595,-1.1421054724077544,-1.0896591438189738,-0.9617984680799367
6088,0.7427324135784745,0.06508561858584352,1.1952052836879563,-0.0034980532973608127,-0.38349979852741883,0.2429283581329067,0.18987409020878712,0.9528348172088437,0.8803544699642155,0.8520232077416533
6089,-1.050490614918933,0.8817216424333439,1.1952052836879563,-0.4172809367614856,0.4541333623431382,-1.0996719906799632,0.04244806885193646,-1.2758250653620058,-1.2385046168603704,-1.2026966593999917
6090,-0.8395231998015908,0.8817216424333439,-1.4320155892949833,1.6516334805591384,-0.03448598149801883,-0.6521385410756733,0.06577059979811932,-0.8568370074386863,-0.8795243583487669,-0.8626050951834432
6091,0.5106682569493985,-1.5681864291091574,0.6697611090913683,-0.8310638202256104,-0.10428874490389983,0.2429283581329067,0.18323327843595602,0.6586517127094915,0.7402646129840774,0.681977425633379
6092,0.7216356720667403,0.8817216424333439,1.1952052836879563,-1.2448467036897353,-0.03448598149801883,-0.6521385410756733,0.35812569728523613,0.8726030614362933,0.8891100860254739,0.8661936895840104
6093,0.5106682569493985,0.06508561858584352,1.1952052836879563,-0.8310638202256104,0.3145278355313812,0.6904618077371967,0.20512139403920734,0.7477981080123259,0.66146406843275,0.7386593530028038
6094,-1.050490614918933,0.06508561858584352,1.1952052836879563,1.6516334805591384,0.3145278355313812,0.6904618077371967,0.03633852202093184,-1.293654344422572,-1.2472602329216296,-1.231037623084704
6095,-0.1011372468908936,-0.751550405261657,-1.4320155892949833,-0.8310638202256104,0.38433059893725724,0.2429283581329067,0.1435477872815173,0.04354158511993751,0.06608217626716334,0.10098767009677634
6096,-0.33320140351996985,-0.751550405261657,-0.38112724010180754,0.8240677136308887,0.035316781907857205,1.2722552922227723,0.09488391861021091,-0.23281224031884826,-0.17907507344807744,-0.1965924485927033
6097,2.6414391496345533,-1.5681864291091574,-1.4320155892949833,-0.8310638202256104,0.5239361257490193,-0.6521385410756733,0.9104818573022366,2.093908677085119,2.132407566724198,2.1840485009231343
6098,-0.9450069073602619,0.8817216424333439,1.1952052836879563,-0.4172809367614856,0.38433059893725724,-1.0996719906799632,0.05928916750783616,-1.079702995695771,-1.0809035277577155,-1.0326508772917173
6099,0.5739584814846012,0.8817216424333439,1.1952052836879563,0.410284830166764,-0.03448598149801883,-1.0996719906799632,0.4025394464219306,0.7121395498911923,0.731508996922819,0.7103183893180921
6100,-0.016750280843956692,-1.5681864291091574,-1.4320155892949833,0.410284830166764,0.6635416525607812,-0.6521385410756733,0.1880146629123944,0.10594406183192076,0.12737148869597392,0.20018104299326997
6101,0.700538930555006,0.8817216424333439,1.1952052836879563,-1.2448467036897353,0.1749223087196192,-1.0996719906799632,0.32582478882218563,0.8458591428454428,0.8540876217804394,0.8661936895840104
6102,0.4473780324141958,0.8817216424333439,-1.4320155892949833,-0.8310638202256104,-0.17409150830978082,-1.0996719906799632,0.288848748871062,0.6319077941186418,0.6789753005552669,0.6252954982639549
6103,0.9536998286958168,0.06508561858584352,0.6697611090913683,-0.8310638202256104,-1.1513301959920998,1.1379952573414867,0.23056898475269616,1.1222129682842286,1.0642224072506465,0.9228756169534352
6104,1.481118366489172,-1.5681864291091574,-1.4320155892949833,0.8240677136308887,-1.919160593456781,2.033062156550067,0.8477394676725283,1.532286386677265,1.5195144424360942,1.2204557356429149
6105,-0.5652655601490462,0.06508561858584352,0.14431693449478036,0.410284830166764,-0.10428874490389983,-0.15985174651095369,0.0909525580406949,-0.5180807052879165,-0.4592547874083535,-0.4941725672821829
6106,-1.050490614918933,0.8817216424333439,1.1952052836879563,0.8240677136308887,-0.9419219057744619,-1.0996719906799632,0.03384157679434734,-1.2045079491197386,-1.1597040723090428,-1.24520810492706
6107,-1.0082971318954645,0.8817216424333439,0.14431693449478036,0.410284830166764,0.4541333623431382,-1.5472054402842532,0.043988737183233276,-1.1866786700591714,-1.185970920492819,-1.1318442501882104
6108,-0.5441688186373119,-1.5681864291091574,0.14431693449478036,0.410284830166764,-1.5701467764273809,0.2429283581329067,0.08829623333156245,-0.39327575186394914,-0.3279205464894739,-0.5225135309668953
6109,-0.8395231998015908,0.8817216424333439,-0.38112724010180754,-0.8310638202256104,0.3145278355313812,-1.0996719906799632,0.0286883068586304,-0.8746662864992527,-0.8445018941037331,-0.8200936496563749
6110,2.915696789287099,-1.5681864291091574,0.6697611090913683,-0.8310638202256104,-1.988963356862662,1.1379952573414867,0.8332359347606652,2.4772381768873046,2.465120977052026,2.0990256098689968
6111,-1.0082971318954645,-0.751550405261657,-0.9065714146983955,-0.0034980532973608127,1.5709775768372194,-1.5472054402842532,0.01917866439993625,-1.2490811467711553,-1.2034821526153359,-1.0751623228187863
6112,2.746922857193225,0.8817216424333439,-0.38112724010180754,-1.2448467036897353,-0.03448598149801883,-1.9947388898885432,0.798756840036126,2.2900307467513543,2.1499187988467146,2.19821898276549
6113,3.000083755334036,0.06508561858584352,0.6697611090913683,-0.8310638202256104,0.8031471793725382,0.6904618077371967,0.8066726876693407,2.2365429095696534,2.158674414907973,2.3115828375043397
6114,-0.1855242129378305,-0.751550405261657,-1.4320155892949833,-1.2448467036897353,2.897230081548943,-0.2046050914713833,0.1397758061945492,-0.19715368219771465,-0.14405260920304294,0.15766959746620107
6115,-1.1348775809658698,0.8817216424333439,-1.4320155892949833,1.6516334805591384,0.5239361257490193,-1.0996719906799632,0.029963342719013974,-1.4808617745585235,-1.439883786269319,-1.4010834051929784
6116,-0.7762329752663882,0.8817216424333439,-0.38112724010180754,-1.2448467036897353,0.4541333623431382,-0.6521385410756733,0.048823248153854325,-0.8033491702569854,-0.8094794298586986,-0.7492412404445943
6117,-1.0293938734071988,0.06508561858584352,-1.4320155892949833,0.8240677136308887,-0.5231053253391809,1.1379952573414867,0.03378845030016469,-1.2312518677105888,-1.1947265365540773,-1.24520810492706
6118,-0.8184264582898567,0.8817216424333439,-0.38112724010180754,0.410284830166764,-0.31369703512154284,-0.6521385410756733,0.0499920310258726,-0.8211784493175527,-0.7832125816749225,-0.8200936496563749
6119,2.9578902723105673,1.6983576662808442,0.6697611090913683,-0.0034980532973608127,3.1764411351724573,-0.6521385410756733,0.4215056048451363,2.067164758494269,1.9835620936828013,2.524140065139683
6120,-0.20662095444956474,-0.751550405261657,-0.38112724010180754,-1.2448467036897353,1.0823582329960573,1.1379952573414867,0.10779365669659459,-0.14366584501601382,-0.07400768071297392,0.015964779042639207
6121,-0.1644274714260963,0.8817216424333439,1.1952052836879563,0.8240677136308887,-0.31369703512154284,-0.6521385410756733,0.16479838495457685,0.03462694558965351,0.07483779232842254,0.015964779042639207
6122,-1.0293938734071988,0.8817216424333439,-1.4320155892949833,0.8240677136308887,-0.03448598149801883,-0.6521385410756733,0.038994846730064286,-1.2134225886500216,-1.1597040723090428,-1.1743556957152792
6123,3.211051170451377,0.06508561858584352,0.6697611090913683,-0.8310638202256104,0.24472507212550018,0.2429283581329067,0.5797694310152472,2.441579618766172,2.3600535843169217,2.4249466922431893
6124,0.4473780324141958,0.06508561858584352,-0.38112724010180754,0.410284830166764,0.5937388891549003,1.1379952573414867,0.25208521489666896,0.5873345964672243,0.547641059636388,0.6394659801063115
6125,-0.4808785941021094,-1.5681864291091574,1.1952052836879563,-1.2448467036897353,1.1521609964019384,-0.2046050914713833,0.07273017053604633,-0.4200196704547996,-0.4592547874083535,-0.3099563033315528
6126,0.9115063456723483,-1.5681864291091574,-0.38112724010180754,-1.2448467036897353,0.38433059893725724,0.2429283581329067,0.347553524942889,0.9439201776785605,0.9591550145155429,0.9937280261652158
6127,-0.1855242129378305,0.8817216424333439,0.14431693449478036,0.8240677136308887,-0.03448598149801883,-1.0996719906799632,0.16155766880943526,-0.0010316125314793153,0.031059712022128826,0.015964779042639207
6128,2.5570521835876163,-1.5681864291091574,-1.4320155892949833,-0.8310638202256104,1.0823582329960573,1.5855287069457766,0.8297295861446103,1.8977866074188843,1.8084497724576287,2.01400271881486
6129,-0.8817166828250593,0.8817216424333439,1.1952052836879563,1.2378505970950135,0.24472507212550018,-0.6521385410756733,0.05169207883971737,-0.99947123992322,-0.9583249029000951,-0.9476279862375803
6130,-1.0293938734071988,-1.5681864291091574,0.14431693449478036,-0.4172809367614856,-0.38349979852741883,-1.0996719906799632,0.048557615682941084,-1.2134225886500216,-1.1772153044315605,-1.2168671412423475
6131,-1.050490614918933,-1.5681864291091574,-1.4320155892949833,1.6516334805591384,-0.24389427171566183,1.1379952573414867,0.04191680391010997,-1.3203982630134226,-1.273527081105405,-1.3018900322964846
6132,-0.6074590431725145,0.8817216424333439,0.14431693449478036,-0.8310638202256104,0.6635416525607812,-0.2046050914713833,0.05557031291505073,-0.5804831819999005,-0.5555665640821986,-0.4941725672821829
6133,-0.7973297167781225,0.8817216424333439,-1.4320155892949833,1.6516334805591384,0.38433059893725724,-1.0996719906799632,0.06460181692610105,-0.8657516469689694,-0.8094794298586986,-0.7917526859716626
6134,0.5739584814846012,0.06508561858584352,0.14431693449478036,-0.8310638202256104,0.035316781907857205,0.2429283581329067,0.23195027360144505,0.6943102708306251,0.731508996922819,0.7103183893180921
6135,-0.9239101658485277,0.8817216424333439,0.14431693449478036,0.410284830166764,0.1749223087196192,-1.5472054402842532,0.03633852202093184,-1.0262151585140704,-0.9845917510838703,-0.9759689499222927
6136,1.5022151080009063,1.6983576662808442,-1.4320155892949833,-1.2448467036897353,3.8046660058253816,-1.9947388898885432,0.39674865855602187,1.264847200768763,1.1955566481695252,1.7731045274948052
6137,-1.0293938734071988,0.8817216424333439,-0.9065714146983955,0.410284830166764,0.1749223087196192,-1.0996719906799632,0.038994846730064286,-1.2490811467711553,-1.212237768676595,-1.2026966593999917
6138,-0.8817166828250593,-1.5681864291091574,0.14431693449478036,0.8240677136308887,0.7333444159666572,-0.6521385410756733,0.049567019072411414,-1.0173005189837871,-0.9583249029000951,-0.9051165407105121
6139,1.6498922985830458,0.06508561858584352,0.6697611090913683,0.410284830166764,-1.639949539833262,1.5855287069457766,0.4559846995696754,1.7194938168132161,1.6596042994162323,1.4188424814359009
6140,1.481118366489172,0.8817216424333439,-0.38112724010180754,0.8240677136308887,-0.31369703512154284,-1.0996719906799632,0.5355150613611008,1.4609692704349977,1.4056914336397324,1.3763310359088319
6141,1.5022151080009063,0.06508561858584352,0.14431693449478036,0.410284830166764,-0.9419219057744619,0.6904618077371967,0.7568931626201987,1.4966278285561312,1.3969358175784738,1.2913081448546955
6142,-0.3964916280551725,-1.5681864291091574,-1.4320155892949833,-0.4172809367614856,-0.03448598149801883,0.2429283581329067,0.17728311108749933,-0.3041293565611155,-0.23160876981562958,-0.2674448578044839
6143,0.46847477392593007,0.8817216424333439,-0.9065714146983955,-1.2448467036897353,0.38433059893725724,-0.6521385410756733,0.27976411836582904,0.6764809917700587,0.6264416041877154,0.6961479074757362
6144,0.46847477392593007,0.8817216424333439,0.14431693449478036,-0.8310638202256104,0.035316781907857205,-0.2046050914713833,0.2521383413908516,0.6229931545883579,0.66146406843275,0.6394659801063115
6145,-1.050490614918933,0.06508561858584352,-1.4320155892949833,0.410284830166764,0.5937388891549003,2.033062156550067,0.04186367741592732,-1.3203982630134226,-1.3348163935342154,-1.2593785867694165
6146,-0.9450069073602619,-1.5681864291091574,-0.9065714146983955,-1.2448467036897353,-1.1513301959920998,1.5855287069457766,0.034213462253625884,-1.0440444375746376,-1.002102983206388,-1.1176737683458546
6147,-0.5441688186373119,0.8817216424333439,-1.4320155892949833,0.410284830166764,-0.03448598149801883,-1.0996719906799632,0.08548052913988206,-0.4467635890456492,-0.4680104034696119,-0.451661121755114
6148,2.0507303873059954,0.06508561858584352,1.1952052836879563,-0.8310638202256104,0.6635416525607812,0.6904618077371967,0.5134144397811189,1.7284084563434994,1.6858711476000083,1.787275009337161
6149,-0.9661036488719961,0.8817216424333439,1.1952052836879563,0.410284830166764,0.24472507212550018,-0.2046050914713833,0.031663390532858736,-1.1331908328774714,-1.0809035277577155,-1.0751623228187863
6150,1.8819564552121217,0.06508561858584352,1.1952052836879563,1.6516334805591384,0.8031471793725382,0.2429283581329067,0.8441268660681082,1.6570913401012322,1.5545369066811288,1.7164226001253804
6151,-0.9450069073602619,0.8817216424333439,-0.38112724010180754,-1.2448467036897353,-0.6627108521509428,-0.6521385410756733,0.027785156457525367,-1.0262151585140704,-0.9933473671451296,-1.0609918409764298
6152,1.481118366489172,-1.5681864291091574,-1.4320155892949833,-1.2448467036897353,-0.8721191423685809,2.4805956061543566,0.5337087605588907,1.5055424680864145,1.4144470497009907,1.3338195903817645
6153,-1.155974322477604,-0.751550405261657,-1.4320155892949833,1.6516334805591384,2.1992024474901433,0.2429283581329067,0.02528821123094087,-1.5878374489219242,-1.5449511790044221,-1.3727424415082659
6154,0.46847477392593007,0.8817216424333439,1.1952052836879563,1.6516334805591384,-0.4533025619332999,-0.2046050914713833,0.42724326621686237,0.6943102708306251,0.6527084523714916,0.6111250164215991
6155,-0.7762329752663882,1.6983576662808442,-0.38112724010180754,-1.2448467036897353,0.6635416525607812,3.8231959549672268,0.0522764702757265,-0.8479223679084023,-0.888279974410026,-0.7917526859716626
6156,1.0380867947427537,0.8817216424333439,1.7206494582845442,1.2378505970950135,-0.38349979852741883,-0.6521385410756733,0.367529086755565,1.140042247344795,1.1517785678632324,1.0787509172193523
6157,1.2701509513718297,0.06508561858584352,-0.38112724010180754,-1.2448467036897353,0.4541333623431382,-0.2046050914713833,0.4368591616639218,1.3005057588898967,1.2043122642307844,1.3054786266970513
6158,0.02544320217951176,0.06508561858584352,0.14431693449478036,-1.2448467036897353,-1.639949539833262,1.1379952573414867,0.12766296552090528,0.3377246896192897,0.293728193859888,0.11515815193913284
6159,-0.20662095444956474,-1.5681864291091574,-0.38112724010180754,-1.2448467036897353,0.24472507212550018,0.6904618077371967,0.11756893162620198,-0.09909264736459697,-0.06525206465171549,-0.054887630169141416
6160,-0.1855242129378305,0.8817216424333439,1.1952052836879563,0.8240677136308887,-0.5231053253391809,-0.2046050914713833,0.14269776337459492,0.03462694558965351,0.0047928638383535295,-0.040717148326785545
6161,-0.6285557846842488,0.06508561858584352,-0.9065714146983955,-1.2448467036897353,-0.7325136155568189,0.6904618077371967,0.06561122031557137,-0.5537392634090501,-0.60810026044975,-0.6500478675481006
6162,-1.1348775809658698,0.06508561858584352,-1.4320155892949833,1.2378505970950135,-0.03448598149801883,0.6904618077371967,0.03182277001540668,-1.454117855967674,-1.396105705963026,-1.4152538870353342
6163,-0.8606199413133251,-1.5681864291091574,1.1952052836879563,0.8240677136308887,-1.0117246691803428,0.6904618077371967,0.04196993040429262,-0.9103248446203863,-0.8445018941037331,-0.9617984680799367
6164,-0.5230720771255777,0.06508561858584352,0.6697611090913683,1.2378505970950135,-0.31369703512154284,0.6904618077371967,0.08463050523295967,-0.4111050309245164,-0.38045424285702606,-0.4233201580704017
6165,0.4262812909024616,0.06508561858584352,0.14431693449478036,0.410284830166764,0.6635416525607812,0.2429283581329067,0.35105987355894386,0.5962492359975082,0.521374211452612,0.6394659801063115
6166,-0.8606199413133251,-1.5681864291091574,1.7206494582845442,0.8240677136308887,0.9427527061843003,-0.6521385410756733,0.04196993040429262,-0.9192394841506695,-0.9758361350226119,-0.8484346133410873
6167,0.4473780324141958,-1.5681864291091574,-1.4320155892949833,1.2378505970950135,1.0125554695901813,-1.5472054402842532,0.557721935929448,0.6051638755277915,0.5038629793300943,0.681977425633379
6168,0.8482161211371456,0.8817216424333439,0.6697611090913683,-0.8310638202256104,0.5239361257490193,-0.6521385410756733,0.20884024863199277,0.9528348172088437,0.845332005719181,0.9653870624805029
6169,1.1857639853248934,0.8817216424333439,-0.38112724010180754,0.410284830166764,-1.2909357228038618,-0.2046050914713833,0.492960739520799,1.30942039842018,1.3006240409046288,1.1070918809040653
6170,-0.7973297167781225,0.8817216424333439,0.14431693449478036,-0.8310638202256104,-0.03448598149801883,-1.5472054402842532,0.0332571853583382,-0.785519891196419,-0.7569457334911465,-0.7634117222869502
6171,-0.20662095444956474,0.06508561858584352,0.14431693449478036,-1.2448467036897353,0.5239361257490193,0.6904618077371967,0.12394411092811985,-0.07234872877374655,-0.056496448590457056,0.0017942972002833347
6172,0.21531387578511957,0.06508561858584352,-0.9065714146983955,-1.2448467036897353,0.035316781907857205,0.6904618077371967,0.222121872177655,0.3555539686798561,0.32875065810492254,0.3418858614168312
6173,-1.1770710639893383,0.06508561858584352,-0.38112724010180754,1.2378505970950135,-0.38349979852741883,0.2429283581329067,0.029432077777187482,-1.5343496117402242,-1.5537067950656809,-1.556958705458896
6174,-0.9661036488719961,0.8817216424333439,0.14431693449478036,-0.4172809367614856,-0.24389427171566183,-0.2046050914713833,0.06778940657705998,-1.106446914286621,-1.0809035277577155,-1.1035032865034986
6175,-1.050490614918933,-0.751550405261657,-0.38112724010180754,0.410284830166764,1.2219637598078192,0.6904618077371967,0.025128831748392925,-1.3649714606648393,-1.282282697166664,-1.2026966593999917
6176,-1.0293938734071988,0.8817216424333439,-0.9065714146983955,0.410284830166764,-0.5231053253391809,-1.5472054402842532,0.03485098018381767,-1.2045079491197386,-1.1334372241252668,-1.2026966593999917
6177,-0.016750280843956692,-1.5681864291091574,-0.9065714146983955,0.8240677136308887,0.4541333623431382,1.1379952573414867,0.22382191999149975,0.11485870136220476,0.12737148869597392,0.17184007930855758
6178,0.257507358808588,-1.5681864291091574,-1.4320155892949833,0.8240677136308887,-0.5929080887450618,1.5855287069457766,0.2896987727779844,0.4357857244524066,0.45132928296254293,0.3702268251015436
6179,-1.0293938734071988,-1.5681864291091574,-1.4320155892949833,0.410284830166764,0.7333444159666572,-0.2046050914713833,0.036126016044201244,-1.2490811467711553,-1.1947265365540773,-1.146014732030567
6180,0.4262812909024616,0.8817216424333439,0.14431693449478036,-0.8310638202256104,0.035316781907857205,-0.2046050914713833,0.22297189608457738,0.5605906778763746,0.6264416041877154,0.5969545345792426
6181,-1.0293938734071988,0.06508561858584352,0.14431693449478036,0.410284830166764,0.6635416525607812,0.6904618077371967,0.042607448334484405,-1.240166507240872,-1.256015848982888,-1.1743556957152792
6182,-0.9872003903837303,0.06508561858584352,1.1952052836879563,0.410284830166764,-0.31369703512154284,1.5855287069457766,0.03681666046857568,-1.124276193347188,-1.142192840186526,-1.146014732030567
6183,-0.6285557846842488,0.8817216424333439,0.14431693449478036,-0.8310638202256104,0.1749223087196192,-1.0996719906799632,0.0693300749083568,-0.5448246238787668,-0.564322180143457,-0.5366840128092512
6184,-0.9661036488719961,0.8817216424333439,-1.4320155892949833,0.410284830166764,-1.360738486209743,-0.6521385410756733,0.043351219253041494,-1.0529590771049209,-1.045881063512681,-1.1601852138729227
6185,-1.0926840979424013,0.8817216424333439,0.14431693449478036,0.8240677136308887,0.1749223087196192,-0.2046050914713833,0.031769643521224036,-1.3738861001951226,-1.3173051614116977,-1.316060514138841
6186,1.5444085910243748,0.06508561858584352,1.1952052836879563,0.410284830166764,0.035316781907857205,0.6904618077371967,0.6695000796897412,1.4074814332532968,1.5020032103135774,1.4471834451206125
6187,-0.9872003903837303,0.8817216424333439,-0.38112724010180754,1.2378505970950135,-0.24389427171566183,-1.9947388898885432,0.036497901503479785,-1.0975322747563376,-1.0371254474514224,-1.0751623228187863
6188,-0.8184264582898567,0.8817216424333439,0.14431693449478036,0.8240677136308887,0.1051195453137382,-1.0996719906799632,0.057164107740530205,-0.8300930888478358,-0.8532575101649915,-0.8200936496563749
6189,-0.12223398840262782,-1.5681864291091574,0.14431693449478036,-1.2448467036897353,0.6635416525607812,0.2429283581329067,0.14423843170589173,-0.018860891592046524,0.03981532808338804,0.08681718825442046
6190,-1.155974322477604,0.8817216424333439,-0.38112724010180754,0.410284830166764,-0.5231053253391809,-1.0996719906799632,0.019497423365032143,-1.463032495497957,-1.4223725541468013,-1.471935814404759
6191,-1.0293938734071988,-1.5681864291091574,-0.38112724010180754,1.2378505970950135,1.0823582329960573,-0.6521385410756733,0.04818573022366254,-1.2579957863014386,-1.256015848982888,-1.146014732030567
6192,0.48957151543766425,0.8817216424333439,1.1952052836879563,-1.2448467036897353,0.4541333623431382,-0.2046050914713833,0.24857886628061415,0.6586517127094915,0.6877309166165253,0.7244888711604479
6193,-1.1770710639893383,-1.5681864291091574,1.7206494582845442,1.6516334805591384,0.7333444159666572,-0.2046050914713833,0.017850502045370024,-1.596752088452208,-1.5537067950656809,-1.5002767780894712
6194,-0.5019753356138434,0.8817216424333439,-0.9065714146983955,0.8240677136308887,-0.03448598149801883,-0.6521385410756733,0.10763427721404664,-0.35761719374281553,-0.38045424285702606,-0.36663823070097756
6195,-0.8395231998015908,0.06508561858584352,1.1952052836879563,0.8240677136308887,-1.0117246691803428,0.6904618077371967,0.05976730595548,-0.8300930888478358,-0.8532575101649915,-0.9334575043952245
6196,-0.9239101658485277,-1.5681864291091574,-0.38112724010180754,-0.4172809367614856,0.38433059893725724,-0.6521385410756733,0.04595441746799129,-1.0529590771049209,-1.0108585992676464,-0.9759689499222927
6197,1.059183536254488,-0.751550405261657,-0.38112724010180754,-0.8310638202256104,1.3615692866195812,-0.2046050914713833,0.3209902778515646,1.0776397706328118,0.9941774787605774,1.2204557356429149
6198,2.662535891146288,0.06508561858584352,-0.38112724010180754,-0.8310638202256104,-1.221132959397981,1.1379952573414867,0.8552303033522818,0.4981882011643906,0.45132928296254293,2.01400271881486
6199,-1.0293938734071988,0.8817216424333439,-1.4320155892949833,1.6516334805591384,-0.10428874490389983,-0.6521385410756733,0.057057854752164905,-1.1955933095894553,-1.212237768676595,-1.2026966593999917
6200,-0.1855242129378305,-1.5681864291091574,-0.38112724010180754,-1.2448467036897353,-1.1513301959920998,2.4805956061543566,0.11995962386442119,-0.009946252061763314,-0.03898521646793941,-0.1540810030656344
6201,-0.20662095444956474,0.06508561858584352,1.1952052836879563,-0.0034980532973608127,0.38433059893725724,-0.6521385410756733,0.06407055198427455,-0.06343408924346336,-0.10903014495800843,-0.040717148326785545
6202,0.21531387578511957,0.8817216424333439,-0.38112724010180754,0.410284830166764,0.1051195453137382,0.2429283581329067,0.23391595388620304,0.4179564453918402,0.44257366690128447,0.44107923431332485
6203,0.7638291550902088,0.06508561858584352,-0.38112724010180754,0.410284830166764,0.38433059893725724,-0.6521385410756733,0.3294905169207884,0.9260908986179933,0.8278207735966633,0.9228756169534352
6204,-0.7129427507311856,-1.5681864291091574,1.1952052836879563,1.2378505970950135,-0.03448598149801883,1.1379952573414867,0.07506773628008288,-0.7052881354238678,-0.6606339568173013,-0.678388831232813
6205,0.21531387578511957,-1.5681864291091574,-0.38112724010180754,0.8240677136308887,-0.8721191423685809,2.4805956061543566,0.22318440206130796,0.3555539686798561,0.3725287384112155,0.25686297036269473
6206,0.8693128626488799,0.8817216424333439,0.14431693449478036,0.8240677136308887,-1.430541249615619,-0.2046050914713833,0.4959358231950274,1.0776397706328118,1.0379555590668703,0.8520232077416533
6207,-0.8184264582898567,0.8817216424333439,-0.9065714146983955,-0.8310638202256104,0.5937388891549003,-1.0996719906799632,0.03628539552674919,-0.8657516469689694,-0.818235045919957,-0.777582204129306
6208,-0.08004050537915937,0.06508561858584352,-1.4320155892949833,-1.2448467036897353,-0.9419219057744619,0.2429283581329067,0.14816979227540775,0.1683465385439048,0.17990518506352607,0.058476224569708087
6209,0.9326030871840826,0.06508561858584352,-1.4320155892949833,-0.8310638202256104,-0.4533025619332999,0.6904618077371967,0.33878765340275196,1.1222129682842286,1.0116887108830943,0.9937280261652158
6210,-0.5652655601490462,0.8817216424333439,0.6697611090913683,-1.2448467036897353,-0.17409150830978082,-1.5472054402842532,0.055145300961589545,-0.4556782285759332,-0.4154767071020606,-0.451661121755114
6211,0.8693128626488799,0.06508561858584352,0.14431693449478036,0.410284830166764,-0.10428874490389983,0.2429283581329067,0.46007543962173936,1.0241519334511109,0.9241325502705084,0.951216580638147
6212,0.4473780324141958,-1.5681864291091574,0.14431693449478036,-0.8310638202256104,0.1051195453137382,-0.2046050914713833,0.2382191999149976,0.6140785150580746,0.5388854435751288,0.5827840527368867
6213,-0.8395231998015908,-1.5681864291091574,0.14431693449478036,1.2378505970950135,-1.988963356862662,0.6904618077371967,0.06566434680975403,-0.8211784493175527,-0.7832125816749225,-0.9901394317646491
6214,-0.20662095444956474,-1.5681864291091574,0.14431693449478036,0.410284830166764,1.2219637598078192,-0.6521385410756733,0.11953461191096,-0.08126336830403057,-0.24912000193814646,-0.026546666484429042
6215,2.8735033062636304,0.8817216424333439,1.7206494582845442,0.8240677136308887,-0.24389427171566183,-1.0996719906799632,0.9808213356000638,2.325689304872487,2.2199637273367836,2.212389464607846
6216,-0.1855242129378305,0.8817216424333439,-0.38112724010180754,-0.4172809367614856,-0.10428874490389983,-1.0996719906799632,0.17478616586091483,0.0167976665290871,0.03981532808338804,0.015964779042639207
6217,0.21531387578511957,0.8817216424333439,1.1952052836879563,-0.8310638202256104,-0.17409150830978082,-0.2046050914713833,0.19773681134781915,0.3020661314981561,0.39879558659499154,0.32771537957447533
6218,-0.6074590431725145,-1.5681864291091574,0.14431693449478036,0.410284830166764,1.2219637598078192,-0.6521385410756733,0.08362110184348935,-0.5715685424696173,-0.5993446443884916,-0.451661121755114
6219,-0.1644274714260963,-1.5681864291091574,-0.9065714146983955,-1.2448467036897353,-0.8721191423685809,-0.2046050914713833,0.16479838495457685,0.10594406183192076,0.13612710475723236,0.015964779042639207
6220,0.8693128626488799,0.8817216424333439,1.1952052836879563,1.2378505970950135,-0.5231053253391809,-0.2046050914713833,0.5469372576103703,1.0152372939208278,1.0467111751281288,0.951216580638147
6221,-0.08004050537915937,0.8817216424333439,-1.4320155892949833,0.410284830166764,-0.17409150830978082,-0.6521385410756733,0.17260797959942623,0.14160261995305437,0.16239395294100842,0.1293286337814887
6222,-1.050490614918933,0.8817216424333439,-1.4320155892949833,1.2378505970950135,-0.17409150830978082,0.2429283581329067,0.044520002125059764,-1.293654344422572,-1.2472602329216296,-1.2735490686117723
6223,-0.5019753356138434,0.8817216424333439,1.1952052836879563,-0.8310638202256104,0.1051195453137382,-1.5472054402842532,0.06231737767624714,-0.39327575186394914,-0.34543177861199154,-0.35246774885862103
6224,-0.9872003903837303,0.8817216424333439,1.1952052836879563,-0.8310638202256104,-0.24389427171566183,-1.5472054402842532,0.024597566806566433,-1.1510201119380377,-1.0984147598802323,-1.1318442501882104
6225,-0.9028134243367935,0.06508561858584352,-1.4320155892949833,0.8240677136308887,-0.9419219057744619,0.2429283581329067,0.046538808904000424,-0.99947123992322,-0.9408136707775774,-1.0468213591340738
6226,0.4473780324141958,-0.751550405261657,1.1952052836879563,0.8240677136308887,-2.128568883674419,2.033062156550067,0.3318812091590076,0.6764809917700587,0.7139977648003013,0.41273827062861246
6227,0.4262812909024616,-0.751550405261657,1.1952052836879563,0.410284830166764,1.1521609964019384,-0.2046050914713833,0.30292726982946394,0.4803589221038234,0.5038629793300943,0.6394659801063115
6228,0.9326030871840826,0.06508561858584352,1.1952052836879563,-1.2448467036897353,-0.8721191423685809,0.2429283581329067,0.348616054826542,1.2202740031173456,1.1517785678632324,0.8378527258992975
6229,0.5950552229963354,1.6983576662808442,1.1952052836879563,0.8240677136308887,2.0595969206783815,1.1379952573414867,0.3759230728364235,0.6319077941186418,0.5914191399426809,0.8803641714263664
6230,-0.4808785941021094,0.06508561858584352,1.1952052836879563,0.410284830166764,-1.430541249615619,0.6904618077371967,0.08542740264569941,-0.3219586356216819,-0.28414246618318095,-0.451661121755114
6231,-0.5652655601490462,0.8817216424333439,-0.9065714146983955,0.410284830166764,-0.38349979852741883,-0.2046050914713833,0.10391542262126122,-0.4200196704547996,-0.4680104034696119,-0.4800020854398264
6232,-1.050490614918933,0.06508561858584352,0.14431693449478036,-0.4172809367614856,-0.10428874490389983,0.2429283581329067,0.04494501407852096,-1.2758250653620058,-1.2209933847378536,-1.24520810492706
6233,-1.050490614918933,0.06508561858584352,-0.38112724010180754,0.410284830166764,-0.4533025619332999,1.5855287069457766,0.032300908463050525,-1.2579957863014386,-1.2647714650441464,-1.2877195504541288
6234,0.48957151543766425,0.8817216424333439,-0.38112724010180754,0.410284830166764,-0.38349979852741883,-0.6521385410756733,0.32529352388035915,0.685395631300342,0.6964865326777845,0.6252954982639549
6235,-1.1348775809658698,0.06508561858584352,-1.4320155892949833,0.410284830166764,0.24472507212550018,-0.6521385410756733,0.030813366625936353,-1.4273739373768235,-1.4223725541468013,-1.3869129233506219
6236,1.5022151080009063,0.06508561858584352,0.6697611090913683,-0.8310638202256104,0.5937388891549003,0.6904618077371967,0.3873983955798757,1.4074814332532968,1.353157737272181,1.4613539269629696
6237,0.7638291550902088,0.8817216424333439,0.6697611090913683,-1.2448467036897353,-0.03448598149801883,-0.6521385410756733,0.24799447484460502,0.91717625908771,0.845332005719181,0.8661936895840104
6238,0.5528617399728669,0.06508561858584352,-0.38112724010180754,0.410284830166764,0.5937388891549003,0.2429283581329067,0.3072305158582585,0.6764809917700587,0.7052421487390429,0.7670003166875169
6239,0.4262812909024616,1.6983576662808442,0.14431693449478036,0.410284830166764,2.1992024474901433,-2.4422723394928334,0.3299155288742496,0.4536150035129738,0.521374211452612,0.7670003166875169
6240,0.6583454475315381,0.8817216424333439,-0.9065714146983955,-0.8310638202256104,-0.10428874490389983,-1.0996719906799632,0.3000584391436009,0.8280298637848764,0.7752870772291119,0.7811707985298727
6241,-0.1855242129378305,0.06508561858584352,-0.38112724010180754,0.8240677136308887,0.4541333623431382,0.2429283581329067,0.13664134303777295,-0.0010316125314793153,-0.04774083252919862,0.03013526088499571
6242,2.5359554420758825,0.8817216424333439,0.14431693449478036,-0.8310638202256104,0.5937388891549003,-0.2046050914713833,0.9654146522870956,2.093908677085119,1.9923177097440596,2.1273665735537097
6243,0.21531387578511957,-1.5681864291091574,-0.38112724010180754,-0.8310638202256104,-0.17409150830978082,0.6904618077371967,0.17042979333793762,0.3733832477404233,0.40755120265625,0.3702268251015436
6244,-1.0293938734071988,0.8817216424333439,1.1952052836879563,0.410284830166764,-0.4533025619332999,-1.0996719906799632,0.03633852202093184,-1.1955933095894553,-1.1597040723090428,-1.2026966593999917
6245,-0.9450069073602619,0.8817216424333439,0.14431693449478036,0.410284830166764,-0.24389427171566183,-0.6521385410756733,0.04813260372947989,-1.0440444375746376,-1.0546366795739395,-1.0609918409764298
6246,0.46847477392593007,0.8817216424333439,0.14431693449478036,0.410284830166764,-0.5231053253391809,-0.6521385410756733,0.3396376773096743,0.7299688289517587,0.7752870772291119,0.681977425633379
6247,1.903053196723856,0.8817216424333439,-0.38112724010180754,0.410284830166764,0.7333444159666572,-1.0996719906799632,0.548956064389311,1.6749206191617994,1.5808037548649048,1.7305930819677364
6248,-1.050490614918933,0.8817216424333439,-1.4320155892949833,-1.2448467036897353,0.8031471793725382,-0.2046050914713833,0.035860383573287996,-1.2579957863014386,-1.282282697166664,-1.1885261775576352
6249,1.5022151080009063,0.06508561858584352,0.6697611090913683,0.410284830166764,-0.5929080887450618,1.1379952573414867,0.5031610264038676,1.5412010262075482,1.3969358175784738,1.362160554066476
6250,1.67098904009478,0.06508561858584352,-0.38112724010180754,-1.2448467036897353,-0.8023163789626999,1.1379952573414867,0.5600595016734846,1.6570913401012322,1.5720481388036465,1.4755244088053256
6251,-0.7762329752663882,0.06508561858584352,-0.9065714146983955,0.410284830166764,-1.221132959397981,0.6904618077371967,0.06555809382138873,-0.7142027749541517,-0.7219232692461119,-0.8342641314987308
6252,-0.7973297167781225,0.06508561858584352,-0.9065714146983955,-0.8310638202256104,-1.1513301959920998,0.2429283581329067,0.0477075917760187,-0.7587759726055686,-0.791968197736181,-0.8767755770257997
6253,-1.0293938734071988,0.06508561858584352,-0.38112724010180754,0.8240677136308887,-1.2909357228038618,0.6904618077371967,0.03708229293948892,-1.1866786700591714,-1.185970920492819,-1.2877195504541288
6254,2.5359554420758825,0.06508561858584352,1.7206494582845442,0.410284830166764,-0.17409150830978082,0.6904618077371967,0.7199702491632577,2.0760793980245524,2.0798738703566455,2.028173200657216
6255,-0.5863623016607803,0.8817216424333439,1.1952052836879563,0.410284830166764,-0.6627108521509428,-0.2046050914713833,0.08473675822132498,-0.48242214716678283,-0.4592547874083535,-0.5366840128092512
6256,-0.08004050537915937,0.8817216424333439,1.1952052836879563,0.410284830166764,-0.31369703512154284,-0.6521385410756733,0.1477979068161292,0.15051725948333838,0.17990518506352607,0.1293286337814887
6257,1.5233118495126405,1.6983576662808442,-0.38112724010180754,-0.0034980532973608127,2.1992024474901433,0.2429283581329067,0.1861552356160017,1.2915911193596128,1.2218234963533012,1.5747177817018192
6258,0.21531387578511957,-1.5681864291091574,1.1952052836879563,0.8240677136308887,-0.03448598149801883,1.1379952573414867,0.25883227965786537,0.3377246896192897,0.40755120265625,0.3702268251015436
6259,1.481118366489172,0.06508561858584352,1.1952052836879563,0.410284830166764,0.5239361257490193,0.6904618077371967,0.6538808904000425,1.4163960727835807,1.353157737272181,1.4471834451206125
6260,-0.1855242129378305,-0.751550405261657,0.6697611090913683,1.2378505970950135,1.4313720500254572,-0.6521385410756733,0.13664134303777295,-0.02777553112232973,-0.07400768071297392,0.11515815193913284
6261,-1.050490614918933,0.8817216424333439,-0.9065714146983955,0.410284830166764,0.3145278355313812,-1.0996719906799632,0.03771981086968071,-1.2847397048922888,-1.2297490007991119,-1.2168671412423475
6262,0.6161519645080696,0.8817216424333439,0.14431693449478036,-1.2448467036897353,0.5239361257490193,-0.2046050914713833,0.2936301333475004,0.7656273870728924,0.7052421487390429,0.7953412803722286
6263,1.5655053325361088,0.8817216424333439,-0.9065714146983955,-0.8310638202256104,-0.10428874490389983,-0.2046050914713833,0.570578547521649,1.4877131890258481,1.493247594252319,1.4613539269629696
6264,-0.12223398840262782,0.8817216424333439,-1.4320155892949833,-1.2448467036897353,-0.03448598149801883,-0.6521385410756733,0.14763852733358127,0.09702942230163755,0.0573265602059049,0.07264670641206396
6265,-1.050490614918933,0.8817216424333439,-1.4320155892949833,0.8240677136308887,0.5239361257490193,-1.5472054402842532,0.03734792541040217,-1.3025689839528563,-1.2385046168603704,-1.2026966593999917
6266,1.5022151080009063,0.8817216424333439,0.14431693449478036,0.410284830166764,0.3145278355313812,-1.9947388898885432,0.7249641396164267,1.4074814332532968,1.4144470497009907,1.4471834451206125
6267,0.32079758334379044,0.06508561858584352,-0.9065714146983955,-0.8310638202256104,-1.1513301959920998,1.5855287069457766,0.2306221112468788,0.5695053174066579,0.5388854435751288,0.398567788786256
6268,0.6161519645080696,0.06508561858584352,-0.9065714146983955,-0.8310638202256104,0.7333444159666572,-0.6521385410756733,0.24108803060086065,0.6764809917700587,0.6264416041877154,0.7386593530028038
6269,0.4473780324141958,-1.5681864291091574,-0.38112724010180754,-0.8310638202256104,1.1521609964019384,-0.2046050914713833,0.1908303671040748,0.5873345964672243,0.5126185953913535,0.6961479074757362
6270,1.5233118495126405,0.06508561858584352,0.6697611090913683,-1.2448467036897353,-2.058766120268543,1.5855287069457766,0.35270679487860596,1.5768595843286817,1.510758826374836,1.2204557356429149
6271,-0.9239101658485277,0.8817216424333439,0.14431693449478036,0.410284830166764,0.1749223087196192,-1.0996719906799632,0.03856983477660309,-1.0529590771049209,-1.0108585992676464,-1.004309913607005
6272,0.23641061729685378,0.06508561858584352,0.14431693449478036,-1.2448467036897353,0.6635416525607812,0.6904618077371967,0.19359294480157255,0.4447003639826906,0.39003997053373235,0.4977611616827496
6273,-0.20662095444956474,0.06508561858584352,-1.4320155892949833,0.410284830166764,-0.6627108521509428,0.2429283581329067,0.14328215481060405,0.007883026998803893,-0.03022960040668098,-0.0832285938538538
6274,0.7427324135784745,0.8817216424333439,1.1952052836879563,-0.8310638202256104,0.7333444159666572,-0.2046050914713833,0.19194602348191042,0.86368842190601,0.8015539254128881,0.9228756169534352
6275,0.8482161211371456,0.8817216424333439,-1.4320155892949833,-0.8310638202256104,0.1749223087196192,-0.2046050914713833,0.3728417361738299,0.9528348172088437,0.9503993984542844,0.9653870624805029
6276,-1.050490614918933,0.8817216424333439,-0.9065714146983955,-1.2448467036897353,-0.24389427171566183,-0.6521385410756733,0.029325824788822185,-1.2579957863014386,-1.212237768676595,-1.24520810492706
6277,-0.1644274714260963,0.8817216424333439,1.1952052836879563,0.410284830166764,0.1749223087196192,-0.6521385410756733,0.1266004356372523,0.0167976665290871,0.04857094414464647,0.058476224569708087
6278,-1.1981678055010725,-1.5681864291091574,0.14431693449478036,0.410284830166764,-0.5231053253391809,0.6904618077371967,0.021356850661424853,-1.5878374489219242,-1.5274399468819049,-1.5852996691436083
6279,1.481118366489172,-1.5681864291091574,-1.4320155892949833,-0.8310638202256104,1.0823582329960573,-0.2046050914713833,0.4105615470435106,1.3807375146624472,1.309379656965888,1.4896948906476815
6280,-0.5019753356138434,0.8817216424333439,1.1952052836879563,0.410284830166764,0.3145278355313812,-0.2046050914713833,0.08420549327949849,-0.39327575186394914,-0.424232323163319,-0.36663823070097756
6281,1.5655053325361088,-1.5681864291091574,-0.38112724010180754,-0.8310638202256104,0.38433059893725724,-0.6521385410756733,0.4410030282101684,1.425310712313864,1.440713897884767,1.4755244088053256
6282,1.5022151080009063,0.06508561858584352,-0.9065714146983955,-1.2448467036897353,-0.10428874490389983,-0.2046050914713833,0.6767252828985815,1.4966278285561312,1.3881802015172156,1.4188424814359009
6283,-1.0082971318954645,-0.751550405261657,0.14431693449478036,-0.8310638202256104,1.4313720500254572,-1.0996719906799632,0.022366254050895183,-1.240166507240872,-1.212237768676595,-1.0893328046611421
6284,0.4262812909024616,0.8817216424333439,1.1952052836879563,1.6516334805591384,-0.6627108521509428,-0.2046050914713833,0.41141157095043296,0.6408224336489251,0.6439528363102324,0.5544430890521743
6285,0.5950552229963354,0.8817216424333439,-0.38112724010180754,-0.8310638202256104,-0.38349979852741883,-0.025591711629667946,0.24246931944960953,0.7477981080123259,0.7840426932903704,0.7103183893180921
6286,-1.0293938734071988,0.06508561858584352,-0.38112724010180754,0.8240677136308887,-1.2909357228038618,1.1379952573414867,0.03708229293948892,-1.1421054724077544,-1.1684596883703013,-1.2593785867694165
6287,-0.5230720771255777,0.06508561858584352,0.14431693449478036,0.410284830166764,0.6635416525607812,0.2429283581329067,0.12622855017797374,-0.40219039139423235,-0.424232323163319,-0.33829726701626517
6288,-0.4808785941021094,0.8817216424333439,-0.38112724010180754,-1.2448467036897353,-1.7097523032391428,1.1379952573414867,0.06863943048398236,-0.2595561589096979,-0.2228531537543704,-0.4233201580704017
6289,0.004346460667777534,0.8817216424333439,-0.9065714146983955,-0.8310638202256104,-0.17409150830978082,0.2429283581329067,0.1685703660415449,0.21291973619532162,0.23243888143107744,0.20018104299326997
6290,0.8693128626488799,0.06508561858584352,-0.38112724010180754,0.410284830166764,-0.8721191423685809,1.1379952573414867,0.3571162938957658,1.086554410163095,1.0204443269443535,0.9228756169534352
6291,-0.5230720771255777,0.8817216424333439,-1.4320155892949833,-1.2448467036897353,-0.03448598149801883,-0.2046050914713833,0.08861499229665834,-0.4111050309245164,-0.44174355528583586,-0.4233201580704017
6292,0.4262812909024616,1.6983576662808442,-0.38112724010180754,-0.8310638202256104,5.41012956416062,-1.0996719906799632,0.15273867077511555,0.3912125268009897,0.3199950420436633,1.0220689898499276
6293,-0.14333072991436205,-1.5681864291091574,-1.4320155892949833,-1.2448467036897353,-2.1983716470803,-0.2046050914713833,0.12968177229984593,0.1594318990136216,0.23243888143107744,-0.0690581120114973
6294,0.9747965702075511,0.8817216424333439,1.1952052836879563,0.410284830166764,-0.6627108521509428,-1.0996719906799632,0.4993359188227169,1.1489568868750781,1.1430229518019739,1.0504099535346405
6295,0.7638291550902088,0.8817216424333439,-1.4320155892949833,-0.8310638202256104,0.6635416525607812,-0.6521385410756733,0.2705732348722308,0.8904323404968605,0.8365763896579225,0.951216580638147
6296,0.5950552229963354,0.06508561858584352,-0.38112724010180754,0.8240677136308887,0.5239361257490193,1.1379952573414867,0.27152951176751844,0.7299688289517587,0.6789753005552669,0.7670003166875169
6297,0.4473780324141958,-1.5681864291091574,-1.4320155892949833,-1.2448467036897353,-0.17409150830978082,1.1379952573414867,0.28539552674918983,0.5873345964672243,0.6001747560039394,0.5686135708945302
6298,0.46847477392593007,1.6983576662808442,0.14431693449478036,-0.8310638202256104,3.3858494253900955,0.2429283581329067,0.1930085533655634,0.4268710849221234,0.3550175062886978,0.8095117622145858
6299,-0.12223398840262782,0.06508561858584352,-0.38112724010180754,0.410284830166764,-1.2909357228038618,-0.2046050914713833,0.1320193380438825,0.1594318990136216,0.11861587263471549,-0.012376184642073167
6300,-1.0082971318954645,0.8817216424333439,-1.4320155892949833,0.410284830166764,0.1051195453137382,-0.6521385410756733,0.047813844764384,-1.1866786700591714,-1.212237768676595,-1.1743556957152792
6301,0.4473780324141958,-0.751550405261657,-1.4320155892949833,-1.2448467036897353,1.2219637598078192,0.2429283581329067,0.24151304255432185,0.4892735616341074,0.5388854435751288,0.6678069437910232
6302,0.21531387578511957,-0.751550405261657,-0.38112724010180754,-1.2448467036897353,1.7105831036489814,1.1379952573414867,0.1579981936991978,0.2842368524375889,0.2499501135535943,0.4694201979980372
6303,1.5022151080009063,0.06508561858584352,-1.4320155892949833,-0.8310638202256104,-2.058766120268543,2.033062156550067,0.47171014184773946,1.5768595843286817,1.466980746068543,1.2062852538005577
6304,2.6836326326580218,0.06508561858584352,0.14431693449478036,-0.8310638202256104,-0.7325136155568189,0.6904618077371967,0.9887371832332784,2.2097989909788036,2.123651950662939,2.028173200657216
6305,1.1224737607896906,-1.5681864291091574,-0.38112724010180754,-0.8310638202256104,-0.6627108521509428,0.6904618077371967,0.3225309461828614,1.1935300845264958,1.2043122642307844,1.0929213990617082
6306,1.0802802777662222,0.06508561858584352,1.7206494582845442,-1.2448467036897353,-0.7325136155568189,0.2429283581329067,0.23774106146735377,1.2291886426476295,1.1605341839244907,1.0787509172193523
6307,-0.6074590431725145,0.8817216424333439,1.1952052836879563,-0.4172809367614856,-0.10428874490389983,-1.5472054402842532,0.11485948042288689,-0.5002514262273501,-0.4767660195308704,-0.4941725672821829
6308,-1.0293938734071988,-1.5681864291091574,0.14431693449478036,1.2378505970950135,-1.639949539833262,-0.2046050914713833,0.04138553896828348,-1.1955933095894553,-1.142192840186526,-1.3018900322964846
6309,0.21531387578511957,0.06508561858584352,1.7206494582845442,0.410284830166764,-1.360738486209743,2.033062156550067,0.15210115284492376,0.4536150035129738,0.4163068187175084,0.25686297036269473
6310,-0.1855242129378305,-1.5681864291091574,-0.9065714146983955,0.410284830166764,0.8729499427784192,0.2429283581329067,0.16447962598948096,-0.07234872877374655,-0.04774083252919862,0.044305742727351584
6311,0.5106682569493985,-1.5681864291091574,0.14431693449478036,-1.2448467036897353,-1.1513301959920998,2.033062156550067,0.2810391542262126,0.7210541894214756,0.7577758451065942,0.5827840527368867
6312,0.9326030871840826,-0.751550405261657,-1.4320155892949833,-0.8310638202256104,-2.268174410486181,-0.2046050914713833,0.3086118047070074,1.1578715264053623,1.1955566481695252,0.8378527258992975
6313,0.27860410032032223,0.8817216424333439,-0.38112724010180754,-1.2448467036897353,0.4541333623431382,-1.0996719906799632,0.24624130053657758,0.4179564453918402,0.44257366690128447,0.4835906798403931
6314,-0.8184264582898567,-0.751550405261657,0.14431693449478036,-1.2448467036897353,0.9427527061843003,-0.6521385410756733,0.036391648515114484,-0.9281541236809527,-0.8795243583487669,-0.8059231678140184
6315,-0.7973297167781225,-1.5681864291091574,1.1952052836879563,-1.2448467036897353,-0.10428874490389983,1.5855287069457766,0.036497901503479785,-0.8390077283781191,-0.8007238137974394,-0.8200936496563749
6316,0.6794421890432724,-1.5681864291091574,0.6697611090913683,0.410284830166764,1.5011748134313383,-2.4422723394928334,0.2610635924135366,0.7567127475426092,0.8015539254128881,0.97955754432286
6317,-0.3964916280551725,-1.5681864291091574,1.1952052836879563,1.6516334805591384,0.4541333623431382,-1.0996719906799632,0.12766296552090528,-0.2595561589096979,-0.23160876981562958,-0.1965924485927033
6318,0.8271193796254115,-1.5681864291091574,0.14431693449478036,-0.8310638202256104,-2.058766120268543,1.1379952573414867,0.29867715029485203,1.0687251311025279,1.0904892554344225,0.7811707985298727
6319,0.21531387578511957,0.8817216424333439,1.1952052836879563,0.410284830166764,0.1749223087196192,-0.2046050914713833,0.23811294692663232,0.4357857244524066,0.39879558659499154,0.44107923431332485
6320,-0.9450069073602619,0.8817216424333439,0.6697611090913683,0.8240677136308887,-0.03448598149801883,-1.5472054402842532,0.030335228178292515,-1.061873716635204,-1.019614215328905,-1.0326508772917173
6321,0.9536998286958168,-1.5681864291091574,1.1952052836879563,0.8240677136308887,0.6635416525607812,-0.6521385410756733,0.45582532008712745,0.9617494567391269,1.0467111751281288,1.0929213990617082
6322,0.4473780324141958,-1.5681864291091574,-1.4320155892949833,1.2378505970950135,0.38433059893725724,-0.6521385410756733,0.5686659937310737,0.6051638755277915,0.6439528363102324,0.6678069437910232
6323,-1.0082971318954645,-1.5681864291091574,1.1952052836879563,1.2378505970950135,-0.8023163789626999,-0.2046050914713833,0.036391648515114484,-1.1331908328774714,-1.0984147598802323,-1.1743556957152792
6324,-0.6074590431725145,0.8817216424333439,-0.9065714146983955,1.6516334805591384,-0.03448598149801883,-0.6521385410756733,0.14567284704882325,-0.5091660657576332,-0.5205440998371641,-0.5083430491245388
6325,0.4473780324141958,0.8817216424333439,-0.38112724010180754,-1.2448467036897353,-0.24389427171566183,1.1379952573414867,0.24863199277479678,0.6675663522397756,0.6264416041877154,0.6111250164215991
6326,-1.1137808394541355,0.8817216424333439,0.14431693449478036,-0.4172809367614856,0.035316781907857205,-1.0996719906799632,0.04037613557881315,-1.4184592978465402,-1.3348163935342154,-1.3727424415082659
6327,-0.9661036488719961,0.8817216424333439,-0.9065714146983955,1.2378505970950135,-0.17409150830978082,-0.6521385410756733,0.06433618445518781,-1.0975322747563376,-1.1071703759414915,-1.1035032865034986
6328,0.23641061729685378,-1.5681864291091574,-0.9065714146983955,-1.2448467036897353,0.7333444159666572,0.6904618077371967,0.24204430749614833,0.3912125268009897,0.4163068187175084,0.4977611616827496
6329,0.4473780324141958,-1.5681864291091574,-1.4320155892949833,-1.2448467036897353,1.2917665232137003,-0.6521385410756733,0.325771662328003,0.5071028406946738,0.5563966756976465,0.6961479074757362
6330,0.5317649984611327,-1.5681864291091574,-0.38112724010180754,-1.2448467036897353,1.0125554695901813,0.6904618077371967,0.26945757849439517,0.5873345964672243,0.6351972202489738,0.7386593530028038
6331,-0.8184264582898567,0.06508561858584352,-0.9065714146983955,-1.2448467036897353,-0.8721191423685809,1.1379952573414867,0.04202305689847527,-0.8568370074386863,-0.8094794298586986,-0.9051165407105121
6332,0.4473780324141958,1.6983576662808442,-1.4320155892949833,-0.8310638202256104,-2.686990990921462,-0.2046050914713833,0.20804335121925305,0.6943102708306251,0.7139977648003013,0.3418858614168312
6333,-0.6074590431725145,0.8817216424333439,-1.4320155892949833,-1.2448467036897353,0.1749223087196192,-1.0996719906799632,0.07666153110556234,-0.5269953448182004,-0.5380553319596809,-0.5083430491245388
6334,-0.5441688186373119,0.8817216424333439,-0.38112724010180754,0.8240677136308887,0.035316781907857205,-0.6521385410756733,0.09079317855814695,-0.4645928681062164,-0.424232323163319,-0.43749063991275816
6335,-0.5863623016607803,0.8817216424333439,-1.4320155892949833,0.410284830166764,-0.4533025619332999,-0.2046050914713833,0.08973064867449397,-0.4913367866970668,-0.4680104034696119,-0.5225135309668953
6336,-1.050490614918933,0.8817216424333439,-0.9065714146983955,0.410284830166764,0.7333444159666572,-0.2046050914713833,0.04839823620039314,-1.2847397048922888,-1.299793929289181,-1.2168671412423475
6337,-0.9661036488719961,0.8817216424333439,1.1952052836879563,0.410284830166764,-0.6627108521509428,-0.6521385410756733,0.03272592041651171,-1.0707883561654872,-1.0371254474514224,-1.1035032865034986
6338,2.578148925099351,1.6983576662808442,0.6697611090913683,-0.8310638202256104,1.9199913938666193,1.1379952573414867,0.6689688147479148,1.9691037236611515,1.8259610045801464,2.1840485009231343
6339,-0.9872003903837303,-1.5681864291091574,1.7206494582845442,-0.4172809367614856,-0.5929080887450618,-1.5472054402842532,0.02810391542262126,-1.124276193347188,-1.0546366795739395,-1.1318442501882104
6340,0.4473780324141958,0.8817216424333439,1.1952052836879563,-1.2448467036897353,0.035316781907857205,-1.0996719906799632,0.27312330659299794,0.6497370731792083,0.6089303720651978,0.6252954982639549
6341,-0.7129427507311856,-1.5681864291091574,-0.9065714146983955,0.410284830166764,1.1521609964019384,0.6904618077371967,0.05472028900812835,-0.7587759726055686,-0.791968197736181,-0.6500478675481006
6342,-0.1011372468908936,0.06508561858584352,1.1952052836879563,-0.8310638202256104,0.6635416525607812,0.2429283581329067,0.12049088880624767,0.07920014324107114,0.022304095960870397,0.1293286337814887
6343,-0.8395231998015908,-1.5681864291091574,-0.9065714146983955,-0.8310638202256104,0.8729499427784192,0.6904618077371967,0.03304467938160761,-0.9727273213323704,-0.9145468225938014,-0.8484346133410873
6344,-0.6285557846842488,0.06508561858584352,-1.4320155892949833,-0.8310638202256104,-1.5701467764273809,0.6904618077371967,0.06130797428677682,-0.5091660657576332,-0.4767660195308704,-0.6500478675481006
6345,-0.5019753356138434,0.06508561858584352,0.14431693449478036,0.410284830166764,-1.5003440130215,0.2429283581329067,0.08787122137810126,-0.3487025542125323,-0.3279205464894739,-0.4941725672821829
6346,-0.6074590431725145,0.06508561858584352,0.14431693449478036,0.410284830166764,-0.24389427171566183,0.2429283581329067,0.08601179408170855,-0.5359099843484837,-0.564322180143457,-0.5650249764939635
6347,1.8397629721886535,-1.5681864291091574,0.6697611090913683,0.8240677136308887,-0.10428874490389983,0.7352151526976263,0.6304521064654943,1.6749206191617994,1.6683599154774906,1.6455701909135998
6348,-0.41758836956690676,0.8817216424333439,-1.4320155892949833,-1.2448467036897353,-0.24389427171566183,0.2429283581329067,0.0929182383254529,-0.2595561589096979,-0.23160876981562958,-0.2674448578044839
6349,-1.1137808394541355,0.06508561858584352,-1.4320155892949833,1.2378505970950135,-0.8023163789626999,0.2429283581329067,0.04244806885193646,-1.3649714606648393,-1.3610832417179914,-1.4152538870353342
6350,-0.9872003903837303,0.8817216424333439,1.1952052836879563,0.8240677136308887,0.4541333623431382,-0.6521385410756733,0.03538224512564416,-1.1599347514683216,-1.1246816080640083,-1.0893328046611421
6351,1.5444085910243748,-1.5681864291091574,1.1952052836879563,0.8240677136308887,0.1051195453137382,-0.2046050914713833,0.8616586091483823,1.478798549495564,1.3881802015172156,1.4330129632782567
6352,3.042277238357504,0.06508561858584352,-0.38112724010180754,-0.8310638202256104,0.035316781907857205,0.2429283581329067,0.5797694310152472,2.388091781584471,2.2812530397655943,2.3257533193466955
6353,0.9326030871840826,0.8817216424333439,1.1952052836879563,0.8240677136308887,-0.17409150830978082,-0.6521385410756733,0.46910694363278965,1.0598104915722446,1.0817336393731634,1.0362394716922834
6354,2.578148925099351,-1.5681864291091574,-0.38112724010180754,-1.2448467036897353,1.1521609964019384,1.1379952573414867,0.9388514051957711,1.986933002721718,2.018584557927835,2.1698780190807785
6355,-1.1981678055010725,-1.5681864291091574,-1.4320155892949833,1.6516334805591384,-0.38349979852741883,1.1379952573414867,0.026828879562237687,-1.6145813675127747,-1.5537067950656809,-1.5994701509859643
6356,-0.8184264582898567,-0.751550405261657,-0.38112724010180754,0.410284830166764,1.6407803402430954,-0.2046050914713833,0.03872921425915104,-0.9014102050901031,-0.9583249029000951,-0.7634117222869502
6357,-0.5019753356138434,0.8817216424333439,1.7206494582845442,0.410284830166764,0.1051195453137382,-0.2046050914713833,0.06800191255379058,-0.39327575186394914,-0.37169862679576765,-0.36663823070097756
6358,0.4473780324141958,0.06508561858584352,-1.4320155892949833,-1.2448467036897353,-2.477582700703819,0.6904618077371967,0.2850767677840939,0.7656273870728924,0.7052421487390429,0.398567788786256
6359,-0.14333072991436205,0.8817216424333439,-0.9065714146983955,1.6516334805591384,0.1749223087196192,-1.7262188201259687,0.24156616904850448,0.025712306059370308,0.0573265602059049,0.07264670641206396
6360,-0.1644274714260963,0.8817216424333439,0.14431693449478036,0.8240677136308887,-0.03448598149801883,-0.2046050914713833,0.14896668968814747,0.007883026998803893,0.031059712022128826,0.015964779042639207
6361,0.46847477392593007,0.8817216424333439,1.1952052836879563,1.2378505970950135,-0.17409150830978082,-0.2046050914713833,0.4418530521170908,0.6586517127094915,0.617685988126457,0.6111250164215991
6362,2.5570521835876163,-0.751550405261657,-1.4320155892949833,-0.8310638202256104,-1.221132959397981,2.928129055758647,0.8889656271582638,2.1741404328576692,2.062362638234129,1.9006388640760106
6363,0.10983016822644844,0.8817216424333439,-1.4320155892949833,-0.8310638202256104,-0.7325136155568189,-1.0996719906799632,0.18280826648249482,0.3644686082101393,0.39879558659499154,0.28520393404740707
6364,-1.0293938734071988,0.8817216424333439,-0.9065714146983955,0.410284830166764,0.24472507212550018,-1.0996719906799632,0.05004515752005525,-1.2312518677105888,-1.2385046168603704,-1.2026966593999917
6365,-0.20662095444956474,-1.5681864291091574,-1.4320155892949833,0.410284830166764,0.7333444159666572,1.1379952573414867,0.1463634914731977,-0.1258365659554474,-0.07400768071297392,-0.012376184642073167
6366,0.4262812909024616,-1.5681864291091574,-0.9065714146983955,-1.2448467036897353,1.0125554695901813,0.6904618077371967,0.28263294905169206,0.4981882011643906,0.5826635238814225,0.6678069437910232
6367,-0.6285557846842488,0.06508561858584352,-0.9065714146983955,0.410284830166764,0.7333444159666572,0.2429283581329067,0.09339637677309674,-0.6250563796513173,-0.6431227246947845,-0.5508544946516076
6368,-0.5652655601490462,-0.751550405261657,1.7206494582845442,0.410284830166764,1.4313720500254572,-0.2046050914713833,0.05434840354884981,-0.562653902939334,-0.5380553319596809,-0.3949791943856899
6369,-0.5652655601490462,0.8817216424333439,-1.4320155892949833,0.8240677136308887,-0.5929080887450618,-0.2046050914713833,0.09706210487169951,-0.4289343099850828,-0.4767660195308704,-0.5083430491245388
6370,0.6161519645080696,0.06508561858584352,-0.38112724010180754,-0.8310638202256104,0.5239361257490193,0.2429283581329067,0.2464538065133082,0.7834566661334595,0.7139977648003013,0.8095117622145858
6371,-0.9872003903837303,-1.5681864291091574,-0.9065714146983955,1.6516334805591384,-0.6627108521509428,0.2429283581329067,0.055782818891781334,-1.124276193347188,-1.0984147598802323,-1.1601852138729227
6372,-0.20662095444956474,-0.751550405261657,0.6697611090913683,0.8240677136308887,1.7803858670548574,0.2429283581329067,0.12065026828879562,-0.1525804845462978,-0.10903014495800843,0.07264670641206396
6373,1.0380867947427537,0.8817216424333439,0.14431693449478036,-0.8310638202256104,0.1051195453137382,-1.0996719906799632,0.378579397545556,1.086554410163095,1.1167561036181979,1.1070918809040653
6374,-0.6285557846842488,0.06508561858584352,-1.4320155892949833,0.410284830166764,-0.8023163789626999,0.6904618077371967,0.08787122137810126,-0.5002514262273501,-0.5905890283272331,-0.6217069038633883
6375,1.1224737607896906,-0.751550405261657,-0.9065714146983955,0.410284830166764,1.2917665232137003,0.2429283581329067,0.5856133453753387,1.1489568868750781,1.029199943005612,1.2629671811699825
6376,0.9326030871840826,-1.5681864291091574,1.1952052836879563,0.410284830166764,-1.8493578300509,0.6904618077371967,0.42841204908888064,1.1489568868750781,1.1780454160470084,0.8945346532687222
6377,0.21531387578511957,-1.5681864291091574,0.14431693449478036,-0.8310638202256104,-0.10428874490389983,0.2429283581329067,0.18695213302874145,0.3733832477404233,0.43381805084002606,0.38439730694390006
6378,-0.37539488654343833,-1.5681864291091574,-0.9065714146983955,0.410284830166764,-1.779555066645019,0.7352151526976263,0.12277532805610158,-0.161495124076581,-0.11778576101926763,-0.33829726701626517
6379,-0.755136233754654,-1.5681864291091574,0.14431693449478036,-1.2448467036897353,0.7333444159666572,0.6904618077371967,0.04404186367741593,-0.7587759726055686,-0.7219232692461119,-0.6642183493904572
6380,1.0802802777662222,0.8817216424333439,0.6697611090913683,0.8240677136308887,0.3145278355313812,-0.2046050914713833,0.41178345640971153,1.1311276078145118,1.1342673357407154,1.16377380827349
6381,-0.8184264582898567,0.8817216424333439,0.6697611090913683,0.410284830166764,0.1749223087196192,-0.2046050914713833,0.039419858683525474,-0.8835809260295359,-0.8445018941037331,-0.8342641314987308
6382,-0.9872003903837303,0.8817216424333439,-0.9065714146983955,-1.2448467036897353,0.3145278355313812,-1.5472054402842532,0.03054773415502311,-1.1421054724077544,-1.11592599200275,-1.0893328046611421
6383,0.5950552229963354,0.06508561858584352,-1.4320155892949833,-0.8310638202256104,-1.081527432586219,0.2429283581329067,0.251925835414121,0.8458591428454428,0.7665314611678535,0.6536364619486673
6384,0.6583454475315381,0.8817216424333439,-0.38112724010180754,-0.8310638202256104,0.6635416525607812,-0.2046050914713833,0.2432130903681666,0.7656273870728924,0.8103095414741465,0.8520232077416533
6385,-0.05894376386742515,-0.751550405261657,-0.38112724010180754,-0.8310638202256104,-2.1983716470803,2.928129055758647,0.12017212984115178,0.24857829431645526,0.17114956900226685,-0.054887630169141416
6386,-0.8184264582898567,0.06508561858584352,0.14431693449478036,1.6516334805591384,-1.1513301959920998,0.2429283581329067,0.05923604101365351,-0.8390077283781191,-0.791968197736181,-0.9192870225528679
6387,-1.050490614918933,-1.5681864291091574,0.6697611090913683,-1.2448467036897353,0.1051195453137382,1.5855287069457766,0.02093183870796366,-1.3025689839528563,-1.2647714650441464,-1.2593785867694165
6388,-0.9872003903837303,0.8817216424333439,-1.4320155892949833,0.410284830166764,-0.17409150830978082,-1.0996719906799632,0.03920735270679488,-1.124276193347188,-1.0809035277577155,-1.1035032865034986
6389,-0.6285557846842488,0.8817216424333439,1.1952052836879563,1.6516334805591384,-0.5231053253391809,-0.6521385410756733,0.09451203315093237,-0.5359099843484837,-0.5205440998371641,-0.57919545833632
6390,-1.0293938734071988,0.8817216424333439,-0.9065714146983955,0.8240677136308887,0.1749223087196192,-1.5472054402842532,0.03628539552674919,-1.2312518677105888,-1.2034821526153359,-1.1885261775576352
6391,0.6161519645080696,0.8817216424333439,1.1952052836879563,0.8240677136308887,-1.0117246691803428,-0.2046050914713833,0.441215534186899,0.8458591428454428,0.871598853902957,0.7103183893180921
6392,2.599245666611085,-1.5681864291091574,-1.4320155892949833,-0.8310638202256104,0.9427527061843003,-0.6521385410756733,0.7780906337990756,2.031506200373135,1.9748064776215428,2.1415370553960655
6393,-0.9872003903837303,0.8817216424333439,0.6697611090913683,-0.4172809367614856,0.3145278355313812,-0.6521385410756733,0.036869786962758326,-1.1688493909986049,-1.1246816080640083,-1.1035032865034986
6394,-0.5652655601490462,0.8817216424333439,1.1952052836879563,-0.4172809367614856,0.1051195453137382,-0.6521385410756733,0.11937523242841205,-0.4913367866970668,-0.45049917134709505,-0.46583160359747056
6395,0.4262812909024616,0.06508561858584352,-0.38112724010180754,-1.2448467036897353,0.3145278355313812,1.1379952573414867,0.23742230250225788,0.6408224336489251,0.5301298275138704,0.6252954982639549
6396,0.7216356720667403,0.06508561858584352,0.14431693449478036,0.410284830166764,0.1749223087196192,0.6904618077371967,0.38649524517877065,0.8726030614362933,0.7927983093516288,0.8520232077416533
6397,-1.0293938734071988,-1.5681864291091574,-0.38112724010180754,-1.2448467036897353,0.4541333623431382,-0.2046050914713833,0.023110024969452265,-1.2669104258317225,-1.212237768676595,-1.1885261775576352
6398,0.9536998286958168,0.06508561858584352,-0.38112724010180754,-0.8310638202256104,0.3145278355313812,1.1379952573414867,0.3309780587579026,0.9795787357996941,0.9328881663317669,0.9937280261652158
6399,0.9536998286958168,-1.5681864291091574,1.1952052836879563,-0.8310638202256104,-0.24389427171566183,0.6904618077371967,0.33995643627477024,1.1043836892236614,1.0467111751281288,1.0362394716922834
6400,-0.1011372468908936,-1.5681864291091574,-0.38112724010180754,-0.8310638202256104,-0.9419219057744619,1.1379952573414867,0.11188439674865856,0.14160261995305437,0.17114956900226685,0.044305742727351584
6401,0.6161519645080696,0.8817216424333439,-1.4320155892949833,1.6516334805591384,-0.10428874490389983,-0.6521385410756733,0.5479466609998406,0.7745420266031756,0.7927983093516288,0.7670003166875169
6402,0.9326030871840826,-1.5681864291091574,0.6697611090913683,-0.8310638202256104,-0.10428874490389983,0.6904618077371967,0.29203633852202093,1.0152372939208278,1.0204443269443535,0.9937280261652158
6403,-0.5441688186373119,0.8817216424333439,1.1952052836879563,0.410284830166764,-0.9419219057744619,-0.2046050914713833,0.08696807097699623,-0.35761719374281553,-0.4154767071020606,-0.4800020854398264
6404,-1.0293938734071988,0.8817216424333439,1.1952052836879563,1.2378505970950135,0.1051195453137382,-1.5472054402842532,0.04191680391010997,-1.2045079491197386,-1.1597040723090428,-1.1601852138729227
6405,2.578148925099351,0.06508561858584352,0.6697611090913683,-1.2448467036897353,0.24472507212550018,0.2429283581329067,0.590713488816873,2.111737956145685,2.018584557927835,2.0848551280266405
6406,-1.1981678055010725,-1.5681864291091574,-1.4320155892949833,1.6516334805591384,0.1051195453137382,-0.2046050914713833,0.026828879562237687,-1.623496007043058,-1.5712180271881981,-1.5711291873012518
6407,-0.8606199413133251,0.8817216424333439,-0.9065714146983955,0.8240677136308887,0.1051195453137382,-0.2046050914713833,0.062157998193699195,-0.9103248446203863,-0.9145468225938014,-0.8909460588681556
6408,0.8693128626488799,0.8817216424333439,-1.4320155892949833,1.6516334805591384,-0.03448598149801883,-0.2046050914713833,0.7257610370291665,0.9528348172088437,1.0029330948218358,0.9653870624805029
6409,0.046539943691245755,0.8817216424333439,0.6697611090913683,0.8240677136308887,-0.10428874490389983,-0.6521385410756733,0.16315146363491473,0.2842368524375889,0.24119449749233587,0.25686297036269473
6410,-1.0082971318954645,0.06508561858584352,0.6697611090913683,-0.8310638202256104,-1.221132959397981,0.2429283581329067,0.02815704191680391,-1.115361553816904,-1.1246816080640083,-1.2168671412423475
6411,1.5022151080009063,-1.5681864291091574,1.1952052836879563,-0.8310638202256104,0.9427527061843003,0.2429283581329067,0.3800669393826701,1.3361643170110304,1.2743571927208535,1.4330129632782567
6412,-1.155974322477604,-1.5681864291091574,-1.4320155892949833,1.2378505970950135,0.8031471793725382,0.6904618077371967,0.03060086064920576,-1.5521788908007907,-1.5011730986981295,-1.4435948507200465
6413,1.481118366489172,0.06508561858584352,1.1952052836879563,0.8240677136308887,0.6635416525607812,0.2429283581329067,0.7562025181958243,1.3985667937230135,1.3268908890884048,1.4471834451206125
6414,1.059183536254488,0.8817216424333439,1.1952052836879563,1.6516334805591384,0.1749223087196192,-0.2046050914713833,0.5936885724911013,1.1578715264053623,1.0729780233119048,1.1354328445887771
6415,2.578148925099351,-0.751550405261657,0.6697611090913683,0.8240677136308887,2.618019027925419,-0.2046050914713833,0.8375391807894597,1.9156158864794508,1.9485396294377668,2.3399238011890526
6416,-0.9450069073602619,0.8817216424333439,-0.9065714146983955,1.6516334805591384,-0.6627108521509428,-0.6521385410756733,0.06173298624023801,-1.0262151585140704,-0.9933473671451296,-1.0609918409764298
6417,-1.0293938734071988,0.8817216424333439,1.1952052836879563,-0.4172809367614856,0.1051195453137382,-0.6521385410756733,0.04908888062476757,-1.2223372281803049,-1.1772153044315605,-1.1743556957152792
6418,0.8693128626488799,0.8817216424333439,-0.38112724010180754,-0.8310638202256104,0.24472507212550018,0.2429283581329067,0.33719385857727247,0.9350055381482772,0.9679106305768014,0.97955754432286
6419,-0.20662095444956474,0.8817216424333439,0.14431693449478036,-1.2448467036897353,0.38433059893725724,-0.6521385410756733,0.12654730914306964,-0.07234872877374655,-0.04774083252919862,-0.012376184642073167
6420,-0.649652526195983,-1.5681864291091574,-1.4320155892949833,-1.2448467036897353,1.2917665232137003,0.19817501317247704,0.07437709185570844,-0.6874588563633014,-0.6518783407560429,-0.5366840128092512
6421,-1.0293938734071988,0.8817216424333439,-0.9065714146983955,-0.4172809367614856,-0.8721191423685809,-0.2046050914713833,0.10184348934813792,-1.1955933095894553,-1.1597040723090428,-1.24520810492706
6422,2.7258261156814902,0.8817216424333439,0.6697611090913683,-0.8310638202256104,-0.38349979852741883,-0.2046050914713833,0.740211443446847,2.2632868281605028,2.1499187988467146,2.1273665735537097
6423,0.21531387578511957,-1.5681864291091574,0.6697611090913683,-0.4172809367614856,0.5937388891549003,0.6904618077371967,0.24416936726345428,0.3466393291495729,0.36377312234995707,0.4269087524709683
6424,-1.050490614918933,0.06508561858584352,0.14431693449478036,1.2378505970950135,0.035316781907857205,0.6904618077371967,0.05918291451947086,-1.2847397048922888,-1.2910383132279224,-1.2735490686117723
6425,2.662535891146288,0.06508561858584352,0.6697611090913683,-1.2448467036897353,-0.5929080887450618,1.5855287069457766,0.7696966477182171,2.3078600258119204,2.123651950662939,2.056514164341929
6426,-1.0082971318954645,0.8817216424333439,0.14431693449478036,1.6516334805591384,0.1749223087196192,-1.0996719906799632,0.05355150613611008,-1.1777640305288881,-1.1772153044315605,-1.146014732030567
6427,0.4473780324141958,-1.5681864291091574,0.14431693449478036,0.410284830166764,0.9427527061843003,-0.2046050914713833,0.27763905859852306,0.5873345964672243,0.48635174720757746,0.6536364619486673
6428,-0.20662095444956474,0.06508561858584352,-1.4320155892949833,0.410284830166764,0.5239361257490193,0.6904618077371967,0.14540721457791,-0.07234872877374655,-0.10027452889675,-0.026546666484429042
6429,-1.0293938734071988,0.8817216424333439,-0.38112724010180754,0.410284830166764,-0.5231053253391809,-0.2046050914713833,0.026935132550602987,-1.2045079491197386,-1.1597040723090428,-1.2168671412423475
6430,0.4262812909024616,0.06508561858584352,-1.4320155892949833,-0.8310638202256104,-0.38349979852741883,1.1379952573414867,0.24990702863518036,0.6408224336489251,0.6001747560039394,0.5686135708945302
6431,-0.5863623016607803,0.8817216424333439,-0.9065714146983955,-1.2448467036897353,-0.5929080887450618,-0.2046050914713833,0.08500239069223822,-0.5002514262273501,-0.4592547874083535,-0.5366840128092512
6432,2.6414391496345533,0.8817216424333439,1.1952052836879563,-1.2448467036897353,0.1051195453137382,-0.2046050914713833,0.9980874462094247,2.111737956145685,2.123651950662939,2.113196091711354
6433,1.059183536254488,0.8817216424333439,1.1952052836879563,0.410284830166764,0.1051195453137382,-1.0996719906799632,0.490091908834936,1.1667861659356455,1.1167561036181979,1.149603326431133
6434,0.23641061729685378,-0.751550405261657,0.14431693449478036,0.8240677136308887,0.9427527061843003,0.6904618077371967,0.23917547681028528,0.3644686082101393,0.39879558659499154,0.4977611616827496
6435,-0.5019753356138434,0.06508561858584352,1.1952052836879563,0.410284830166764,-0.5929080887450618,0.2429283581329067,0.09020878712213781,-0.33087327515196513,-0.34543177861199154,-0.3949791943856899
6436,-0.9872003903837303,0.06508561858584352,-0.38112724010180754,0.8240677136308887,-1.919160593456781,2.033062156550067,0.03681666046857568,-1.079702995695771,-1.0896591438189738,-1.24520810492706
6437,-0.9661036488719961,0.06508561858584352,1.1952052836879563,1.2378505970950135,-0.17409150830978082,0.6904618077371967,0.05960792647293205,-1.0975322747563376,-1.1071703759414915,-1.1035032865034986
6438,-0.20662095444956474,-0.751550405261657,-0.38112724010180754,1.6516334805591384,0.24472507212550018,2.928129055758647,0.14700100940338948,-0.09909264736459697,-0.07400768071297392,-0.054887630169141416
6439,1.5233118495126405,0.06508561858584352,1.7206494582845442,0.8240677136308887,0.4541333623431382,0.6904618077371967,0.4387185889603145,1.4520546309047144,1.3794245854559561,1.4755244088053256
6440,-0.7973297167781225,0.8817216424333439,0.6697611090913683,1.2378505970950135,0.4541333623431382,-0.2046050914713833,0.04696382085746162,-0.8390077283781191,-0.791968197736181,-0.7634117222869502
6441,-1.0293938734071988,0.8817216424333439,-0.38112724010180754,1.6516334805591384,0.5937388891549003,-0.6521385410756733,0.042607448334484405,-1.2134225886500216,-1.2385046168603704,-1.1601852138729227
6442,-0.8817166828250593,0.8817216424333439,-0.9065714146983955,0.8240677136308887,0.3145278355313812,-0.2046050914713833,0.056685969292886364,-0.9816419608626535,-0.9408136707775774,-0.9192870225528679
6443,-1.0293938734071988,0.8817216424333439,-0.38112724010180754,-0.4172809367614856,0.24472507212550018,-1.5472054402842532,0.043351219253041494,-1.2490811467711553,-1.1947265365540773,-1.1885261775576352
6444,-0.1644274714260963,0.8817216424333439,-1.4320155892949833,0.410284830166764,-0.17409150830978082,-0.6521385410756733,0.19130850555171863,0.03462694558965351,0.06608217626716334,0.03013526088499571
6445,3.211051170451377,-1.5681864291091574,-0.38112724010180754,-0.8310638202256104,-0.8023163789626999,0.2429283581329067,0.9832651543324656,2.5218113745387223,2.508899057358318,2.3540942830314084
6446,0.02544320217951176,-1.5681864291091574,1.1952052836879563,1.6516334805591384,1.2219637598078192,-1.0996719906799632,0.21149657334112523,0.15051725948333838,0.17990518506352607,0.31354489773211885
6447,-0.3964916280551725,-1.5681864291091574,-1.4320155892949833,0.8240677136308887,-1.5003440130215,2.4805956061543566,0.107581150719864,-0.2595561589096979,-0.14405260920304294,-0.36663823070097756
6448,-1.050490614918933,0.8817216424333439,-0.9065714146983955,0.410284830166764,0.3145278355313812,-1.5472054402842532,0.03771981086968071,-1.293654344422572,-1.2472602329216296,-1.231037623084704
6449,-0.8184264582898567,0.8817216424333439,0.14431693449478036,1.6516334805591384,0.1051195453137382,-1.0996719906799632,0.06332678106571747,-0.8390077283781191,-0.8707687422875084,-0.8342641314987308
6450,-1.0293938734071988,0.8817216424333439,1.1952052836879563,1.2378505970950135,-0.8023163789626999,-0.2046050914713833,0.05557031291505073,-1.1866786700591714,-1.185970920492819,-1.24520810492706
6451,-0.1855242129378305,0.06508561858584352,-0.9065714146983955,-1.2448467036897353,-0.8023163789626999,0.2429283581329067,0.15210115284492376,0.05245622465022072,0.031059712022128826,-0.054887630169141416
6452,0.4473780324141958,0.8817216424333439,0.6697611090913683,0.8240677136308887,0.5239361257490193,0.6904618077371967,0.2668012537852627,0.5338467592855243,0.5914191399426809,0.6252954982639549
6453,-0.5441688186373119,0.8817216424333439,0.14431693449478036,1.6516334805591384,0.38433059893725724,-1.6814654751655391,0.12399723742230251,-0.4556782285759332,-0.4154767071020606,-0.3949791943856899
6454,-1.050490614918933,-1.5681864291091574,1.1952052836879563,1.2378505970950135,1.1521609964019384,-0.6521385410756733,0.05381713860702332,-1.2669104258317225,-1.282282697166664,-1.1601852138729227
6455,-0.6918460092194515,-1.5681864291091574,1.7206494582845442,-1.2448467036897353,0.4541333623431382,0.2429283581329067,0.04058864155554375,-0.7052881354238678,-0.6518783407560429,-0.6217069038633883
6456,-0.1855242129378305,-1.5681864291091574,-1.4320155892949833,-0.8310638202256104,0.24472507212550018,-0.2046050914713833,0.11278754714976359,-0.018860891592046524,0.022304095960870397,0.03013526088499571
6457,-0.6074590431725145,0.8817216424333439,-0.38112724010180754,1.2378505970950135,0.3145278355313812,-0.6521385410756733,0.09382138872655793,-0.5448246238787668,-0.5205440998371641,-0.4941725672821829
6458,-0.9661036488719961,-1.5681864291091574,0.6697611090913683,-1.2448467036897353,-0.31369703512154284,1.5855287069457766,0.023747542899644054,-1.1421054724077544,-1.0896591438189738,-1.1318442501882104
6459,-0.9872003903837303,0.06508561858584352,-0.9065714146983955,-1.2448467036897353,-0.17409150830978082,1.1379952573414867,0.041438665462466134,-1.1510201119380377,-1.1597040723090428,-1.1601852138729227
6460,-0.1644274714260963,0.8817216424333439,-0.38112724010180754,1.2378505970950135,-0.6627108521509428,0.2429283581329067,0.16894225150082345,0.03462694558965351,0.0573265602059049,-0.026546666484429042
6461,0.21531387578511957,0.06508561858584352,0.14431693449478036,0.8240677136308887,-1.919160593456781,0.2429283581329067,0.24900387823407533,0.5338467592855243,0.48635174720757746,0.25686297036269473
6462,-0.6074590431725145,0.06508561858584352,-0.9065714146983955,-1.2448467036897353,0.8729499427784192,0.6904618077371967,0.08362110184348935,-0.5537392634090501,-0.5993446443884916,-0.4800020854398264
6463,0.4262812909024616,0.06508561858584352,-0.38112724010180754,-1.2448467036897353,0.035316781907857205,0.6904618077371967,0.22047495085799287,0.5962492359975082,0.5388854435751288,0.5686135708945302
6464,0.17312039276165112,0.8817216424333439,0.14431693449478036,-0.8310638202256104,0.3145278355313812,-0.6521385410756733,0.19226478244700632,0.3377246896192897,0.3812843544724739,0.398567788786256
6465,-0.9450069073602619,-1.5681864291091574,1.1952052836879563,0.8240677136308887,0.5937388891549003,-0.6521385410756733,0.03501035966636561,-1.106446914286621,-1.0633922956351987,-1.0184803954493615
6466,0.32079758334379044,-1.5681864291091574,-1.4320155892949833,-1.2448467036897353,-0.10428874490389983,-0.6521385410756733,0.25171332943739044,0.5160174802249571,0.547641059636388,0.5119316435251055
6467,0.6583454475315381,0.06508561858584352,0.14431693449478036,0.410284830166764,0.1051195453137382,0.2429283581329067,0.39159538862030496,0.86368842190601,0.7927983093516288,0.8378527258992975
6468,2.346084768470274,0.8817216424333439,1.1952052836879563,-0.8310638202256104,0.3145278355313812,-1.0996719906799632,0.6808691494448281,1.9691037236611515,1.8960059330702155,1.9714912732877912
6469,-1.0293938734071988,0.8817216424333439,-0.9065714146983955,1.6516334805591384,-0.5231053253391809,-0.6521385410756733,0.0453168995377995,-1.2134225886500216,-1.1772153044315605,-1.231037623084704
6470,-0.8184264582898567,0.06508561858584352,1.1952052836879563,-1.2448467036897353,-1.8493578300509,0.2429283581329067,0.049035754130584926,-0.7587759726055686,-0.791968197736181,-0.9476279862375803
6471,-0.20662095444956474,-1.5681864291091574,-0.9065714146983955,-1.2448467036897353,0.035316781907857205,-1.0996719906799632,0.14482282314190087,-0.0010316125314793153,0.022304095960870397,0.015964779042639207
6472,-1.050490614918933,0.8817216424333439,-1.4320155892949833,1.2378505970950135,-0.8023163789626999,-0.2046050914713833,0.05078892843861234,-1.2312518677105888,-1.2297490007991119,-1.2877195504541288
6473,1.0380867947427537,-1.5681864291091574,-0.38112724010180754,-0.8310638202256104,1.4313720500254572,-0.2046050914713833,0.2975614939170164,0.9528348172088437,0.9941774787605774,1.16377380827349
6474,2.5570521835876163,0.8817216424333439,0.6697611090913683,-0.8310638202256104,0.38433059893725724,-0.2046050914713833,0.7329331137438241,2.0760793980245524,2.05360702217287,2.113196091711354
6475,-1.0082971318954645,0.8817216424333439,1.1952052836879563,1.6516334805591384,-0.31369703512154284,-1.0996719906799632,0.03708229293948892,-1.1866786700591714,-1.1334372241252668,-1.1743556957152792
6476,-0.5652655601490462,0.8817216424333439,1.1952052836879563,-0.8310638202256104,-0.10428874490389983,-1.0996719906799632,0.06221112468788185,-0.4735075076364996,-0.424232323163319,-0.451661121755114
6477,-0.6285557846842488,0.8817216424333439,0.6697611090913683,-1.2448467036897353,-0.17409150830978082,-1.5472054402842532,0.05355150613611008,-0.5359099843484837,-0.5117884837759049,-0.5366840128092512
6478,-1.0082971318954645,0.06508561858584352,-1.4320155892949833,0.410284830166764,-1.7097523032391428,0.2429283581329067,0.030813366625936353,-1.1421054724077544,-1.0896591438189738,-1.2593785867694165
6479,-1.0293938734071988,0.06508561858584352,-0.9065714146983955,-0.4172809367614856,-1.081527432586219,0.6904618077371967,0.06630186473994581,-1.1688493909986049,-1.1772153044315605,-1.2593785867694165
6480,-0.9028134243367935,0.8817216424333439,0.6697611090913683,1.2378505970950135,-0.8023163789626999,-0.2046050914713833,0.040801147532274346,-0.9816419608626535,-0.9408136707775774,-1.0326508772917173
6481,-0.5441688186373119,0.8817216424333439,0.14431693449478036,1.6516334805591384,0.1051195453137382,-0.6521385410756733,0.11517823938798279,-0.4735075076364996,-0.44174355528583586,-0.43749063991275816
6482,-0.1855242129378305,0.06508561858584352,1.1952052836879563,1.6516334805591384,-1.0117246691803428,0.2429283581329067,0.15082611698454018,0.07920014324107114,0.03981532808338804,-0.054887630169141416
6483,-0.20662095444956474,-1.5681864291091574,0.14431693449478036,1.6516334805591384,-0.8721191423685809,1.1379952573414867,0.17027041385538969,-0.02777553112232973,-0.003962752222904903,-0.11156955753856616
6484,-0.6074590431725145,0.8817216424333439,1.1952052836879563,0.8240677136308887,0.3145278355313812,-1.0996719906799632,0.09461828613929767,-0.5269953448182004,-0.5468109480209394,-0.4941725672821829
6485,-0.20662095444956474,-1.5681864291091574,0.14431693449478036,0.410284830166764,0.8031471793725382,-0.6521385410756733,0.12750358603835732,-0.06343408924346336,-0.003962752222904903,0.058476224569708087
6486,-0.9028134243367935,0.8817216424333439,-0.9065714146983955,0.410284830166764,-0.10428874490389983,-0.6521385410756733,0.046538808904000424,-1.0173005189837871,-0.9670805189613535,-0.9901394317646491
6487,0.9115063456723483,0.8817216424333439,-0.9065714146983955,1.6516334805591384,0.4541333623431382,-1.0996719906799632,0.7253360250757053,1.0152372939208278,0.9503993984542844,1.0362394716922834
6488,-1.0293938734071988,0.8817216424333439,-0.38112724010180754,-0.4172809367614856,0.035316781907857205,-0.2046050914713833,0.04191680391010997,-1.2579957863014386,-1.212237768676595,-1.2168671412423475
6489,-0.8184264582898567,-0.751550405261657,1.7206494582845442,0.410284830166764,1.7803858670548574,-1.0996719906799632,0.032194655474685224,-0.9548980422718031,-0.9057912065325429,-0.7492412404445943
6490,-0.9872003903837303,0.06508561858584352,-0.38112724010180754,1.2378505970950135,-0.24389427171566183,0.6904618077371967,0.03995112362535196,-1.1688493909986049,-1.1334372241252668,-1.1601852138729227
6491,-1.155974322477604,-1.5681864291091574,-0.38112724010180754,1.2378505970950135,-1.1513301959920998,2.033062156550067,0.023906922382192,-1.4719471350282403,-1.4223725541468013,-1.5286177417741837
6492,0.6372487060198039,-0.751550405261657,0.6697611090913683,-1.2448467036897353,-2.826596517733219,1.1379952573414867,0.229081442915582,0.970664096269411,0.9066213181479907,0.5402726072098178
6493,-0.7973297167781225,0.8817216424333439,1.1952052836879563,0.8240677136308887,0.1051195453137382,-0.6521385410756733,0.048929501142219625,-0.8568370074386863,-0.8007238137974394,-0.8059231678140184
6494,-0.5230720771255777,-0.751550405261657,0.14431693449478036,-1.2448467036897353,1.7803858670548574,0.19817501317247704,0.07437709185570844,-0.5091660657576332,-0.4592547874083535,-0.2957858214891963
6495,1.5022151080009063,0.06508561858584352,1.1952052836879563,0.410284830166764,0.6635416525607812,0.2429283581329067,0.6776815597938692,1.30942039842018,1.3794245854559561,1.4330129632782567
6496,1.481118366489172,0.06508561858584352,0.14431693449478036,-0.0034980532973608127,-0.8023163789626999,2.033062156550067,0.2874143335281305,1.3450789565413135,1.3006240409046288,1.192114771958202
6497,1.4389248834657036,0.06508561858584352,-0.38112724010180754,-0.8310638202256104,-1.430541249615619,0.6904618077371967,0.3302342878393455,1.5412010262075482,1.4757363621298014,1.2771376630123397
6498,-0.5441688186373119,0.8817216424333439,0.14431693449478036,1.2378505970950135,-0.6627108521509428,-0.6521385410756733,0.12516602029432078,-0.40219039139423235,-0.34543177861199154,-0.43749063991275816
6499,-1.0293938734071988,-0.751550405261657,0.6697611090913683,-1.2448467036897353,1.0823582329960573,-1.9947388898885432,0.021675609626520747,-1.2758250653620058,-1.2385046168603704,-1.146014732030567
6500,-0.5863623016607803,0.8817216424333439,1.1952052836879563,-1.2448467036897353,0.5937388891549003,-0.6521385410756733,0.07108324921638422,-0.5091660657576332,-0.5292997158984225,-0.451661121755114
6501,1.1646672438131591,-1.5681864291091574,-0.38112724010180754,-0.8310638202256104,0.3145278355313812,-0.6521385410756733,0.32343409658396644,1.1489568868750781,1.1605341839244907,1.192114771958202
6502,0.21531387578511957,-1.5681864291091574,1.1952052836879563,-0.8310638202256104,-1.0117246691803428,2.4805956061543566,0.18477394676725284,0.5338467592855243,0.45132928296254293,0.3560563432591877
6503,-0.9661036488719961,0.8817216424333439,-1.4320155892949833,-0.4172809367614856,-0.03448598149801883,-0.6521385410756733,0.06603623226903256,-1.115361553816904,-1.11592599200275,-1.1035032865034986
6504,1.1224737607896906,0.06508561858584352,-1.4320155892949833,-0.8310638202256104,-0.5231053253391809,1.1379952573414867,0.3323593476066514,1.2470179217081958,1.1517785678632324,1.1212623627464213
6505,0.21531387578511957,0.06508561858584352,1.7206494582845442,-0.8310638202256104,0.6635416525607812,-0.2046050914713833,0.144344684694257,0.3198954105587225,0.28497257779862883,0.3702268251015436
6506,-1.0293938734071988,-1.5681864291091574,1.1952052836879563,-0.4172809367614856,-0.10428874490389983,-1.0996719906799632,0.04908888062476757,-1.2045079491197386,-1.1509484562477845,-1.1743556957152792
6507,-0.41758836956690676,1.6983576662808442,1.1952052836879563,-1.2448467036897353,2.7576245547371814,-1.0996719906799632,0.06359241353663071,-0.3754464728033827,-0.44174355528583586,-0.11156955753856616
6508,-0.1855242129378305,0.8817216424333439,1.1952052836879563,1.6516334805591384,-0.17409150830978082,-0.6521385410756733,0.1861552356160017,0.007883026998803893,-0.03898521646793941,-0.026546666484429042
6509,-1.1348775809658698,-1.5681864291091574,-0.38112724010180754,1.6516334805591384,0.4541333623431382,0.2429283581329067,0.02486319927747968,-1.507605693149374,-1.4573950183918358,-1.4294243688776906
6510,-0.1011372468908936,0.06508561858584352,1.1952052836879563,0.410284830166764,-0.03448598149801883,0.2429283581329067,0.14662912394411093,0.10594406183192076,0.04857094414464647,0.07264670641206396
6511,0.004346460667777534,-0.751550405261657,-1.4320155892949833,0.410284830166764,1.9199913938666193,-0.6521385410756733,0.1738830154598098,0.06137086418050393,0.10986025657345705,0.31354489773211885
6512,1.9241499382355902,0.06508561858584352,0.6697611090913683,0.8240677136308887,-0.8023163789626999,-0.2046050914713833,0.5974605535780694,1.8621280492977508,1.7471604600288189,1.6597406727559558
6513,1.903053196723856,0.06508561858584352,1.1952052836879563,0.410284830166764,-0.24389427171566183,0.2429283581329067,0.6736970727301705,1.7284084563434994,1.6596042994162323,1.6455701909135998
6514,-1.050490614918933,0.8817216424333439,1.1952052836879563,1.6516334805591384,0.1051195453137382,-0.2046050914713833,0.03453222121872178,-1.2758250653620058,-1.2297490007991119,-1.24520810492706
6515,-0.8395231998015908,-1.5681864291091574,-0.9065714146983955,1.6516334805591384,-0.6627108521509428,-0.6521385410756733,0.06019231790894119,-0.8479223679084023,-0.8007238137974394,-0.8767755770257997
6516,-0.14333072991436205,0.8817216424333439,-0.38112724010180754,1.2378505970950135,0.24472507212550018,-0.6521385410756733,0.1710673112681294,0.0167976665290871,0.0573265602059049,0.07264670641206396
6517,-1.0082971318954645,0.8817216424333439,-1.4320155892949833,1.6516334805591384,0.1749223087196192,-1.5472054402842532,0.04196993040429262,-1.1777640305288881,-1.142192840186526,-1.1318442501882104
6518,-0.8184264582898567,0.06508561858584352,-0.38112724010180754,-1.2448467036897353,-0.03448598149801883,1.1379952573414867,0.03628539552674919,-0.9103248446203863,-0.8620131262262499,-0.8767755770257997
6519,1.5022151080009063,-1.5681864291091574,1.1952052836879563,1.2378505970950135,0.3145278355313812,0.2429283581329067,0.8118259576050576,1.3985667937230135,1.3969358175784738,1.4330129632782567
6520,-0.1011372468908936,0.06508561858584352,0.14431693449478036,-1.2448467036897353,-0.4533025619332999,0.6904618077371967,0.14577910003718855,0.11485870136220476,0.04857094414464647,0.03013526088499571
6521,-0.8817166828250593,0.8817216424333439,0.14431693449478036,1.6516334805591384,-0.31369703512154284,-0.5626318511548141,0.053657759124475374,-0.9281541236809527,-0.8970355904712844,-0.9334575043952245
6522,-0.6285557846842488,0.8817216424333439,-0.9065714146983955,-0.8310638202256104,-0.10428874490389983,-0.2046050914713833,0.07076449025128832,-0.5359099843484837,-0.5555665640821986,-0.5508544946516076
6523,-0.9661036488719961,0.8817216424333439,1.1952052836879563,-0.4172809367614856,-0.03448598149801883,-1.0996719906799632,0.053870265101205975,-1.115361553816904,-1.0809035277577155,-1.0893328046611421
6524,0.6794421890432724,0.8817216424333439,-1.4320155892949833,1.6516334805591384,-0.8023163789626999,-0.2046050914713833,0.5721192158529459,0.9260908986179933,0.8103095414741465,0.752829834845161
6525,-0.1644274714260963,0.8817216424333439,-1.4320155892949833,0.410284830166764,-0.6627108521509428,-0.2046050914713833,0.16421399351856772,0.05245622465022072,0.07483779232842254,-0.012376184642073167
6526,0.7638291550902088,-1.5681864291091574,1.1952052836879563,-1.2448467036897353,-0.8721191423685809,1.1379952573414867,0.28539552674918983,1.0063226543905446,0.9066213181479907,0.8236822440569416
6527,-0.1855242129378305,0.8817216424333439,-0.38112724010180754,-1.2448467036897353,0.1749223087196192,-0.2046050914713833,0.12580353822451257,-0.0010316125314793153,0.022304095960870397,0.03013526088499571
6528,-0.8606199413133251,-0.751550405261657,0.14431693449478036,0.410284830166764,1.0823582329960573,-1.0996719906799632,0.04186367741592732,-0.9816419608626535,-0.9408136707775774,-0.8484346133410873
6529,0.21531387578511957,-1.5681864291091574,-1.4320155892949833,-0.8310638202256104,1.1521609964019384,2.033062156550067,0.16384210805928917,0.25749293384673844,0.23243888143107744,0.38439730694390006
6530,-1.0293938734071988,0.06508561858584352,-0.9065714146983955,0.410284830166764,0.38433059893725724,-1.0996719906799632,0.05004515752005525,-1.2312518677105888,-1.2385046168603704,-1.1885261775576352
6531,-0.6285557846842488,-0.751550405261657,-1.4320155892949833,0.410284830166764,1.6407803402430954,0.2429283581329067,0.0742177123731605,-0.6250563796513173,-0.6343671086335261,-0.451661121755114
6532,-0.3964916280551725,0.8817216424333439,1.1952052836879563,-1.2448467036897353,-0.24389427171566183,-0.6521385410756733,0.0881368538490145,-0.24172687984913147,-0.21409753769311196,-0.25327437596212804
6533,-0.8184264582898567,0.06508561858584352,1.1952052836879563,0.410284830166764,-0.17409150830978082,0.2429283581329067,0.05636721032779047,-0.8122638097872686,-0.818235045919957,-0.8200936496563749
6534,0.4473780324141958,0.06508561858584352,-0.9065714146983955,0.8240677136308887,-1.221132959397981,0.2429283581329067,0.44020613079742865,0.7745420266031756,0.7052421487390429,0.5686135708945302
6535,0.21531387578511957,0.06508561858584352,0.6697611090913683,-0.4172809367614856,0.5937388891549003,0.6904618077371967,0.23991924772884238,0.3733832477404233,0.33750627416618095,0.4269087524709683
6536,-0.9028134243367935,-1.5681864291091574,1.1952052836879563,1.6516334805591384,-1.2909357228038618,-1.0996719906799632,0.04111990649737024,-0.9103248446203863,-0.8620131262262499,-1.004309913607005
6537,0.8693128626488799,0.8817216424333439,0.14431693449478036,1.2378505970950135,-0.4533025619332999,-0.2046050914713833,0.6670562609573394,1.0152372939208278,1.029199943005612,0.951216580638147
6538,-0.6074590431725145,0.8817216424333439,-1.4320155892949833,0.410284830166764,0.5239361257490193,-1.0996719906799632,0.09461828613929767,-0.5359099843484837,-0.5730777962047154,-0.4941725672821829
6539,-1.050490614918933,0.8817216424333439,-0.38112724010180754,-1.2448467036897353,0.8031471793725382,-0.2046050914713833,0.029432077777187482,-1.3025689839528563,-1.326060777472957,-1.231037623084704
6540,0.5106682569493985,0.06508561858584352,0.6697611090913683,-0.8310638202256104,-0.10428874490389983,-0.6521385410756733,0.2103809169632896,0.738883468482042,0.66146406843275,0.681977425633379
6541,-0.9872003903837303,0.8817216424333439,-0.9065714146983955,-0.8310638202256104,0.4541333623431382,-0.6521385410756733,0.02613823513786325,-1.1777640305288881,-1.1334372241252668,-1.1035032865034986
6542,0.3418943248555247,1.6983576662808442,-0.38112724010180754,0.410284830166764,4.921510220319457,-0.6521385410756733,0.19433671572012962,0.3377246896192897,0.2149276493085606,0.8803641714263664
6543,1.481118366489172,0.06508561858584352,0.6697611090913683,-1.2448467036897353,-2.1983716470803,2.033062156550067,0.4351059873558944,1.5412010262075482,1.4844919781910597,1.16377380827349
6544,0.48957151543766425,0.06508561858584352,0.14431693449478036,-1.2448467036897353,0.3145278355313812,0.6904618077371967,0.2625511342506508,0.6408224336489251,0.5914191399426809,0.6536364619486673
6545,0.9115063456723483,0.8817216424333439,-0.9065714146983955,-0.8310638202256104,0.4541333623431382,-0.6521385410756733,0.33411252191467883,0.9617494567391269,0.9941774787605774,1.0362394716922834
6546,-0.14333072991436205,0.8817216424333439,-0.9065714146983955,-0.8310638202256104,0.035316781907857205,-0.2046050914713833,0.14190086596185517,0.0167976665290871,0.03981532808338804,0.03013526088499571
6547,0.46847477392593007,0.8817216424333439,-0.38112724010180754,-0.8310638202256104,-0.8721191423685809,-0.6521385410756733,0.22541571481697922,0.7121395498911923,0.731508996922819,0.5969545345792426
6548,-0.1855242129378305,0.06508561858584352,0.14431693449478036,-1.2448467036897353,-1.360738486209743,1.5855287069457766,0.13988205918291452,0.07028550371078714,0.04857094414464647,-0.09739907569620966
6549,0.8904096041606141,0.06508561858584352,1.7206494582845442,-0.8310638202256104,0.24472507212550018,0.6904618077371967,0.23954736226956383,0.970664096269411,0.9066213181479907,0.9653870624805029
6550,0.21531387578511957,-1.5681864291091574,0.14431693449478036,-1.2448467036897353,0.5239361257490193,2.033062156550067,0.2098496520214631,0.3109807710284393,0.32875065810492254,0.38439730694390006
6551,0.5317649984611327,1.6983576662808442,0.6697611090913683,0.8240677136308887,-1.988963356862662,3.8231959549672268,0.2274345215959199,0.8726030614362933,0.7577758451065942,0.5402726072098178
6552,-0.7762329752663882,-1.5681864291091574,1.1952052836879563,0.8240677136308887,-2.337977173892062,1.1379952573414867,0.04340434574722414,-0.6963734958935845,-0.6606339568173013,-0.9051165407105121
6553,0.5528617399728669,0.06508561858584352,1.7206494582845442,-0.8310638202256104,0.8031471793725382,0.6904618077371967,0.18015194177336238,0.6229931545883579,0.5739079078201633,0.6961479074757362
6554,-1.0082971318954645,0.06508561858584352,1.1952052836879563,0.410284830166764,-0.8721191423685809,0.2429283581329067,0.029803963236466027,-1.1777640305288881,-1.1509484562477845,-1.231037623084704
6555,-0.20662095444956474,0.8817216424333439,-1.4320155892949833,-1.2448467036897353,0.1051195453137382,-1.0996719906799632,0.13478191574138024,0.007883026998803893,0.031059712022128826,0.03013526088499571
6556,-0.9450069073602619,0.8817216424333439,-0.9065714146983955,0.8240677136308887,-0.24389427171566183,-0.6521385410756733,0.05450778303139776,-1.0529590771049209,-1.0108585992676464,-1.0468213591340738
6557,-0.9239101658485277,0.8817216424333439,-1.4320155892949833,0.410284830166764,-0.7325136155568189,-0.6521385410756733,0.03920735270679488,-0.9816419608626535,-0.9495692868388359,-1.0184803954493615
6558,-1.050490614918933,-1.5681864291091574,0.6697611090913683,0.8240677136308887,-2.058766120268543,1.5855287069457766,0.025128831748392925,-1.2045079491197386,-1.142192840186526,-1.3444014778235536
6559,0.5528617399728669,0.8817216424333439,0.14431693449478036,-0.0034980532973608127,0.24472507212550018,-1.0996719906799632,0.18828029538330765,0.7210541894214756,0.731508996922819,0.752829834845161
6560,-1.0926840979424013,0.8817216424333439,0.14431693449478036,-1.2448467036897353,0.38433059893725724,-1.5472054402842532,0.024066301864739945,-1.3560568211345563,-1.3173051614116977,-1.2877195504541288
6561,-0.1855242129378305,0.8817216424333439,-0.9065714146983955,0.8240677136308887,0.24472507212550018,-0.2046050914713833,0.20193380438824843,-0.02777553112232973,-0.003962752222904903,0.015964779042639207
6562,-0.8184264582898567,-0.751550405261657,-1.4320155892949833,0.8240677136308887,-2.337977173892062,0.2429283581329067,0.04871699516548903,-0.7587759726055686,-0.7219232692461119,-0.9617984680799367
6563,2.746922857193225,0.8817216424333439,0.14431693449478036,-0.8310638202256104,-0.5231053253391809,1.1379952573414867,0.9628645805663284,2.218713630509087,2.158674414907973,2.0848551280266405
6564,-0.6074590431725145,-1.5681864291091574,0.14431693449478036,0.8240677136308887,-0.6627108521509428,0.6904618077371967,0.10418105509217447,-0.5180807052879165,-0.4855216355921296,-0.5650249764939635
6565,-1.0293938734071988,0.8817216424333439,0.14431693449478036,-1.2448467036897353,0.1749223087196192,-1.5472054402842532,0.0333634383467035,-1.2223372281803049,-1.185970920492819,-1.1743556957152792
6566,-0.7973297167781225,0.06508561858584352,1.1952052836879563,0.410284830166764,-1.1513301959920998,1.5855287069457766,0.05774849917653934,-0.776605251666135,-0.8269906619812155,-0.9051165407105121
6567,-0.14333072991436205,0.8817216424333439,0.6697611090913683,-1.2448467036897353,0.1749223087196192,-0.2046050914713833,0.11767518461456729,0.007883026998803893,0.031059712022128826,0.03013526088499571
6568,1.5022151080009063,0.8817216424333439,1.7206494582845442,0.8240677136308887,0.6635416525607812,-0.6521385410756733,0.4298995909259948,1.3985667937230135,1.4144470497009907,1.4896948906476815
6569,-0.1855242129378305,0.8817216424333439,1.1952052836879563,-1.2448467036897353,-0.24389427171566183,-1.0996719906799632,0.12872549540455824,0.0167976665290871,0.04857094414464647,0.0017942972002833347
6570,-0.8395231998015908,0.8817216424333439,-1.4320155892949833,1.6516334805591384,0.3145278355313812,-0.6521385410756733,0.06152048026350741,-0.9103248446203863,-0.8357462780424739,-0.8342641314987308
6571,-0.1855242129378305,0.8817216424333439,1.1952052836879563,1.2378505970950135,0.5937388891549003,-0.6521385410756733,0.17053604632630293,-0.07234872877374655,-0.03898521646793941,0.015964779042639207
6572,-1.0293938734071988,0.8817216424333439,-0.9065714146983955,-1.2448467036897353,0.035316781907857205,-0.2046050914713833,0.030335228178292515,-1.2579957863014386,-1.2034821526153359,-1.2168671412423475
6573,0.6794421890432724,-1.5681864291091574,1.1952052836879563,-0.4172809367614856,-0.5231053253391809,0.2429283581329067,0.5217021728736121,0.86368842190601,0.8628432378416978,0.7811707985298727
6574,-0.6074590431725145,0.8817216424333439,0.14431693449478036,1.6516334805591384,-0.24389427171566183,-0.6521385410756733,0.107581150719864,-0.5091660657576332,-0.49427725165338804,-0.5225135309668953
6575,0.784925896601943,1.6983576662808442,0.6697611090913683,-0.8310638202256104,-1.779555066645019,4.718262854175807,0.20363385220209318,1.0508958520419613,0.9679106305768014,0.752829834845161
6576,-0.7973297167781225,0.8817216424333439,1.1952052836879563,1.2378505970950135,-0.38349979852741883,-0.6521385410756733,0.06263613664134304,-0.785519891196419,-0.7657013495524049,-0.8059231678140184
6577,-1.0082971318954645,0.8817216424333439,-0.9065714146983955,0.410284830166764,0.1749223087196192,-1.0996719906799632,0.05163895234553472,-1.1777640305288881,-1.1947265365540773,-1.1601852138729227
6578,1.2701509513718297,0.8817216424333439,0.14431693449478036,1.2378505970950135,0.1051195453137382,-0.2046050914713833,0.8929501142219625,1.30942039842018,1.2305791124145598,1.2771376630123397
6579,2.7258261156814902,0.06508561858584352,1.7206494582845442,-0.8310638202256104,-1.221132959397981,1.1379952573414867,0.6955320618392392,2.3078600258119204,2.3075198879493697,2.0848551280266405
6580,0.7427324135784745,0.06508561858584352,-1.4320155892949833,-0.8310638202256104,-0.03448598149801883,0.6904618077371967,0.27588588429049565,0.86368842190601,0.8103095414741465,0.8236822440569416
6581,-1.050490614918933,0.8817216424333439,-0.9065714146983955,-1.2448467036897353,0.3145278355313812,-0.6521385410756733,0.03766668437549806,-1.2758250653620058,-1.299793929289181,-1.24520810492706
6582,0.21531387578511957,0.8817216424333439,1.1952052836879563,1.6516334805591384,0.1051195453137382,-0.6521385410756733,0.2834298464644318,0.3733832477404233,0.4250624347787669,0.41273827062861246
6583,0.5528617399728669,0.8817216424333439,-0.38112724010180754,-0.8310638202256104,-0.5929080887450618,-0.6521385410756733,0.24241619295542688,0.7567127475426092,0.7840426932903704,0.681977425633379
6584,1.1224737607896906,-1.5681864291091574,1.1952052836879563,-0.8310638202256104,0.1749223087196192,0.6904618077371967,0.3507942410880306,1.2202740031173456,1.1430229518019739,1.192114771958202
6585,-0.438685111078641,-1.5681864291091574,1.1952052836879563,0.410284830166764,-0.4533025619332999,-0.2046050914713833,0.08840248631992775,-0.2952147170308315,-0.2666312340606641,-0.3241267851739087
6586,1.5233118495126405,0.8817216424333439,-0.9065714146983955,0.410284830166764,0.24472507212550018,0.2429283581329067,0.8458800403761356,1.4520546309047144,1.4582251300072844,1.4755244088053256
6587,1.5022151080009063,-1.5681864291091574,1.7206494582845442,1.6516334805591384,-0.8023163789626999,0.2429283581329067,0.4669287573713011,1.4520546309047144,1.4582251300072844,1.3196491085394073
6588,0.9747965702075511,0.06508561858584352,0.14431693449478036,-0.8310638202256104,-0.31369703512154284,0.2429283581329067,0.35366307177389367,1.1222129682842286,1.029199943005612,1.0220689898499276
6589,-0.5230720771255777,0.8817216424333439,0.14431693449478036,-1.2448467036897353,0.1051195453137382,-1.0996719906799632,0.0903150401105031,-0.4289343099850828,-0.38920985891828447,-0.3949791943856899
6590,-0.4808785941021094,-1.5681864291091574,1.1952052836879563,0.8240677136308887,-1.2909357228038618,-0.2046050914713833,0.10274663974924295,-0.3130439960913987,-0.23160876981562958,-0.40914967622804577
6591,-0.1011372468908936,0.8817216424333439,0.14431693449478036,1.6516334805591384,0.1051195453137382,-1.5472054402842532,0.19709929341762736,0.08811478277135434,0.09234902445093941,0.10098767009677634
6592,-0.7129427507311856,0.06508561858584352,-1.4320155892949833,0.410284830166764,-2.268174410486181,1.5855287069457766,0.06231737767624714,-0.562653902939334,-0.5993446443884916,-0.8059231678140184
6593,0.48957151543766425,0.8817216424333439,-0.9065714146983955,-1.2448467036897353,0.3145278355313812,-0.6521385410756733,0.33464378685650537,0.6675663522397756,0.6264416041877154,0.681977425633379
6594,1.5022151080009063,0.8817216424333439,1.1952052836879563,0.8240677136308887,-0.8023163789626999,-0.2046050914713833,0.7636933538755778,1.4698839099652807,1.5282700584973534,1.362160554066476
6595,-0.1855242129378305,0.8817216424333439,-1.4320155892949833,0.410284830166764,-0.10428874490389983,-0.6521385410756733,0.1887584338309515,-0.0010316125314793153,0.031059712022128826,0.0017942972002833347
6596,-0.33320140351996985,0.8817216424333439,-0.38112724010180754,-0.8310638202256104,-0.6627108521509428,-0.6521385410756733,0.05976730595548,-0.14366584501601382,-0.10903014495800843,-0.1965924485927033
6597,-0.8395231998015908,0.06508561858584352,-0.9065714146983955,-1.2448467036897353,-1.2909357228038618,1.1379952573414867,0.0525952292408224,-0.8568370074386863,-0.8620131262262499,-0.9759689499222927
6598,1.5655053325361088,0.8817216424333439,1.1952052836879563,1.6516334805591384,0.5239361257490193,-0.2046050914713833,0.8073633320937151,1.4520546309047144,1.3706689693946978,1.4755244088053256
6599,-0.20662095444956474,-1.5681864291091574,-1.4320155892949833,0.8240677136308887,-2.337977173892062,0.6904618077371967,0.15427933910641237,0.08811478277135434,0.15363833687975,-0.1540810030656344
6600,-0.5230720771255777,0.8817216424333439,-0.9065714146983955,0.410284830166764,0.035316781907857205,-1.5472054402842532,0.10784678319077724,-0.39327575186394914,-0.4154767071020606,-0.3949791943856899
6601,0.4262812909024616,-0.751550405261657,0.14431693449478036,0.8240677136308887,1.7105831036489814,1.1379952573414867,0.33942517133294375,0.40012716633127293,0.477596131146319,0.6536364619486673
6602,3.0844707213809714,-1.5681864291091574,-0.38112724010180754,-0.8310638202256104,0.9427527061843003,0.2429283581329067,0.7329862402380067,2.2900307467513543,2.1761856470304917,2.3682647648737642
6603,-0.9872003903837303,0.8817216424333439,1.1952052836879563,-0.4172809367614856,0.24472507212550018,-0.6521385410756733,0.0522764702757265,-1.1777640305288881,-1.1334372241252668,-1.1176737683458546
6604,2.5570521835876163,-0.751550405261657,0.6697611090913683,0.8240677136308887,0.5239361257490193,-0.6521385410756733,0.9225415714816979,1.986933002721718,1.9835620936828013,2.056514164341929
6605,-0.5863623016607803,0.8817216424333439,1.1952052836879563,1.2378505970950135,-0.8023163789626999,-0.2046050914713833,0.1268129416139829,-0.4645928681062164,-0.4154767071020606,-0.5225135309668953
6606,2.1773108363764013,0.06508561858584352,0.6697611090913683,0.8240677136308887,0.1051195453137382,-0.2046050914713833,0.7284173617382989,1.942359805070301,1.8522278527639218,1.9006388640760106
6607,-1.050490614918933,0.8817216424333439,0.6697611090913683,-1.2448467036897353,0.1051195453137382,-0.2046050914713833,0.02241938054507783,-1.293654344422572,-1.2472602329216296,-1.24520810492706
6608,0.9747965702075511,0.8817216424333439,1.1952052836879563,-1.2448467036897353,-1.5003440130215,-0.2046050914713833,0.3579663178026882,1.202444724056779,1.1430229518019739,0.951216580638147
6609,-0.6285557846842488,-0.751550405261657,-1.4320155892949833,-0.8310638202256104,-2.477582700703819,0.6904618077371967,0.058332890612548476,-0.437848949515366,-0.4067210910408021,-0.678388831232813
6610,-0.5652655601490462,0.06508561858584352,-0.9065714146983955,0.410284830166764,-0.17409150830978082,0.2429283581329067,0.09865589969717899,-0.4735075076364996,-0.43298793922457746,-0.46583160359747056
6611,-0.20662095444956474,-1.5681864291091574,-1.4320155892949833,0.410284830166764,0.5937388891549003,1.1379952573414867,0.14689475641502417,-0.09909264736459697,-0.07400768071297392,-0.012376184642073167
6612,-0.03784702235569092,-1.5681864291091574,-0.38112724010180754,-0.8310638202256104,0.9427527061843003,-0.6521385410756733,0.12474100834085959,0.09702942230163755,0.12737148869597392,0.22852200667798234
6613,-0.6074590431725145,-1.5681864291091574,-1.4320155892949833,-0.8310638202256104,-1.0117246691803428,-0.6521385410756733,0.058332890612548476,-0.48242214716678283,-0.45049917134709505,-0.5650249764939635
6614,0.4473780324141958,1.6983576662808442,0.14431693449478036,-0.8310638202256104,-1.1513301959920998,3.8231959549672268,0.19109599957498805,0.6319077941186418,0.5914191399426809,0.4552497161556807
6615,0.4473780324141958,0.8817216424333439,1.1952052836879563,-1.2448467036897353,-0.7325136155568189,0.2429283581329067,0.25861977368113476,0.7299688289517587,0.6877309166165253,0.6111250164215991
6616,1.481118366489172,0.06508561858584352,1.7206494582845442,-1.2448467036897353,0.24472507212550018,-0.2046050914713833,0.29410827179514426,1.5055424680864145,1.3356465051496633,1.4471834451206125
6617,1.481118366489172,0.8817216424333439,-1.4320155892949833,-1.2448467036897353,-0.9419219057744619,0.6904618077371967,0.6515964511501886,1.4698839099652807,1.4844919781910597,1.3196491085394073
6618,-1.0293938734071988,-1.5681864291091574,-0.9065714146983955,-1.2448467036897353,0.8031471793725382,-0.2046050914713833,0.030335228178292515,-1.3025689839528563,-1.2385046168603704,-1.1885261775576352
6619,-1.0293938734071988,-1.5681864291091574,1.1952052836879563,-1.2448467036897353,1.0125554695901813,-0.2046050914713833,0.03150401105031079,-1.2758250653620058,-1.282282697166664,-1.1743556957152792
6620,-0.9239101658485277,0.8817216424333439,0.6697611090913683,0.410284830166764,0.1051195453137382,-0.6521385410756733,0.029538330765552782,-1.061873716635204,-1.019614215328905,-1.0184803954493615
6621,0.4262812909024616,-1.5681864291091574,-1.4320155892949833,1.6516334805591384,-0.5231053253391809,2.033062156550067,0.4589066567497211,0.5962492359975082,0.6351972202489738,0.5402726072098178
6622,-1.050490614918933,0.8817216424333439,1.1952052836879563,1.2378505970950135,-0.03448598149801883,-1.0996719906799632,0.05381713860702332,-1.240166507240872,-1.2385046168603704,-1.231037623084704
6623,0.21531387578511957,0.8817216424333439,0.14431693449478036,-1.2448467036897353,-0.31369703512154284,-0.6521385410756733,0.25096955851883335,0.4268710849221234,0.43381805084002606,0.38439730694390006
6624,-0.8395231998015908,-1.5681864291091574,1.1952052836879563,-1.2448467036897353,0.1051195453137382,-1.0996719906799632,0.036232269032566544,-0.9103248446203863,-0.8620131262262499,-0.8626050951834432
6625,0.8693128626488799,0.8817216424333439,-0.38112724010180754,1.6516334805591384,-0.4533025619332999,-0.6521385410756733,0.4935451309568082,0.9974080148602605,1.0116887108830943,0.937046098795791
6626,0.21531387578511957,-1.5681864291091574,1.1952052836879563,0.8240677136308887,-0.31369703512154284,1.5855287069457766,0.23986612123465972,0.3733832477404233,0.45132928296254293,0.3702268251015436
6627,0.8904096041606141,0.8817216424333439,-0.38112724010180754,-0.8310638202256104,-0.5231053253391809,-0.2046050914713833,0.29761462041119907,1.0687251311025279,1.0029330948218358,0.937046098795791
6628,0.06763668520297998,-1.5681864291091574,0.14431693449478036,-1.2448467036897353,0.24472507212550018,0.2429283581329067,0.15991074748977316,0.22183437572560563,0.28497257779862883,0.28520393404740707
6629,0.4473780324141958,0.06508561858584352,-1.4320155892949833,-0.4172809367614856,0.5937388891549003,0.2429283581329067,0.6049513892578229,0.5695053174066579,0.617685988126457,0.6678069437910232
6630,0.5106682569493985,-1.5681864291091574,1.1952052836879563,-0.8310638202256104,-1.0117246691803428,2.033062156550067,0.21696860224193806,0.685395631300342,0.7227533808615598,0.5686135708945302
6631,-0.20662095444956474,0.8817216424333439,-0.38112724010180754,1.6516334805591384,0.035316781907857205,-1.0996719906799632,0.17664559315730755,-0.03669017065261294,0.0047928638383535295,-0.012376184642073167
6632,0.21531387578511957,-0.751550405261657,-1.4320155892949833,-0.8310638202256104,0.24472507212550018,2.4805956061543566,0.19784306433618445,0.3198954105587225,0.33750627416618095,0.3560563432591877
6633,3.8650501573151375,-1.5681864291091574,1.7206494582845442,-0.0034980532973608127,0.38433059893725724,1.5855287069457766,0.5544812197843064,2.70010416514439,2.69276699464475,2.7366972927750246
6634,-1.0082971318954645,-1.5681864291091574,-0.38112724010180754,0.8240677136308887,-1.988963356862662,2.4805956061543566,0.03315093236997291,-1.1331908328774714,-1.1684596883703013,-1.316060514138841
6635,-1.050490614918933,0.8817216424333439,-0.9065714146983955,0.8240677136308887,0.1749223087196192,-0.2046050914713833,0.0382510758115072,-1.3025689839528563,-1.2472602329216296,-1.24520810492706
6636,0.5950552229963354,0.06508561858584352,0.14431693449478036,-0.8310638202256104,-1.081527432586219,0.6904618077371967,0.2384317058917282,0.8191152242545933,0.7577758451065942,0.6394659801063115
6637,0.6372487060198039,0.8817216424333439,1.1952052836879563,-1.2448467036897353,0.1051195453137382,-1.0996719906799632,0.2945864102427881,0.7923713056637428,0.8103095414741465,0.8095117622145858
6638,1.6920857816065142,0.8817216424333439,-0.38112724010180754,-0.8310638202256104,0.24472507212550018,-0.6521385410756733,0.49274823354406844,1.5144571076166977,1.5545369066811288,1.560547299859462
6639,-0.8395231998015908,-0.751550405261657,-0.38112724010180754,-0.8310638202256104,1.4313720500254572,-0.2046050914713833,0.0382510758115072,-0.9192394841506695,-0.932058054716319,-0.777582204129306
6640,-0.05894376386742515,0.8817216424333439,1.1952052836879563,0.410284830166764,-0.03448598149801883,-1.0996719906799632,0.1675609626520746,0.12377334089248797,0.14488272081849157,0.1293286337814887
6641,-0.1855242129378305,0.8817216424333439,1.1952052836879563,0.8240677136308887,-0.5929080887450618,-0.3836184713130987,0.16591404133241247,0.0167976665290871,0.04857094414464647,-0.026546666484429042
6642,-1.050490614918933,0.8817216424333439,1.1952052836879563,0.410284830166764,0.1051195453137382,-0.2046050914713833,0.0522764702757265,-1.3114836234831393,-1.256015848982888,-1.2593785867694165
6643,1.903053196723856,-1.5681864291091574,1.7206494582845442,0.410284830166764,0.8031471793725382,0.2429283581329067,0.5092705732348722,1.6214327819800984,1.6245818351711978,1.7305930819677364
6644,-0.7762329752663882,0.8817216424333439,0.14431693449478036,1.6516334805591384,0.035316781907857205,-0.2046050914713833,0.06210487169951655,-0.8033491702569854,-0.7744569656136641,-0.777582204129306
6645,-0.7762329752663882,-1.5681864291091574,0.14431693449478036,0.8240677136308887,-0.5231053253391809,-0.2046050914713833,0.05610157785687722,-0.7944345307267022,-0.7394345013686295,-0.8059231678140184
6646,-1.0293938734071988,0.8817216424333439,0.14431693449478036,1.2378505970950135,-0.4533025619332999,-0.6521385410756733,0.05179833182808267,-1.2134225886500216,-1.1684596883703013,-1.2168671412423475
6647,0.46847477392593007,-0.751550405261657,-0.38112724010180754,-0.8310638202256104,0.9427527061843003,0.6904618077371967,0.22350316102640386,0.5695053174066579,0.6089303720651978,0.7103183893180921
6648,-0.9872003903837303,0.8817216424333439,1.7206494582845442,0.8240677136308887,0.1051195453137382,-1.4129454054029675,0.024225681347287892,-1.1421054724077544,-1.1071703759414915,-1.1035032865034986
6649,-1.0926840979424013,0.06508561858584352,-0.38112724010180754,1.2378505970950135,-0.17409150830978082,0.2429283581329067,0.03431971524199118,-1.347142181604273,-1.36983885777925,-1.3585719596659094
6650,0.4473780324141958,0.06508561858584352,0.14431693449478036,0.410284830166764,-0.10428874490389983,0.6904618077371967,0.3563193964830261,0.6229931545883579,0.5739079078201633,0.5827840527368867
6651,-1.0293938734071988,0.06508561858584352,-1.4320155892949833,0.8240677136308887,-0.03448598149801883,0.2429283581329067,0.038994846730064286,-1.2758250653620058,-1.2034821526153359,-1.231037623084704
6652,0.6161519645080696,0.8817216424333439,-0.38112724010180754,-1.2448467036897353,0.38433059893725724,-1.0996719906799632,0.27726717313924454,0.7834566661334595,0.7402646129840774,0.8095117622145858
6653,0.46847477392593007,0.06508561858584352,0.14431693449478036,-0.8310638202256104,0.5239361257490193,1.1379952573414867,0.2368910375604314,0.5605906778763746,0.6089303720651978,0.6536364619486673
6654,0.6794421890432724,-1.5681864291091574,-0.38112724010180754,-1.2448467036897353,0.9427527061843003,-0.6521385410756733,0.24826010731551826,0.7923713056637428,0.7490202290453358,0.8945346532687222
6655,-0.8395231998015908,0.8817216424333439,0.14431693449478036,1.6516334805591384,0.4541333623431382,-0.6521385410756733,0.06178611273442065,-0.8835809260295359,-0.888279974410026,-0.8342641314987308
6656,0.4262812909024616,-1.5681864291091574,-1.4320155892949833,-0.8310638202256104,1.0125554695901813,-0.6521385410756733,0.24076927163576475,0.5338467592855243,0.547641059636388,0.6678069437910232
6657,-0.12223398840262782,0.8817216424333439,-0.9065714146983955,-1.2448467036897353,0.035316781907857205,-0.6521385410756733,0.18684588004037614,0.09702942230163755,0.12737148869597392,0.11515815193913284
6658,-0.1644274714260963,0.8817216424333439,0.6697611090913683,0.8240677136308887,0.5239361257490193,-1.0996719906799632,0.13738511395633002,0.007883026998803893,0.03981532808338804,0.08681718825442046
6659,1.1224737607896906,0.06508561858584352,-0.38112724010180754,-1.2448467036897353,-0.4533025619332999,1.5855287069457766,0.3827232640918026,1.1757008054659286,1.1255117196794562,1.0787509172193523
6660,-1.1348775809658698,-1.5681864291091574,0.14431693449478036,-1.2448467036897353,-1.5003440130215,-1.0996719906799632,0.03134463156776284,-1.3828007397254065,-1.3085495453504394,-1.4577653325624031
6661,-0.8817166828250593,0.06508561858584352,-0.9065714146983955,0.410284830166764,-2.058766120268543,1.5855287069457766,0.059342294002018806,-0.8835809260295359,-0.8970355904712844,-1.0751623228187863
6662,0.9326030871840826,-1.5681864291091574,1.7206494582845442,0.8240677136308887,-1.8493578300509,2.033062156550067,0.2883174839292355,1.1846154449962119,1.1430229518019739,0.8945346532687222
6663,-1.1981678055010725,-1.5681864291091574,-1.4320155892949833,1.6516334805591384,1.0823582329960573,-0.6521385410756733,0.036126016044201244,-1.6145813675127747,-1.62375172355575,-1.5144472599318273
6664,1.481118366489172,0.06508561858584352,-1.4320155892949833,-0.8310638202256104,0.4541333623431382,2.033062156550067,0.4819635552249907,1.3896521541927305,1.2918684248433703,1.404671999593545
6665,-1.050490614918933,-1.5681864291091574,-1.4320155892949833,-1.2448467036897353,0.1051195453137382,0.2429283581329067,0.027944535940073314,-1.3025689839528563,-1.2297490007991119,-1.24520810492706
6666,0.7216356720667403,-0.751550405261657,0.6697611090913683,0.8240677136308887,1.0823582329960573,-0.6521385410756733,0.26860755458747276,0.7745420266031756,0.8278207735966633,0.937046098795791
6667,1.8608597137003875,0.8817216424333439,1.1952052836879563,0.410284830166764,0.5239361257490193,-1.5472054402842532,0.8362110184348934,1.6749206191617994,1.6683599154774906,1.7305930819677364
6668,1.5233118495126405,-1.5681864291091574,1.1952052836879563,0.410284830166764,1.1521609964019384,0.2429283581329067,0.6367741592732296,1.4074814332532968,1.3181352730271465,1.5180358543323944
6669,-0.9450069073602619,0.8817216424333439,-1.4320155892949833,0.8240677136308887,0.38433059893725724,-0.6521385410756733,0.05647346331615577,-1.079702995695771,-1.0809035277577155,-1.0326508772917173
6670,0.21531387578511957,1.6983576662808442,0.6697611090913683,-0.0034980532973608127,3.8046660058253816,1.1379952573414867,0.09488391861021091,0.2040050966650384,0.12737148869597392,0.6252954982639549
6671,0.21531387578511957,-1.5681864291091574,-1.4320155892949833,-0.8310638202256104,-0.10428874490389983,0.2429283581329067,0.19736492588854063,0.40012716633127293,0.43381805084002606,0.398567788786256
6672,0.8482161211371456,0.06508561858584352,-1.4320155892949833,-0.8310638202256104,-0.9419219057744619,0.2429283581329067,0.30701800988152794,1.086554410163095,1.0116887108830943,0.9087051351110781
6673,-1.050490614918933,0.8817216424333439,1.1952052836879563,-0.4172809367614856,0.7333444159666572,-0.2046050914713833,0.05078892843861234,-1.2758250653620058,-1.282282697166664,-1.2026966593999917
6674,-0.6074590431725145,0.06508561858584352,0.14431693449478036,1.6516334805591384,0.38433059893725724,0.2429283581329067,0.10375604313871328,-0.5804831819999005,-0.5555665640821986,-0.5225135309668953
6675,-0.5441688186373119,0.06508561858584352,0.14431693449478036,-1.2448467036897353,-0.9419219057744619,0.2429283581329067,0.08261169845401901,-0.39327575186394914,-0.4680104034696119,-0.5225135309668953
6676,0.8482161211371456,0.8817216424333439,1.1952052836879563,1.2378505970950135,0.9427527061843003,-0.6521385410756733,0.5730223662540509,0.8993469800271436,0.845332005719181,0.9937280261652158
6677,-1.0293938734071988,0.06508561858584352,1.1952052836879563,0.8240677136308887,-0.6627108521509428,1.5855287069457766,0.042607448334484405,-1.2312518677105888,-1.2297490007991119,-1.2735490686117723
6678,-1.0293938734071988,-0.751550405261657,-0.9065714146983955,-1.2448467036897353,1.2219637598078192,0.2429283581329067,0.030335228178292515,-1.3025689839528563,-1.256015848982888,-1.1601852138729227
6679,0.23641061729685378,0.8817216424333439,0.14431693449478036,-0.8310638202256104,0.035316781907857205,-0.6521385410756733,0.14439781118843967,0.409041805861557,0.3812843544724739,0.398567788786256
6680,-0.45978185259037524,-1.5681864291091574,0.6697611090913683,1.2378505970950135,0.8729499427784192,-0.2046050914713833,0.08691494448281357,-0.39327575186394914,-0.34543177861199154,-0.2674448578044839
6681,0.4262812909024616,0.06508561858584352,-0.9065714146983955,-1.2448467036897353,-0.31369703512154284,1.5855287069457766,0.31238378579397547,0.7032249103609084,0.5739079078201633,0.5969545345792426
6682,1.5655053325361088,0.06508561858584352,0.6697611090913683,-1.2448467036897353,-0.5929080887450618,0.6904618077371967,0.4387185889603145,1.5055424680864145,1.510758826374836,1.404671999593545
6683,1.5022151080009063,0.06508561858584352,-1.4320155892949833,-1.2448467036897353,-0.17409150830978082,0.2429283581329067,0.6656749721085905,1.425310712313864,1.440713897884767,1.390501517751188
6684,0.46847477392593007,-0.751550405261657,0.14431693449478036,-0.8310638202256104,-1.5003440130215,2.928129055758647,0.1930085533655634,0.7567127475426092,0.7139977648003013,0.5261021253674619
6685,0.9326030871840826,0.06508561858584352,-0.38112724010180754,0.410284830166764,0.7333444159666572,-0.2046050914713833,0.28183605163895237,0.9795787357996941,0.9241325502705084,1.0504099535346405
6686,-1.050490614918933,0.06508561858584352,1.1952052836879563,1.2378505970950135,-0.7325136155568189,0.2429283581329067,0.05381713860702332,-1.2223372281803049,-1.2209933847378536,-1.2735490686117723
6687,-0.4808785941021094,0.8817216424333439,1.1952052836879563,0.8240677136308887,0.38433059893725724,-1.6814654751655391,0.09759336981352601,-0.36653183327309874,-0.3366761625507331,-0.3099563033315528
6688,-0.8817166828250593,0.8817216424333439,1.7206494582845442,-1.2448467036897353,0.035316781907857205,-1.5472054402842532,0.027891409445890667,-0.9370687632112367,-0.9057912065325429,-0.9051165407105121
6689,0.5739584814846012,0.06508561858584352,0.14431693449478036,0.410284830166764,0.4541333623431382,-0.2046050914713833,0.33331562450193913,0.7299688289517587,0.6702196844940084,0.752829834845161
6690,-1.050490614918933,0.8817216424333439,0.6697611090913683,-1.2448467036897353,0.1051195453137382,-0.2046050914713833,0.02241938054507783,-1.2758250653620058,-1.2385046168603704,-1.231037623084704
6691,0.4262812909024616,-1.5681864291091574,-0.38112724010180754,0.410284830166764,-1.5003440130215,0.6904618077371967,0.26446368804122616,0.6586517127094915,0.7052421487390429,0.4835906798403931
6692,0.48957151543766425,0.8817216424333439,1.1952052836879563,-0.8310638202256104,0.7333444159666572,-1.5472054402842532,0.24209743399033098,0.6943102708306251,0.6351972202489738,0.752829834845161
6693,0.23641061729685378,-0.751550405261657,0.6697611090913683,-1.2448467036897353,1.7105831036489814,0.6904618077371967,0.14216649843276843,0.22183437572560563,0.27621696173737037,0.4552497161556807
6694,0.4262812909024616,-0.751550405261657,-0.38112724010180754,-1.2448467036897353,-0.5231053253391809,1.5855287069457766,0.23960048876374648,0.5605906778763746,0.6001747560039394,0.5119316435251055
6695,3.5485990346391247,-1.5681864291091574,-0.38112724010180754,-1.2448467036897353,1.0823582329960573,-0.6521385410756733,0.9505923604101365,2.5574699326598553,2.465120977052026,2.6800153654056
6696,-0.6074590431725145,0.06508561858584352,1.1952052836879563,-1.2448467036897353,0.1749223087196192,0.6904618077371967,0.05594219837432928,-0.5448246238787668,-0.5555665640821986,-0.5225135309668953
6697,0.8060226381136772,0.8817216424333439,0.6697611090913683,-1.2448467036897353,0.24472507212550018,-0.6521385410756733,0.2738139510173724,0.9439201776785605,0.9066213181479907,0.951216580638147
6698,-0.755136233754654,-1.5681864291091574,-1.4320155892949833,1.6516334805591384,-1.5003440130215,0.6904618077371967,0.07103012272220156,-0.6696295773027342,-0.6518783407560429,-0.8059231678140184
6699,-1.050490614918933,-1.5681864291091574,0.14431693449478036,-0.8310638202256104,1.0823582329960573,-1.0996719906799632,0.026882006056420337,-1.2490811467711553,-1.2647714650441464,-1.146014732030567
6700,0.6161519645080696,-1.5681864291091574,0.6697611090913683,-1.2448467036897353,1.0125554695901813,0.6904618077371967,0.2464538065133082,0.7210541894214756,0.6702196844940084,0.8236822440569416
6701,-0.1011372468908936,-1.5681864291091574,-0.38112724010180754,0.8240677136308887,-1.7097523032391428,0.6904618077371967,0.13350687988099666,0.12377334089248797,0.23243888143107744,-0.026546666484429042
6702,-0.6074590431725145,0.8817216424333439,-1.4320155892949833,0.410284830166764,-0.24389427171566183,-1.0996719906799632,0.08829623333156245,-0.4735075076364996,-0.5117884837759049,-0.5083430491245388
6703,-1.0293938734071988,0.06508561858584352,1.1952052836879563,0.410284830166764,-0.17409150830978082,0.6904618077371967,0.03708229293948892,-1.2223372281803049,-1.2385046168603704,-1.231037623084704
6704,-0.5652655601490462,0.8817216424333439,1.1952052836879563,0.8240677136308887,0.3145278355313812,-1.0996719906799632,0.08989002815704192,-0.4913367866970668,-0.4592547874083535,-0.43749063991275816
6705,-0.5652655601490462,0.8817216424333439,1.1952052836879563,0.410284830166764,-0.10428874490389983,-0.6521385410756733,0.08537427615151676,-0.437848949515366,-0.4767660195308704,-0.46583160359747056
6706,-0.6074590431725145,-1.5681864291091574,0.14431693449478036,1.6516334805591384,0.1749223087196192,-0.6521385410756733,0.10843117462678638,-0.562653902939334,-0.5117884837759049,-0.5225135309668953
6707,-0.9450069073602619,0.8817216424333439,-0.9065714146983955,-1.2448467036897353,-0.17409150830978082,-0.6521385410756733,0.041438665462466134,-1.061873716635204,-1.019614215328905,-1.0468213591340738
6708,0.48957151543766425,0.06508561858584352,1.1952052836879563,-0.8310638202256104,-1.2909357228038618,1.1379952573414867,0.23444721882802955,0.738883468482042,0.6702196844940084,0.5261021253674619
6709,0.46847477392593007,0.8817216424333439,1.1952052836879563,0.410284830166764,-0.8023163789626999,-0.6521385410756733,0.3364500876587154,0.738883468482042,0.6877309166165253,0.5969545345792426
6710,-1.050490614918933,-1.5681864291091574,-1.4320155892949833,-1.2448467036897353,0.4541333623431382,0.2429283581329067,0.027944535940073314,-1.3293129025437058,-1.273527081105405,-1.24520810492706
6711,0.6794421890432724,0.8817216424333439,-1.4320155892949833,-0.8310638202256104,-0.5929080887450618,-0.2046050914713833,0.2052807735217553,0.8280298637848764,0.7577758451065942,0.7103183893180921
6712,0.21531387578511957,-1.5681864291091574,0.14431693449478036,-1.2448467036897353,1.0823582329960573,-0.2046050914713833,0.2153748074164586,0.3288100500890057,0.3725287384112155,0.4835906798403931
6713,-0.8395231998015908,0.06508561858584352,1.1952052836879563,-0.4172809367614856,-0.6627108521509428,0.2429283581329067,0.0742177123731605,-0.8568370074386863,-0.8795243583487669,-0.9192870225528679
6714,0.23641061729685378,1.6983576662808442,0.6697611090913683,-0.8310638202256104,2.2690052108960193,0.2429283581329067,0.11310630611485949,0.2842368524375889,0.2499501135535943,0.5402726072098178
6715,1.903053196723856,-0.751550405261657,1.1952052836879563,0.8240677136308887,1.5011748134313383,0.2429283581329067,0.7855814694788291,1.5412010262075482,1.5457812906198702,1.7589340456524494
6716,0.700538930555006,0.8817216424333439,-0.38112724010180754,0.410284830166764,0.1051195453137382,-0.6521385410756733,0.35435371619826805,0.8547737823757269,0.7840426932903704,0.8378527258992975
6717,0.8271193796254115,0.8817216424333439,-0.9065714146983955,-0.8310638202256104,-0.9419219057744619,-1.0996719906799632,0.29240822398129945,1.0508958520419613,1.0116887108830943,0.8945346532687222
6718,-0.5863623016607803,0.8817216424333439,-1.4320155892949833,0.8240677136308887,0.1051195453137382,-1.0996719906799632,0.11183127025447591,-0.5091660657576332,-0.4855216355921296,-0.4800020854398264
6719,2.7258261156814902,-1.5681864291091574,0.14431693449478036,-0.8310638202256104,0.6635416525607812,1.5855287069457766,0.8938001381288849,2.0849940375548357,2.1061407185404226,2.1840485009231343
6720,-0.8184264582898567,0.06508561858584352,-1.4320155892949833,-1.2448467036897353,-1.7097523032391428,1.5855287069457766,0.048026350741114596,-0.7944345307267022,-0.818235045919957,-0.9617984680799367
6721,0.700538930555006,0.8817216424333439,-0.38112724010180754,-0.8310638202256104,0.5239361257490193,-0.2046050914713833,0.2435318493332625,0.8369445033151597,0.8540876217804394,0.9087051351110781
6722,-0.5652655601490462,0.8817216424333439,1.1952052836879563,1.2378505970950135,0.035316781907857205,-0.6521385410756733,0.10651862083621101,-0.4913367866970668,-0.4680104034696119,-0.46583160359747056
6723,0.21531387578511957,0.06508561858584352,0.6697611090913683,0.410284830166764,0.8729499427784192,0.2429283581329067,0.14668225043829358,0.3822978872707065,0.33750627416618095,0.4694201979980372
6724,-0.755136233754654,-0.751550405261657,-0.9065714146983955,0.410284830166764,-0.8023163789626999,2.928129055758647,0.06577059979811932,-0.6785442168330181,-0.7394345013686295,-0.777582204129306
6725,-0.5230720771255777,0.8817216424333439,1.1952052836879563,-1.2448467036897353,-0.6627108521509428,-0.6521385410756733,0.07591776018700526,-0.38436111233366593,-0.3279205464894739,-0.4233201580704017
6726,-0.5019753356138434,0.8817216424333439,-0.38112724010180754,1.2378505970950135,-1.221132959397981,-0.6521385410756733,0.1024810072783297,-0.3219586356216819,-0.2928980822444394,-0.43749063991275816
6727,-0.41758836956690676,0.8817216424333439,-1.4320155892949833,-1.2448467036897353,-0.17409150830978082,-0.6521385410756733,0.09233384688944377,-0.3041293565611155,-0.1965863055705951,-0.2674448578044839
6728,-0.45978185259037524,0.06508561858584352,-1.4320155892949833,0.410284830166764,-1.639949539833262,1.1379952573414867,0.09892153216809223,-0.23281224031884826,-0.2666312340606641,-0.4233201580704017
6729,-0.9872003903837303,0.8817216424333439,-1.4320155892949833,1.2378505970950135,-0.17409150830978082,-0.2046050914713833,0.05588907188014663,-1.124276193347188,-1.1334372241252668,-1.1318442501882104
6730,1.1435705023014249,-1.5681864291091574,1.7206494582845442,0.8240677136308887,-0.03448598149801883,0.6904618077371967,0.3313499442171811,1.1578715264053623,1.2305791124145598,1.177944290115846
6731,0.48957151543766425,0.8817216424333439,-0.9065714146983955,-1.2448467036897353,0.4541333623431382,-0.2046050914713833,0.30032407161451413,0.6586517127094915,0.617685988126457,0.6961479074757362
6732,-0.5441688186373119,0.8817216424333439,0.6697611090913683,-1.2448467036897353,0.1749223087196192,-1.0996719906799632,0.056154704351059875,-0.4645928681062164,-0.424232323163319,-0.4233201580704017
6733,1.7764727476534508,0.06508561858584352,-1.4320155892949833,-0.8310638202256104,0.1051195453137382,1.5855287069457766,0.4693725761037029,1.6125181424498154,1.5545369066811288,1.588888263544175
6734,-1.050490614918933,0.06508561858584352,1.7206494582845442,0.8240677136308887,0.5937388891549003,0.2429283581329067,0.026882006056420337,-1.2669104258317225,-1.273527081105405,-1.2026966593999917
6735,2.6836326326580218,0.06508561858584352,1.7206494582845442,0.410284830166764,-0.17409150830978082,0.6904618077371967,0.7265048079477235,2.165225793327386,2.158674414907973,2.113196091711354
6736,0.5528617399728669,0.06508561858584352,0.14431693449478036,-0.8310638202256104,0.5937388891549003,0.6904618077371967,0.2035275992137279,0.6586517127094915,0.6789753005552669,0.7386593530028038
6737,0.8060226381136772,0.06508561858584352,1.1952052836879563,1.6516334805591384,-1.430541249615619,0.2429283581329067,0.5066673750199224,1.0776397706328118,1.0204443269443535,0.8378527258992975
6738,-0.7129427507311856,-1.5681864291091574,-0.38112724010180754,1.2378505970950135,0.1749223087196192,-0.6521385410756733,0.08351484885512404,-0.6874588563633014,-0.6606339568173013,-0.6642183493904572
6739,0.8693128626488799,0.06508561858584352,-0.9065714146983955,0.8240677136308887,-1.081527432586219,0.6904618077371967,0.5356744408436487,1.0330665729813941,0.985421862699319,0.8520232077416533
6740,-1.0082971318954645,-1.5681864291091574,1.1952052836879563,1.6516334805591384,-0.17409150830978082,-1.5472054402842532,0.03570100409074005,-1.1866786700591714,-1.1509484562477845,-1.1743556957152792
6741,-1.1770710639893383,-1.5681864291091574,-1.4320155892949833,1.6516334805591384,-1.430541249615619,1.1379952573414867,0.02576634967858471,-1.4719471350282403,-1.4311281702080605,-1.556958705458896
6742,1.67098904009478,-1.5681864291091574,0.6697611090913683,0.8240677136308887,-0.38349979852741883,0.15342166821204742,0.5853477129044254,1.5768595843286817,1.5632925227423873,1.5038653724900373
6743,0.9326030871840826,0.06508561858584352,1.7206494582845442,0.410284830166764,0.035316781907857205,0.06391497829119133,0.2797109918716464,0.9884933753299773,1.0029330948218358,0.9937280261652158
6744,1.5022151080009063,-1.5681864291091574,-0.9065714146983955,-0.8310638202256104,1.0125554695901813,0.6904618077371967,0.42049620145566596,1.3539935960715968,1.2656015766595943,1.4471834451206125
6745,-0.8817166828250593,-1.5681864291091574,-0.9065714146983955,0.410284830166764,-0.17409150830978082,2.033062156550067,0.04627317643308718,-1.0083858794535039,-0.9670805189613535,-0.9901394317646491
6746,2.5570521835876163,0.06508561858584352,0.6697611090913683,0.410284830166764,0.7333444159666572,0.2429283581329067,0.8913563193964831,2.031506200373135,1.93102839731525,2.0848551280266405
6747,-1.0926840979424013,-1.5681864291091574,1.1952052836879563,0.410284830166764,-0.31369703512154284,-0.2046050914713833,0.02613823513786325,-1.3560568211345563,-1.3085495453504394,-1.3444014778235536
6748,-0.7973297167781225,0.8817216424333439,1.1952052836879563,-1.2448467036897353,0.5239361257490193,-0.6521385410756733,0.050204537002603196,-0.8033491702569854,-0.818235045919957,-0.7492412404445943
6749,-1.0293938734071988,0.8817216424333439,-1.4320155892949833,0.410284830166764,-0.24389427171566183,-1.5472054402842532,0.04632630292726983,-1.1866786700591714,-1.2297490007991119,-1.2168671412423475
6750,-0.24881443747303295,-0.751550405261657,0.14431693449478036,-1.2448467036897353,-0.38349979852741883,1.5855287069457766,0.10221537480741646,-0.1258365659554474,-0.09151891283549156,-0.1540810030656344
6751,-0.6074590431725145,0.8817216424333439,0.14431693449478036,1.6516334805591384,0.5937388891549003,-0.2046050914713833,0.11119375232428412,-0.562653902939334,-0.5292997158984225,-0.4800020854398264
6752,-1.050490614918933,-0.751550405261657,-1.4320155892949833,1.2378505970950135,-2.756793754327343,1.1379952573414867,0.0405355150613611,-1.1421054724077544,-1.0984147598802323,-1.3585719596659094
6753,-0.9872003903837303,0.8817216424333439,1.1952052836879563,1.2378505970950135,-0.10428874490389983,-1.0996719906799632,0.044520002125059764,-1.1331908328774714,-1.1071703759414915,-1.1176737683458546
6754,0.4473780324141958,-1.5681864291091574,0.14431693449478036,0.8240677136308887,1.3615692866195812,-0.6521385410756733,0.3719385857727249,0.4803589221038234,0.521374211452612,0.6678069437910232
6755,-1.050490614918933,0.8817216424333439,-1.4320155892949833,0.410284830166764,-0.24389427171566183,-0.6521385410756733,0.03299155288742496,-1.2490811467711553,-1.2034821526153359,-1.231037623084704
6756,0.21531387578511957,-1.5681864291091574,-0.9065714146983955,-1.2448467036897353,0.035316781907857205,0.6904618077371967,0.22796578653774638,0.3555539686798561,0.3725287384112155,0.3702268251015436
6757,-0.8606199413133251,0.8817216424333439,0.14431693449478036,0.8240677136308887,-0.5929080887450618,-0.6521385410756733,0.04749508579928811,-0.9370687632112367,-0.8620131262262499,-0.9476279862375803
6758,-0.6074590431725145,0.8817216424333439,1.1952052836879563,-1.2448467036897353,0.8729499427784192,-1.9947388898885432,0.06970196036763535,-0.5359099843484837,-0.5555665640821986,-0.451661121755114
6759,1.5022151080009063,-1.5681864291091574,1.1952052836879563,0.410284830166764,1.2219637598078192,-0.2046050914713833,0.6838442331190565,1.3361643170110304,1.2743571927208535,1.4755244088053256
6760,-1.0293938734071988,-0.751550405261657,1.1952052836879563,0.410284830166764,1.2917665232137003,-0.6521385410756733,0.03708229293948892,-1.2847397048922888,-1.2910383132279224,-1.1601852138729227
6761,1.5233118495126405,0.06508561858584352,1.1952052836879563,-1.2448467036897353,-0.10428874490389983,-0.2046050914713833,0.5287148701057217,1.4877131890258481,1.3969358175784738,1.4188424814359009
6762,0.32079758334379044,0.06508561858584352,-1.4320155892949833,-0.8310638202256104,-0.7325136155568189,0.6904618077371967,0.2200499389045317,0.5071028406946738,0.547641059636388,0.4269087524709683
6763,-1.0293938734071988,0.8817216424333439,-0.38112724010180754,-0.4172809367614856,-1.221132959397981,-0.2046050914713833,0.05557031291505073,-1.1777640305288881,-1.1772153044315605,-1.2735490686117723
6764,-1.050490614918933,0.06508561858584352,-1.4320155892949833,-1.2448467036897353,0.38433059893725724,0.2429283581329067,0.035860383573287996,-1.2579957863014386,-1.2647714650441464,-1.2168671412423475
6765,1.2490542098600954,0.8817216424333439,-0.38112724010180754,1.6516334805591384,-0.38349979852741883,-1.5472054402842532,0.49397014291026936,1.3361643170110304,1.3268908890884048,1.2629671811699825
6766,1.9452466797473245,-0.751550405261657,0.14431693449478036,-1.2448467036897353,1.7803858670548574,1.1379952573414867,0.7236891037560431,1.6303474215103817,1.5632925227423873,1.8581274185489418
6767,0.4473780324141958,-0.751550405261657,-1.4320155892949833,0.8240677136308887,1.1521609964019384,0.2429283581329067,0.3843170589172821,0.5605906778763746,0.5651522917589049,0.7103183893180921
6768,-0.1855242129378305,0.06508561858584352,-1.4320155892949833,0.410284830166764,0.6635416525607812,0.2429283581329067,0.1474791478510333,0.007883026998803893,-0.04774083252919862,0.058476224569708087
6769,-0.20662095444956474,-1.5681864291091574,1.1952052836879563,1.6516334805591384,-1.221132959397981,1.1379952573414867,0.17186420868086916,0.04354158511993751,0.10110464051219785,-0.0690581120114973
6770,-0.6285557846842488,0.8817216424333439,-1.4320155892949833,1.6516334805591384,0.4541333623431382,-1.5472054402842532,0.12463475535249428,-0.5537392634090501,-0.564322180143457,-0.5083430491245388
6771,0.4473780324141958,0.06508561858584352,-0.9065714146983955,-0.8310638202256104,0.035316781907857205,1.1379952573414867,0.2482069808213356,0.6051638755277915,0.5563966756976465,0.5827840527368867
6772,0.5528617399728669,0.06508561858584352,-0.38112724010180754,-1.2448467036897353,-0.5231053253391809,1.1379952573414867,0.29012378473144557,0.7656273870728924,0.7227533808615598,0.6678069437910232
6773,0.8482161211371456,-1.5681864291091574,1.7206494582845442,0.410284830166764,0.5239361257490193,-0.2046050914713833,0.2438506082983584,0.8815177009665764,0.9241325502705084,0.9653870624805029
6774,-0.45978185259037524,-1.5681864291091574,0.14431693449478036,0.410284830166764,-0.7325136155568189,2.4805956061543566,0.10168410986558997,-0.3041293565611155,-0.3279205464894739,-0.3949791943856899
6775,0.8904096041606141,0.8817216424333439,1.1952052836879563,0.410284830166764,-0.24389427171566183,-0.6521385410756733,0.4363278967220953,1.0241519334511109,1.0204443269443535,0.97955754432286
6776,-0.2699111789847672,-1.5681864291091574,0.14431693449478036,0.410284830166764,-1.639949539833262,0.9142285325393417,0.12266907506773628,-0.02777553112232973,0.022304095960870397,-0.1965924485927033
6777,1.9663434212590587,0.8817216424333439,0.6697611090913683,0.8240677136308887,-0.24389427171566183,-0.2046050914713833,0.7039260479200977,1.7551523749343498,1.67711553153875,1.6597406727559558
6778,-1.0293938734071988,0.06508561858584352,-0.38112724010180754,0.8240677136308887,0.7333444159666572,0.2429283581329067,0.03708229293948892,-1.2669104258317225,-1.2647714650441464,-1.1885261775576352
6779,-0.7762329752663882,0.8817216424333439,0.6697611090913683,0.8240677136308887,0.3145278355313812,-1.9947388898885432,0.04191680391010997,-0.776605251666135,-0.7219232692461119,-0.7067297949175254
6780,0.5950552229963354,0.06508561858584352,-0.9065714146983955,0.410284830166764,-0.38349979852741883,1.1379952573414867,0.41566169048504487,0.801285945194026,0.7665314611678535,0.7244888711604479
6781,-1.1137808394541355,0.8817216424333439,1.1952052836879563,0.8240677136308887,0.38433059893725724,-1.9947388898885432,0.027997662434255964,-1.400630018785973,-1.3523276256567323,-1.330230995981197
6782,-1.0293938734071988,0.8817216424333439,-0.38112724010180754,-1.2448467036897353,-0.17409150830978082,-1.0996719906799632,0.024650693300749083,-1.1955933095894553,-1.1509484562477845,-1.1743556957152792
6783,0.4473780324141958,-1.5681864291091574,-1.4320155892949833,-1.2448467036897353,1.0823582329960573,0.2429283581329067,0.2697232109653084,0.5873345964672243,0.5563966756976465,0.7103183893180921
6784,-0.1855242129378305,-1.5681864291091574,0.14431693449478036,0.410284830166764,0.9427527061843003,0.2429283581329067,0.13749136694469533,-0.07234872877374655,-0.03022960040668098,0.058476224569708087
6785,-0.20662095444956474,0.8817216424333439,0.14431693449478036,-1.2448467036897353,0.3145278355313812,-0.2046050914713833,0.11847208202730702,-0.054519449713180144,0.0047928638383535295,0.015964779042639207
6786,1.1224737607896906,0.8817216424333439,0.6697611090913683,0.410284830166764,0.5239361257490193,-1.5472054402842532,0.3817669871965149,1.1489568868750781,1.1517785678632324,1.2204557356429149
6787,0.10983016822644844,0.8817216424333439,-0.38112724010180754,-0.8310638202256104,0.5239361257490193,-0.2046050914713833,0.1505073580194443,0.25749293384673844,0.293728193859888,0.3418858614168312
6788,-0.08004050537915937,0.8817216424333439,-1.4320155892949833,0.410284830166764,0.24472507212550018,-0.6521385410756733,0.18227700154066834,0.08811478277135434,0.11861587263471549,0.1293286337814887
6789,-0.9661036488719961,0.8817216424333439,1.1952052836879563,-0.4172809367614856,-0.10428874490389983,-0.6521385410756733,0.053870265101205975,-1.115361553816904,-1.072147911696457,-1.0893328046611421
6790,-0.5652655601490462,0.8817216424333439,-0.9065714146983955,-0.8310638202256104,-0.24389427171566183,-0.6521385410756733,0.06980821335600064,-0.4556782285759332,-0.43298793922457746,-0.46583160359747056
6791,0.8482161211371456,0.06508561858584352,-0.38112724010180754,-0.8310638202256104,-1.360738486209743,0.2429283581329067,0.21420602454444032,1.0598104915722446,0.9591550145155429,0.8095117622145858
6792,0.5106682569493985,0.8817216424333439,0.14431693449478036,-0.8310638202256104,0.3145278355313812,-0.6521385410756733,0.25484779259416673,0.6408224336489251,0.6527084523714916,0.681977425633379
6793,0.9326030871840826,-0.751550405261657,-0.38112724010180754,-1.2448467036897353,0.1749223087196192,3.3756625053629365,0.27338893906391115,1.0241519334511109,0.9679106305768014,1.0078985080075717
6794,0.8693128626488799,0.06508561858584352,-0.38112724010180754,0.410284830166764,-1.7097523032391428,1.1379952573414867,0.37050417042979333,1.1222129682842286,1.0467111751281288,0.8378527258992975
6795,1.5655053325361088,-1.5681864291091574,-0.9065714146983955,-1.2448467036897353,0.8729499427784192,0.6904618077371967,0.7010572172342348,1.4074814332532968,1.4144470497009907,1.5322063361747504
6796,0.5106682569493985,-1.5681864291091574,0.14431693449478036,-0.4172809367614856,-1.360738486209743,-0.6521385410756733,0.5586250863305531,0.8102005847243092,0.8540876217804394,0.6394659801063115
6797,0.4262812909024616,-1.5681864291091574,-0.9065714146983955,-0.8310638202256104,-1.639949539833262,1.1379952573414867,0.2413536630717739,0.6675663522397756,0.7227533808615598,0.4694201979980372
6798,-0.8395231998015908,-0.751550405261657,-1.4320155892949833,1.6516334805591384,-2.826596517733219,2.033062156550067,0.052117090793178555,-0.8122638097872686,-0.7481901174298881,-1.0468213591340738
6799,-0.9028134243367935,0.06508561858584352,1.1952052836879563,0.410284830166764,-1.7097523032391428,1.1379952573414867,0.04425436965414652,-0.9103248446203863,-0.932058054716319,-1.0751623228187863
6800,0.4262812909024616,-0.751550405261657,-0.38112724010180754,-0.8310638202256104,0.1749223087196192,2.928129055758647,0.16957976943101524,0.6229931545883579,0.48635174720757746,0.5686135708945302
6801,2.599245666611085,0.06508561858584352,1.7206494582845442,-0.8310638202256104,-0.10428874490389983,0.2429283581329067,0.6577059979811932,2.1563111537971027,2.0886294864179042,2.0848551280266405
6802,-0.7973297167781225,0.8817216424333439,-1.4320155892949833,-1.2448467036897353,-0.31369703512154284,-0.2046050914713833,0.041066780003187586,-0.8390077283781191,-0.8094794298586986,-0.8484346133410873
6803,-0.7129427507311856,-0.751550405261657,-1.4320155892949833,-1.2448467036897353,0.6635416525607812,0.2429283581329067,0.05137331987462147,-0.7676906121358518,-0.7131676531848535,-0.6642183493904572
6804,0.9326030871840826,0.8817216424333439,1.1952052836879563,1.2378505970950135,0.24472507212550018,-0.6521385410756733,0.6111140625830102,1.0063226543905446,1.029199943005612,1.0504099535346405
6805,-0.5441688186373119,-1.5681864291091574,1.1952052836879563,-1.2448467036897353,0.7333444159666572,0.6904618077371967,0.07395207990224725,-0.5269953448182004,-0.4855216355921296,-0.4233201580704017
6806,-0.9872003903837303,0.06508561858584352,1.1952052836879563,0.8240677136308887,0.3145278355313812,0.2429283581329067,0.03538224512564416,-1.1955933095894553,-1.1509484562477845,-1.1318442501882104
6807,-0.8184264582898567,-1.5681864291091574,1.7206494582845442,1.6516334805591384,0.9427527061843003,1.1379952573414867,0.04005737661371726,-0.9459834027415199,-0.8970355904712844,-0.8200936496563749
6808,-1.0926840979424013,-1.5681864291091574,-1.4320155892949833,0.8240677136308887,-1.081527432586219,0.2429283581329067,0.025872602666950007,-1.338227542073989,-1.282282697166664,-1.3869129233506219
6809,1.9241499382355902,-1.5681864291091574,0.6697611090913683,0.410284830166764,0.7333444159666572,0.6904618077371967,0.6295489560643893,1.5946888633892482,1.6158262191099393,1.7022521182830246
6810,-0.20662095444956474,0.06508561858584352,-0.9065714146983955,-0.8310638202256104,0.7333444159666572,1.5855287069457766,0.12474100834085959,-0.10800728689488018,-0.14405260920304294,-0.040717148326785545
6811,-0.9661036488719961,0.8817216424333439,0.6697611090913683,-1.2448467036897353,0.38433059893725724,-1.0996719906799632,0.02438506082983584,-1.1688493909986049,-1.1071703759414915,-1.0893328046611421
6812,-0.41758836956690676,0.8817216424333439,-1.4320155892949833,0.410284830166764,0.035316781907857205,-0.6521385410756733,0.10078095946448494,-0.2863000775005483,-0.24036438587688802,-0.25327437596212804
6813,-0.1644274714260963,-1.5681864291091574,0.14431693449478036,-1.2448467036897353,1.1521609964019384,0.2429283581329067,0.14184773946767254,-0.03669017065261294,-0.06525206465171549,0.08681718825442046
6814,-0.4808785941021094,0.8817216424333439,-0.38112724010180754,-0.4172809367614856,-0.5231053253391809,-0.2046050914713833,0.11740955214365403,-0.3397879146822491,-0.31040931436695707,-0.3808087125433334
6815,0.4473780324141958,-0.751550405261657,0.14431693449478036,0.410284830166764,-0.6627108521509428,1.5855287069457766,0.3331562450193912,0.6140785150580746,0.6264416041877154,0.5261021253674619
6816,-1.050490614918933,0.06508561858584352,1.1952052836879563,-1.2448467036897353,-1.1513301959920998,2.033062156550067,0.030494607660840462,-1.2134225886500216,-1.212237768676595,-1.3018900322964846
6817,0.004346460667777534,-1.5681864291091574,1.1952052836879563,-0.8310638202256104,0.8729499427784192,-1.0996719906799632,0.1389789087818095,0.1683465385439048,0.1886608011247845,0.28520393404740707
6818,-1.155974322477604,0.8817216424333439,0.14431693449478036,1.2378505970950135,-0.31369703512154284,0.2429283581329067,0.04340434574722414,-1.507605693149374,-1.4486394023305773,-1.4861062962471148
6819,-0.9450069073602619,0.8817216424333439,1.1952052836879563,1.6516334805591384,0.1051195453137382,-0.2046050914713833,0.03591351006747065,-1.106446914286621,-1.0633922956351987,-1.0609918409764298
6820,-0.1855242129378305,0.06508561858584352,-1.4320155892949833,-1.2448467036897353,-0.03448598149801883,1.5855287069457766,0.13966955320618393,0.025712306059370308,0.0047928638383535295,0.015964779042639207
6821,2.2616978024233383,0.8817216424333439,1.7206494582845442,-1.2448467036897353,0.38433059893725724,-0.2046050914713833,0.5288742495882697,1.8621280492977508,1.8784947009476978,1.9148093459183664
6822,1.5022151080009063,-1.5681864291091574,0.6697611090913683,0.8240677136308887,0.035316781907857205,2.4805956061543566,0.5121394039207353,1.4342253518441472,1.353157737272181,1.390501517751188
6823,1.9663434212590587,0.06508561858584352,-0.38112724010180754,-1.2448467036897353,0.4541333623431382,0.2429283581329067,0.6417149232322159,1.701664537752649,1.6420930672937155,1.7305930819677364
6824,1.6076988155595773,0.8817216424333439,1.7206494582845442,0.8240677136308887,0.1051195453137382,-1.0996719906799632,0.49960155129363015,1.5233717471469816,1.510758826374836,1.5180358543323944
6825,-0.20662095444956474,0.8817216424333439,-1.4320155892949833,-1.2448467036897353,-0.10428874490389983,-0.6521385410756733,0.1769112256282208,-0.02777553112232973,-0.012718368284164113,-0.026546666484429042
6826,1.0380867947427537,0.06508561858584352,0.14431693449478036,0.8240677136308887,-0.5929080887450618,0.2429283581329067,0.5594219837432928,1.140042247344795,1.0817336393731634,1.0220689898499276
6827,-0.8817166828250593,0.8817216424333439,-0.9065714146983955,0.8240677136308887,0.1749223087196192,-1.0996719906799632,0.06056420336821973,-0.9370687632112367,-0.9583249029000951,-0.9192870225528679
6828,-1.155974322477604,0.8817216424333439,-0.38112724010180754,1.2378505970950135,0.5239361257490193,-0.6521385410756733,0.023906922382192,-1.516520332679657,-1.466150634453095,-1.4294243688776906
6829,0.9958933117192852,0.06508561858584352,1.1952052836879563,-1.2448467036897353,-0.24389427171566183,0.6904618077371967,0.37215109174945543,1.0776397706328118,1.0904892554344225,1.0362394716922834
6830,-0.7973297167781225,0.8817216424333439,-1.4320155892949833,1.2378505970950135,0.035316781907857205,-0.6521385410756733,0.06247675715879509,-0.8211784493175527,-0.791968197736181,-0.7917526859716626
6831,-0.5652655601490462,0.8817216424333439,1.1952052836879563,0.8240677136308887,-0.17409150830978082,-0.2046050914713833,0.09514955108112416,-0.4645928681062164,-0.44174355528583586,-0.46583160359747056
6832,0.4473780324141958,-0.751550405261657,-0.9065714146983955,1.6516334805591384,1.3615692866195812,-0.2046050914713833,0.475110237475429,0.4981882011643906,0.547641059636388,0.6961479074757362
6833,-0.8606199413133251,0.8817216424333439,0.6697611090913683,-1.2448467036897353,0.4541333623431382,-1.5472054402842532,0.028369547893534505,-0.9459834027415199,-0.9145468225938014,-0.8767755770257997
6834,0.8482161211371456,0.8817216424333439,1.1952052836879563,0.410284830166764,0.7333444159666572,-1.5472054402842532,0.4470063220528077,0.9082616195574269,0.9241325502705084,1.0078985080075717
6835,-0.438685111078641,-1.5681864291091574,-0.9065714146983955,-1.2448467036897353,0.8031471793725382,0.2429283581329067,0.08611804707007385,-0.3754464728033827,-0.34543177861199154,-0.2674448578044839
6836,0.4473780324141958,0.8817216424333439,0.14431693449478036,1.6516334805591384,-0.5231053253391809,-0.2046050914713833,0.4532752483663603,0.6497370731792083,0.6877309166165253,0.5969545345792426
6837,0.4262812909024616,-1.5681864291091574,-1.4320155892949833,-0.8310638202256104,0.4541333623431382,-0.2046050914713833,0.24544440312383786,0.5338467592855243,0.5826635238814225,0.6111250164215991
6838,-0.5652655601490462,0.06508561858584352,1.1952052836879563,-0.8310638202256104,-0.6627108521509428,0.2429283581329067,0.06231737767624714,-0.4645928681062164,-0.4767660195308704,-0.5366840128092512
6839,-0.5441688186373119,0.06508561858584352,-0.38112724010180754,1.2378505970950135,0.1749223087196192,-0.2046050914713833,0.10327790469106944,-0.4289343099850828,-0.4680104034696119,-0.4233201580704017
6840,-0.8395231998015908,0.06508561858584352,-0.9065714146983955,0.8240677136308887,-1.779555066645019,0.6904618077371967,0.06375179301917866,-0.8211784493175527,-0.8269906619812155,-0.9901394317646491
6841,0.5106682569493985,0.06508561858584352,-0.9065714146983955,0.8240677136308887,-0.6627108521509428,0.2429283581329067,0.3740636455400308,0.7121395498911923,0.6702196844940084,0.5969545345792426
6842,-0.2910079204965014,0.8817216424333439,-0.9065714146983955,0.410284830166764,0.035316781907857205,-0.6521385410756733,0.10524358497582745,-0.11692192642516418,-0.14405260920304294,-0.12574003938092204
6843,4.6456295932493035,0.06508561858584352,0.6697611090913683,-0.8310638202256104,-0.7325136155568189,0.6904618077371967,0.9015566062795516,3.181494699779694,2.9817023246662844,2.920913556725655
6844,-0.9661036488719961,0.8817216424333439,-0.9065714146983955,0.410284830166764,0.4541333623431382,-1.9947388898885432,0.04276682781703235,-1.106446914286621,-1.0633922956351987,-1.0326508772917173
6845,0.21531387578511957,-1.5681864291091574,1.7206494582845442,0.8240677136308887,0.4541333623431382,0.2429283581329067,0.1815863571162939,0.3733832477404233,0.39879558659499154,0.44107923431332485
6846,0.21531387578511957,-1.5681864291091574,1.7206494582845442,-0.8310638202256104,0.8031471793725382,-1.0996719906799632,0.13185995856133453,0.3555539686798561,0.3812843544724739,0.4694201979980372
6847,-0.20662095444956474,0.06508561858584352,-1.4320155892949833,-0.8310638202256104,0.035316781907857205,0.6904618077371967,0.11470010094033894,-0.03669017065261294,0.022304095960870397,0.0017942972002833347
6848,1.7553760061417165,-0.751550405261657,0.6697611090913683,-1.2448467036897353,1.3615692866195812,0.2429283581329067,0.5076767784093927,1.4877131890258481,1.5282700584973534,1.7022521182830246
6849,3.6751794837095297,-1.5681864291091574,0.6697611090913683,-0.8310638202256104,0.4541333623431382,1.1379952573414867,0.9560643893109494,2.539640653599289,2.622722066154681,2.637503919878532
6850,0.21531387578511957,0.06508561858584352,0.6697611090913683,0.410284830166764,-2.337977173892062,2.033062156550067,0.17404239494235776,0.5516760383460907,0.48635174720757746,0.21435152483562583
6851,1.059183536254488,-1.5681864291091574,-1.4320155892949833,-1.2448467036897353,-1.8493578300509,1.1379952573414867,0.42304627317643306,1.2381032821779128,1.2568459605983358,0.9653870624805029
6852,-0.20662095444956474,0.06508561858584352,0.14431693449478036,-1.2448467036897353,-0.10428874490389983,-1.0996719906799632,0.12474100834085959,-0.02777553112232973,-0.06525206465171549,-0.054887630169141416
6853,0.48957151543766425,0.8817216424333439,-1.4320155892949833,-1.2448467036897353,0.3145278355313812,-0.2046050914713833,0.28316421399351854,0.6675663522397756,0.6001747560039394,0.6678069437910232
6854,1.481118366489172,-0.751550405261657,1.1952052836879563,-0.8310638202256104,1.7803858670548574,-0.2046050914713833,0.4351059873558944,1.3896521541927305,1.283112808782112,1.588888263544175
6855,-1.0293938734071988,0.06508561858584352,0.14431693449478036,0.410284830166764,-0.7325136155568189,1.5855287069457766,0.039791744142804016,-1.1866786700591714,-1.2034821526153359,-1.24520810492706
6856,-0.7340394922429198,0.06508561858584352,-0.9065714146983955,0.8240677136308887,-0.8023163789626999,0.6904618077371967,0.0721457791000372,-0.6696295773027342,-0.678145188939819,-0.7492412404445943
6857,-0.9872003903837303,0.06508561858584352,0.6697611090913683,1.6516334805591384,-0.24389427171566183,0.2429283581329067,0.030760240131753706,-1.1421054724077544,-1.0984147598802323,-1.1318442501882104
6858,-0.8395231998015908,-0.751550405261657,-1.4320155892949833,-0.8310638202256104,0.9427527061843003,-0.2046050914713833,0.03304467938160761,-0.9192394841506695,-0.888279974410026,-0.8059231678140184
6859,0.48957151543766425,0.8817216424333439,0.6697611090913683,0.8240677136308887,0.4541333623431382,-0.2046050914713833,0.22307814907294268,0.6675663522397756,0.5826635238814225,0.681977425633379
6860,-0.8184264582898567,0.8817216424333439,-0.38112724010180754,1.2378505970950135,-0.17409150830978082,-1.0996719906799632,0.05371088561865803,-0.8211784493175527,-0.8269906619812155,-0.8342641314987308
6861,0.4473780324141958,-0.751550405261657,1.1952052836879563,-0.8310638202256104,0.4541333623431382,1.1379952573414867,0.22047495085799287,0.524932119755241,0.5651522917589049,0.5969545345792426
6862,-1.0293938734071988,0.8817216424333439,0.14431693449478036,0.8240677136308887,0.4541333623431382,-1.0996719906799632,0.039526111671890775,-1.2134225886500216,-1.212237768676595,-1.1601852138729227
6863,-0.1855242129378305,0.8817216424333439,0.14431693449478036,0.8240677136308887,0.1749223087196192,-0.2046050914713833,0.1628858311640015,-0.02777553112232973,0.013548479899611962,0.015964779042639207
6864,-0.03784702235569092,-1.5681864291091574,-1.4320155892949833,0.410284830166764,-0.03448598149801883,0.2429283581329067,0.1771237316049514,0.15051725948333838,0.17114956900226685,0.15766959746620107
6865,-1.0293938734071988,0.06508561858584352,0.14431693449478036,0.410284830166764,0.8031471793725382,0.6904618077371967,0.042607448334484405,-1.2579957863014386,-1.282282697166664,-1.1885261775576352
6866,0.21531387578511957,0.8817216424333439,0.6697611090913683,0.8240677136308887,-0.31369703512154284,-1.0996719906799632,0.2174467406895819,0.4268710849221234,0.45132928296254293,0.398567788786256
6867,-0.5441688186373119,0.8817216424333439,-0.9065714146983955,0.410284830166764,-0.4533025619332999,-0.2046050914713833,0.10588110290601924,-0.4289343099850828,-0.45049917134709505,-0.4800020854398264
6868,0.02544320217951176,-1.5681864291091574,0.14431693449478036,-0.8310638202256104,1.0125554695901813,0.2429283581329067,0.1510386229612708,0.1594318990136216,0.16239395294100842,0.28520393404740707
6869,1.7131825231182485,-1.5681864291091574,-1.4320155892949833,-0.8310638202256104,0.5937388891549003,1.1379952573414867,0.546831004622005,1.478798549495564,1.537025674558612,1.588888263544175
6870,-0.8395231998015908,-0.751550405261657,-1.4320155892949833,-1.2448467036897353,1.3615692866195812,-0.6521385410756733,0.036497901503479785,-0.9548980422718031,-0.9145468225938014,-0.7917526859716626
6871,-1.1981678055010725,-1.5681864291091574,-0.9065714146983955,1.6516334805591384,0.3145278355313812,0.2429283581329067,0.02815704191680391,-1.596752088452208,-1.5449511790044221,-1.5286177417741837
6872,1.5022151080009063,0.06508561858584352,-1.4320155892949833,0.410284830166764,-0.7325136155568189,1.1379952573414867,0.7814376029325825,1.4609692704349977,1.510758826374836,1.362160554066476
6873,0.6583454475315381,0.06508561858584352,-1.4320155892949833,-0.8310638202256104,-0.10428874490389983,1.5855287069457766,0.2219093662009244,0.8280298637848764,0.7665314611678535,0.7811707985298727
6874,1.5022151080009063,0.8817216424333439,1.1952052836879563,1.6516334805591384,-0.8721191423685809,-0.6521385410756733,0.8129947404770759,1.532286386677265,1.4757363621298014,1.362160554066476
6875,2.7680195987049587,0.06508561858584352,1.7206494582845442,-0.8310638202256104,-0.5231053253391809,0.2429283581329067,0.6608935876321521,2.200884351448519,2.2374749594593006,2.113196091711354
6876,0.46847477392593007,-1.5681864291091574,1.1952052836879563,-1.2448467036897353,-0.6627108521509428,1.1379952573414867,0.2532008712745046,0.685395631300342,0.7139977648003013,0.6111250164215991
6877,0.4473780324141958,0.8817216424333439,-1.4320155892949833,-1.2448467036897353,-0.10428874490389983,0.6904618077371967,0.2969771024810073,0.6229931545883579,0.5826635238814225,0.5827840527368867
6878,0.48957151543766425,0.8817216424333439,0.14431693449478036,1.6516334805591384,0.4541333623431382,-0.8311519209173887,0.4935451309568082,0.6319077941186418,0.66146406843275,0.681977425633379
6879,1.5444085910243748,-1.5681864291091574,1.7206494582845442,0.8240677136308887,0.7333444159666572,0.6904618077371967,0.4280932901237847,1.4074814332532968,1.4056914336397324,1.5038653724900373
6880,0.6794421890432724,0.8817216424333439,0.14431693449478036,1.6516334805591384,-0.24389427171566183,-0.2046050914713833,0.5026297614620411,0.8280298637848764,0.8365763896579225,0.7953412803722286
6881,-0.8395231998015908,0.06508561858584352,0.14431693449478036,1.2378505970950135,-0.4533025619332999,0.6904618077371967,0.06709876215268555,-0.8746662864992527,-0.8357462780424739,-0.8909460588681556
6882,-0.8606199413133251,0.06508561858584352,-0.38112724010180754,-0.8310638202256104,0.4541333623431382,0.6904618077371967,0.03830420230568985,-0.9638126818020863,-1.0108585992676464,-0.9334575043952245
6883,0.4473780324141958,0.8817216424333439,1.1952052836879563,0.410284830166764,-0.10428874490389983,-0.2046050914713833,0.3331562450193912,0.6319077941186418,0.5914191399426809,0.5969545345792426
6884,-1.050490614918933,0.06508561858584352,1.1952052836879563,1.6516334805591384,-0.38349979852741883,0.2429283581329067,0.046645061892365725,-1.240166507240872,-1.2385046168603704,-1.2593785867694165
6885,-0.20662095444956474,-1.5681864291091574,0.14431693449478036,0.410284830166764,0.4541333623431382,-0.2046050914713833,0.12548477925941667,-0.09017800783431376,-0.03898521646793941,-0.012376184642073167
6886,2.1773108363764013,0.06508561858584352,1.1952052836879563,0.410284830166764,-0.8721191423685809,0.6904618077371967,0.9841683047335706,2.0136769213125683,1.8872503170089563,1.787275009337161
6887,0.8693128626488799,-1.5681864291091574,-0.38112724010180754,-1.2448467036897353,-1.081527432586219,0.2429283581329067,0.33092493226371994,1.0330665729813941,1.0467111751281288,0.8803641714263664
6888,0.4473780324141958,-0.751550405261657,0.14431693449478036,0.410284830166764,-3.105807571356743,2.033062156550067,0.29150507358019445,0.801285945194026,0.7490202290453358,0.3560563432591877
6889,2.915696789287099,0.8817216424333439,0.6697611090913683,-0.8310638202256104,-0.24389427171566183,1.1379952573414867,0.7899909684959889,2.3524332234633367,2.254986191581819,2.2407304282925593
6890,0.5528617399728669,-1.5681864291091574,-0.38112724010180754,0.410284830166764,0.4541333623431382,-0.6521385410756733,0.2911331881209159,0.6764809917700587,0.7227533808615598,0.752829834845161
6891,-0.5652655601490462,0.06508561858584352,-1.4320155892949833,0.410284830166764,-0.10428874490389983,-0.2046050914713833,0.09631833395314243,-0.4645928681062164,-0.4855216355921296,-0.4800020854398264
6892,-0.9239101658485277,0.06508561858584352,-0.9065714146983955,-1.2448467036897353,-0.24389427171566183,0.2429283581329067,0.0452106465494342,-1.0173005189837871,-1.0283698313901641,-1.0326508772917173
6893,0.21531387578511957,-1.5681864291091574,-0.38112724010180754,0.8240677136308887,1.0125554695901813,0.6904618077371967,0.22971896084577378,0.3109807710284393,0.32875065810492254,0.44107923431332485
6894,0.21531387578511957,1.6983576662808442,0.6697611090913683,-0.8310638202256104,4.153679822854781,1.5855287069457766,0.12867236891037562,0.2753222129073057,0.10986025657345705,0.6961479074757362
6895,2.5570521835876163,0.8817216424333439,-0.38112724010180754,0.8240677136308887,0.1051195453137382,-0.2046050914713833,0.9553737448865749,2.1563111537971027,2.027340173989095,2.0848551280266405
6896,0.6794421890432724,0.06508561858584352,0.6697611090913683,0.410284830166764,0.1051195453137382,0.2429283581329067,0.267066886256176,0.801285945194026,0.8278207735966633,0.8236822440569416
6897,-0.12223398840262782,0.06508561858584352,0.6697611090913683,-0.8310638202256104,-0.5231053253391809,1.1379952573414867,0.10896243956861287,0.06137086418050393,0.013548479899611962,-0.026546666484429042
6898,-0.5441688186373119,0.8817216424333439,1.1952052836879563,0.410284830166764,-0.03448598149801883,-1.0996719906799632,0.0744302183498911,-0.4556782285759332,-0.4154767071020606,-0.43749063991275816
6899,0.9958933117192852,0.06508561858584352,-0.9065714146983955,-1.2448467036897353,0.5239361257490193,0.2429283581329067,0.4496095202677575,1.0598104915722446,0.9941774787605774,1.0929213990617082
6900,-0.12223398840262782,1.6983576662808442,0.14431693449478036,0.410284830166764,1.9897941572724953,-1.0996719906799632,0.1379163788981565,0.007883026998803893,-0.06525206465171549,0.20018104299326997
6901,-0.8817166828250593,-0.751550405261657,0.6697611090913683,-1.2448467036897353,1.3615692866195812,-0.2046050914713833,0.03501035966636561,-0.9816419608626535,-1.019614215328905,-0.8626050951834432
6902,0.4262812909024616,1.6983576662808442,-0.38112724010180754,-1.2448467036897353,2.618019027925419,2.033062156550067,0.15263241778675024,0.3644686082101393,0.293728193859888,0.6536364619486673
6903,-0.1644274714260963,-1.5681864291091574,1.1952052836879563,0.410284830166764,1.3615692866195812,-0.4731251612339579,0.1474791478510333,-0.09909264736459697,-0.03898521646793941,0.10098767009677634
6904,-0.9872003903837303,0.06508561858584352,-0.9065714146983955,-0.8310638202256104,-0.10428874490389983,0.6904618077371967,0.02613823513786325,-1.1777640305288881,-1.1509484562477845,-1.1601852138729227
6905,1.481118366489172,0.06508561858584352,1.1952052836879563,0.8240677136308887,0.6635416525607812,0.2429283581329067,0.7493492004462625,1.3539935960715968,1.3706689693946978,1.4471834451206125
6906,1.5022151080009063,-1.5681864291091574,0.14431693449478036,-1.2448467036897353,0.24472507212550018,-1.0996719906799632,0.6004356372522978,1.3896521541927305,1.4319582818235084,1.4330129632782567
6907,-1.0293938734071988,0.8817216424333439,0.14431693449478036,0.410284830166764,-0.17409150830978082,-0.6521385410756733,0.033204058864155554,-1.240166507240872,-1.1947265365540773,-1.2168671412423475
6908,-1.0082971318954645,-1.5681864291091574,-0.9065714146983955,1.6516334805591384,-0.4533025619332999,0.6904618077371967,0.042713701322849705,-1.1955933095894553,-1.1509484562477845,-1.2026966593999917
6909,-1.050490614918933,0.06508561858584352,-1.4320155892949833,0.410284830166764,-0.03448598149801883,1.1379952573414867,0.030282101684109865,-1.293654344422572,-1.2472602329216296,-1.2593785867694165
6910,0.23641061729685378,-1.5681864291091574,-0.38112724010180754,-1.2448467036897353,0.6635416525607812,-0.6521385410756733,0.1998618711151251,0.3644686082101393,0.39003997053373235,0.4552497161556807
6911,-0.05894376386742515,0.06508561858584352,0.14431693449478036,0.8240677136308887,0.24472507212550018,1.1379952573414867,0.17760187005259523,0.07920014324107114,0.031059712022128826,0.08681718825442046
6912,2.5570521835876163,-0.751550405261657,-0.38112724010180754,-0.0034980532973608127,1.5011748134313383,0.6904618077371967,0.3731604951389258,2.031506200373135,1.9135171651927323,2.19821898276549
6913,0.700538930555006,0.06508561858584352,0.14431693449478036,-0.4172809367614856,-1.360738486209743,1.1379952573414867,0.6666843754980609,0.970664096269411,0.8978657020867323,0.7386593530028038
6914,-1.0082971318954645,0.8817216424333439,-0.9065714146983955,-0.8310638202256104,0.24472507212550018,-1.0996719906799632,0.02385379588800935,-1.2045079491197386,-1.1684596883703013,-1.146014732030567
6915,0.4262812909024616,-1.5681864291091574,-1.4320155892949833,1.6516334805591384,-0.03448598149801883,-1.0996719906799632,0.49535143175901825,0.578419956936941,0.6001747560039394,0.5827840527368867
6916,0.784925896601943,0.8817216424333439,1.1952052836879563,0.8240677136308887,-0.03448598149801883,-0.2046050914713833,0.4954576847473835,0.8726030614362933,0.8891100860254739,0.8661936895840104
6917,-0.9661036488719961,0.8817216424333439,0.14431693449478036,0.410284830166764,0.24472507212550018,-0.6521385410756733,0.04675131488073102,-1.0886176352260544,-1.1071703759414915,-1.0609918409764298
6918,-0.20662095444956474,0.06508561858584352,-0.38112724010180754,1.6516334805591384,-0.5231053253391809,-0.2046050914713833,0.1379163788981565,0.025712306059370308,-0.012718368284164113,-0.054887630169141416
6919,-0.1644274714260963,-1.5681864291091574,-1.4320155892949833,-0.8310638202256104,-0.24389427171566183,0.2429283581329067,0.1428040163629602,0.025712306059370308,0.0573265602059049,0.015964779042639207
6920,-1.0082971318954645,-1.5681864291091574,-0.38112724010180754,0.8240677136308887,-0.03448598149801883,0.2429283581329067,0.029803963236466027,-1.2134225886500216,-1.1597040723090428,-1.1743556957152792
6921,-0.8395231998015908,0.8817216424333439,0.14431693449478036,0.410284830166764,0.1051195453137382,-1.0996719906799632,0.05179833182808267,-0.8568370074386863,-0.8795243583487669,-0.8484346133410873
6922,2.5570521835876163,-1.5681864291091574,0.6697611090913683,-0.8310638202256104,0.035316781907857205,0.2429283581329067,0.7078042819954311,2.031506200373135,2.027340173989095,2.01400271881486
6923,0.4473780324141958,-1.5681864291091574,0.14431693449478036,0.410284830166764,0.9427527061843003,1.1379952573414867,0.34707538649524516,0.5873345964672243,0.547641059636388,0.681977425633379
6924,-0.9872003903837303,-1.5681864291091574,-0.9065714146983955,-1.2448467036897353,-0.17409150830978082,1.1379952573414867,0.032300908463050525,-1.1777640305288881,-1.1334372241252668,-1.1601852138729227
6925,0.21531387578511957,-1.5681864291091574,-1.4320155892949833,-0.0034980532973608127,0.4541333623431382,2.4805956061543566,0.11687828720182755,0.3555539686798561,0.24119449749233587,0.3560563432591877
6926,-0.1644274714260963,0.06508561858584352,-1.4320155892949833,-0.8310638202256104,0.8031471793725382,0.2429283581329067,0.12622855017797374,0.007883026998803893,-0.04774083252919862,0.07264670641206396
6927,-0.5863623016607803,0.8817216424333439,0.14431693449478036,0.8240677136308887,0.3145278355313812,-1.0996719906799632,0.09445890665674972,-0.5269953448182004,-0.4855216355921296,-0.46583160359747056
6928,0.4262812909024616,0.06508561858584352,-0.9065714146983955,-1.2448467036897353,0.38433059893725724,1.1379952573414867,0.23742230250225788,0.4447003639826906,0.39879558659499154,0.4694201979980372
6929,0.5106682569493985,-1.5681864291091574,1.1952052836879563,0.410284830166764,0.035316781907857205,-0.6521385410756733,0.32816235456622217,0.6586517127094915,0.6702196844940084,0.6678069437910232
6930,-0.20662095444956474,-1.5681864291091574,0.14431693449478036,-0.8310638202256104,-0.5929080887450618,0.2429283581329067,0.10306539871433884,-0.02777553112232973,0.031059712022128826,-0.0690581120114973
6931,0.6372487060198039,0.06508561858584352,0.6697611090913683,-0.8310638202256104,0.4541333623431382,0.6904618077371967,0.1963555224990703,0.7299688289517587,0.6789753005552669,0.7670003166875169
6932,0.4473780324141958,-1.5681864291091574,-1.4320155892949833,1.6516334805591384,1.0823582329960573,-1.0996719906799632,0.48557615682941085,0.6051638755277915,0.547641059636388,0.7103183893180921
6933,0.4473780324141958,1.6983576662808442,1.1952052836879563,-0.8310638202256104,-2.407779937297943,2.033062156550067,0.21500292195718004,0.6497370731792083,0.6702196844940084,0.3418858614168312
6934,-0.6918460092194515,0.06508561858584352,-0.9065714146983955,-1.2448467036897353,-0.8023163789626999,1.5855287069457766,0.05243584975827445,-0.6161417401210341,-0.6431227246947845,-0.7067297949175254
6935,-1.0082971318954645,0.8817216424333439,1.1952052836879563,0.410284830166764,-0.24389427171566183,-1.0996719906799632,0.0382510758115072,-1.1331908328774714,-1.1684596883703013,-1.1601852138729227
6936,-0.5863623016607803,0.8817216424333439,1.1952052836879563,1.6516334805591384,-0.17409150830978082,-0.6521385410756733,0.10152473038304202,-0.4913367866970668,-0.4680104034696119,-0.4941725672821829
6937,-0.9028134243367935,-1.5681864291091574,-1.4320155892949833,1.6516334805591384,-1.430541249615619,1.5855287069457766,0.04483876109015566,-0.9459834027415199,-0.8970355904712844,-1.0468213591340738
6938,0.21531387578511957,0.8817216424333439,1.7206494582845442,0.8240677136308887,0.5937388891549003,-1.0996719906799632,0.1619295542687138,0.3555539686798561,0.32875065810492254,0.41273827062861246
6939,-0.7973297167781225,0.06508561858584352,0.6697611090913683,-0.8310638202256104,-0.17409150830978082,0.6904618077371967,0.029325824788822185,-0.8479223679084023,-0.7832125816749225,-0.8200936496563749
6940,-0.9450069073602619,0.8817216424333439,0.14431693449478036,-1.2448467036897353,0.5239361257490193,-1.5472054402842532,0.0309727461084843,-1.0975322747563376,-1.0633922956351987,-1.0184803954493615
6941,-0.5441688186373119,0.8817216424333439,-0.38112724010180754,1.6516334805591384,0.035316781907857205,-0.6521385410756733,0.09010253413377252,-0.4289343099850828,-0.4067210910408021,-0.40914967622804577
6942,-0.9239101658485277,0.06508561858584352,0.6697611090913683,0.8240677136308887,-0.5929080887450618,1.5855287069457766,0.03872921425915104,-0.99947123992322,-1.0108585992676464,-1.0468213591340738
6943,1.481118366489172,0.06508561858584352,-1.4320155892949833,-0.8310638202256104,-0.38349979852741883,0.6904618077371967,0.5355150613611008,1.4966278285561312,1.4232026657622499,1.390501517751188
6944,-0.1644274714260963,0.8817216424333439,-0.38112724010180754,1.2378505970950135,0.1749223087196192,-1.0996719906799632,0.15714816979227542,0.007883026998803893,0.031059712022128826,0.044305742727351584
6945,-0.5230720771255777,-1.5681864291091574,1.1952052836879563,0.8240677136308887,0.1749223087196192,-0.2046050914713833,0.09488391861021091,-0.4289343099850828,-0.38045424285702606,-0.3808087125433334
6946,1.5022151080009063,0.06508561858584352,-1.4320155892949833,-0.8310638202256104,-0.8023163789626999,0.6904618077371967,0.5615470435105987,1.5501156657378312,1.466980746068543,1.3763310359088319
6947,-1.0293938734071988,0.8817216424333439,0.14431693449478036,-0.4172809367614856,0.38433059893725724,-1.9947388898885432,0.048557615682941084,-1.2312518677105888,-1.185970920492819,-1.1601852138729227
6948,1.903053196723856,-1.5681864291091574,-1.4320155892949833,0.410284830166764,-2.1983716470803,2.033062156550067,0.9656271582638262,1.879957328358317,1.9135171651927323,1.5322063361747504
6949,0.48957151543766425,-1.5681864291091574,-0.38112724010180754,-0.8310638202256104,-0.31369703512154284,-0.6521385410756733,0.25208521489666896,0.685395631300342,0.6964865326777845,0.6394659801063115
6950,1.797569489165185,-1.5681864291091574,1.7206494582845442,-1.2448467036897353,-0.17409150830978082,0.2429283581329067,0.4219837432927801,1.5679449447983984,1.6508486833549738,1.5747177817018192
6951,-0.1855242129378305,-1.5681864291091574,0.14431693449478036,-0.8310638202256104,1.1521609964019384,-0.2046050914713833,0.12038463581788238,-0.02777553112232973,-0.09151891283549156,0.07264670641206396
6952,-0.7973297167781225,0.8817216424333439,0.6697611090913683,1.2378505970950135,-1.081527432586219,-0.2046050914713833,0.04696382085746162,-0.785519891196419,-0.7481901174298881,-0.8626050951834432
6953,-0.1855242129378305,0.8817216424333439,0.14431693449478036,-0.8310638202256104,-0.10428874490389983,-0.2046050914713833,0.12675981511980025,-0.009946252061763314,0.013548479899611962,-0.012376184642073167
6954,0.6161519645080696,0.8817216424333439,0.14431693449478036,0.410284830166764,-0.5929080887450618,-1.5472054402842532,0.392339159538862,0.8280298637848764,0.871598853902957,0.7670003166875169
6955,0.23641061729685378,-0.751550405261657,-1.4320155892949833,-0.8310638202256104,1.5011748134313383,1.5855287069457766,0.18796153641821176,0.2664075733770225,0.3112394259824049,0.4694201979980372
6956,1.481118366489172,1.6983576662808442,-0.38112724010180754,-0.0034980532973608127,5.270524037348857,1.5855287069457766,0.1686766190299102,1.1222129682842286,0.9416437823930253,1.7589340456524494
6957,-0.5441688186373119,0.8817216424333439,-1.4320155892949833,0.410284830166764,0.035316781907857205,-1.0996719906799632,0.09812463475535249,-0.4200196704547996,-0.43298793922457746,-0.4233201580704017
6958,-0.8184264582898567,-1.5681864291091574,-0.9065714146983955,-1.2448467036897353,0.9427527061843003,-0.2046050914713833,0.04887637464803698,-0.8924955655598191,-0.9233024386550606,-0.8059231678140184
6959,-0.9028134243367935,0.06508561858584352,0.14431693449478036,0.410284830166764,0.1051195453137382,0.2429283581329067,0.03963236466025607,-1.061873716635204,-0.9933473671451296,-1.004309913607005
6960,-0.5863623016607803,0.8817216424333439,0.14431693449478036,1.6516334805591384,-0.6627108521509428,-1.0996719906799632,0.1253253997768687,-0.4645928681062164,-0.424232323163319,-0.4941725672821829
6961,0.4473780324141958,-1.5681864291091574,-0.38112724010180754,-1.2448467036897353,0.035316781907857205,1.1379952573414867,0.25792912925676037,0.578419956936941,0.617685988126457,0.5969545345792426
6962,0.9115063456723483,0.8817216424333439,1.1952052836879563,0.8240677136308887,0.1749223087196192,-0.2046050914713833,0.523986612123466,0.9795787357996941,0.9941774787605774,1.0078985080075717
6963,-0.9450069073602619,0.8817216424333439,-1.4320155892949833,0.410284830166764,0.24472507212550018,-0.6521385410756733,0.0407480210380917,-1.079702995695771,-1.0546366795739395,-1.0326508772917173
6964,1.5233118495126405,0.06508561858584352,-0.9065714146983955,-0.8310638202256104,-0.17409150830978082,1.1379952573414867,0.5200552515539499,1.5233717471469816,1.4494695139460252,1.4471834451206125
6965,-0.9661036488719961,0.8817216424333439,-1.4320155892949833,-1.2448467036897353,-0.24389427171566183,-1.0996719906799632,0.0406417680497264,-1.061873716635204,-1.0984147598802323,-1.0893328046611421
6966,1.5655053325361088,0.8817216424333439,0.6697611090913683,-0.8310638202256104,-0.24389427171566183,-1.0996719906799632,0.31844020613079743,1.5946888633892482,1.4844919781910597,1.4896948906476815
6967,0.3629910663672589,0.06508561858584352,-0.38112724010180754,-0.8310638202256104,-2.058766120268543,0.2429283581329067,0.17776124953514316,0.6319077941186418,0.5914191399426809,0.3418858614168312
6968,0.4473780324141958,-0.751550405261657,-1.4320155892949833,0.410284830166764,1.0823582329960573,1.1379952573414867,0.33995643627477024,0.5071028406946738,0.521374211452612,0.6536364619486673
6969,0.21531387578511957,0.06508561858584352,-0.38112724010180754,0.410284830166764,-0.10428874490389983,0.2429283581329067,0.21420602454444032,0.4714442825735402,0.39003997053373235,0.41273827062861246
6970,0.6372487060198039,0.06508561858584352,1.1952052836879563,0.410284830166764,-1.081527432586219,0.2429283581329067,0.35345056579716305,0.9082616195574269,0.8540876217804394,0.7244888711604479
6971,0.4262812909024616,-1.5681864291091574,-0.9065714146983955,-1.2448467036897353,-1.360738486209743,0.6904618077371967,0.30128034850980184,0.6586517127094915,0.6789753005552669,0.4835906798403931
6972,-1.0293938734071988,-1.5681864291091574,-1.4320155892949833,-1.2448467036897353,0.9427527061843003,-1.0996719906799632,0.03708229293948892,-1.2223372281803049,-1.2297490007991119,-1.1318442501882104
6973,-0.8184264582898567,0.06508561858584352,-1.4320155892949833,0.8240677136308887,-1.1513301959920998,0.2429283581329067,0.05732348722307815,-0.8211784493175527,-0.7832125816749225,-0.9051165407105121
6974,1.5655053325361088,0.8817216424333439,1.1952052836879563,1.2378505970950135,-0.6627108521509428,-0.2046050914713833,0.8668118790840993,1.5679449447983984,1.5020032103135774,1.4188424814359009
6975,-0.5652655601490462,0.8817216424333439,-0.38112724010180754,0.410284830166764,0.5937388891549003,-0.2046050914713833,0.07501460978590023,-0.5002514262273501,-0.5117884837759049,-0.43749063991275816
6976,-1.0082971318954645,0.8817216424333439,-0.9065714146983955,0.410284830166764,0.4541333623431382,-0.2046050914713833,0.04026988259044786,-1.240166507240872,-1.185970920492819,-1.1601852138729227
6977,-0.9450069073602619,0.8817216424333439,-0.9065714146983955,-1.2448467036897353,0.38433059893725724,-1.0996719906799632,0.034213462253625884,-1.079702995695771,-1.0283698313901641,-1.004309913607005
6978,-0.016750280843956692,0.8817216424333439,1.1952052836879563,-1.2448467036897353,0.38433059893725724,-0.2046050914713833,0.15396058014131647,0.15051725948333838,0.10110464051219785,0.17184007930855758
6979,-0.9661036488719961,0.8817216424333439,0.14431693449478036,-0.4172809367614856,0.38433059893725724,-1.5472054402842532,0.052329596769909156,-1.115361553816904,-1.072147911696457,-1.0468213591340738
6980,-0.6285557846842488,-0.751550405261657,0.14431693449478036,-0.8310638202256104,1.2219637598078192,0.2429283581329067,0.05296711470010094,-0.6696295773027342,-0.6168558765110084,-0.5083430491245388
6981,1.5022151080009063,0.8817216424333439,1.1952052836879563,0.8240677136308887,-0.8023163789626999,-0.2046050914713833,0.7707060511076874,1.5590303052681154,1.440713897884767,1.362160554066476
6982,0.8693128626488799,-1.5681864291091574,0.14431693449478036,-1.2448467036897353,-1.081527432586219,1.1379952573414867,0.4184773946767253,1.0598104915722446,1.0729780233119048,0.9087051351110781
6983,-1.0293938734071988,0.8817216424333439,0.14431693449478036,-0.4172809367614856,-0.6627108521509428,-0.6521385410756733,0.04717632683419221,-1.1599347514683216,-1.1246816080640083,-1.1885261775576352
6984,-0.9661036488719961,0.8817216424333439,-1.4320155892949833,1.2378505970950135,0.035316781907857205,-1.0996719906799632,0.05881102906019232,-1.106446914286621,-1.0809035277577155,-1.0751623228187863
6985,-0.5863623016607803,0.06508561858584352,1.1952052836879563,0.8240677136308887,0.4541333623431382,0.6904618077371967,0.09642458694150773,-0.5091660657576332,-0.5292997158984225,-0.46583160359747056
6986,-1.1981678055010725,-0.751550405261657,0.14431693449478036,0.410284830166764,-0.5231053253391809,-0.2046050914713833,0.02348191042873081,-1.5700081698613575,-1.509928714759388,-1.556958705458896
6987,1.5233118495126405,-1.5681864291091574,-0.38112724010180754,-0.8310638202256104,0.9427527061843003,-1.0996719906799632,0.40376135578813155,1.4520546309047144,1.353157737272181,1.5322063361747504
6988,-0.6285557846842488,0.8817216424333439,1.1952052836879563,1.2378505970950135,0.3145278355313812,-0.6521385410756733,0.1099718429580832,-0.5448246238787668,-0.5555665640821986,-0.5083430491245388
6989,-0.8395231998015908,0.8817216424333439,0.14431693449478036,0.410284830166764,0.6635416525607812,-0.6521385410756733,0.044732508101790365,-0.8924955655598191,-0.8445018941037331,-0.7917526859716626
6990,-0.8184264582898567,0.8817216424333439,-0.38112724010180754,1.2378505970950135,0.6635416525607812,-1.5472054402842532,0.055410933432502786,-0.8479223679084023,-0.8269906619812155,-0.7634117222869502
6991,0.48957151543766425,-1.5681864291091574,1.1952052836879563,0.410284830166764,-0.5231053253391809,0.2429283581329067,0.36821973117993945,0.685395631300342,0.7052421487390429,0.6252954982639549
6992,0.9747965702075511,0.8817216424333439,-0.38112724010180754,-0.8310638202256104,0.1749223087196192,-1.0996719906799632,0.3314561972055464,1.041981212511678,1.0817336393731634,1.0645804353769965
6993,-0.5441688186373119,0.8817216424333439,-1.4320155892949833,-0.8310638202256104,-0.7325136155568189,-0.6521385410756733,0.06619561175158051,-0.4289343099850828,-0.38045424285702606,-0.4800020854398264
6994,0.21531387578511957,-0.751550405261657,1.7206494582845442,-1.2448467036897353,1.0125554695901813,1.1379952573414867,0.1449822026244488,0.3198954105587225,0.33750627416618095,0.4552497161556807
6995,-0.37539488654343833,0.06508561858584352,0.14431693449478036,0.410284830166764,-0.24389427171566183,0.6904618077371967,0.10970621048716996,-0.20606832172799786,-0.23160876981562958,-0.23910389411977154
6996,0.5106682569493985,0.8817216424333439,1.1952052836879563,0.410284830166764,-0.10428874490389983,-1.0996719906799632,0.3515380120065877,0.6943102708306251,0.7139977648003013,0.681977425633379
6997,-1.050490614918933,0.8817216424333439,-0.9065714146983955,-1.2448467036897353,0.24472507212550018,-1.5472054402842532,0.03766668437549806,-1.2312518677105888,-1.2472602329216296,-1.2026966593999917
6998,-0.6074590431725145,0.06508561858584352,-1.4320155892949833,0.410284830166764,0.5239361257490193,0.6904618077371967,0.08829623333156245,-0.5715685424696173,-0.5730777962047154,-0.5083430491245388
6999,-1.0082971318954645,-1.5681864291091574,1.1952052836879563,1.6516334805591384,0.5937388891549003,0.2429283581329067,0.038782340753333686,-1.2312518677105888,-1.1947265365540773,-1.146014732030567
7000,-1.1348775809658698,0.8817216424333439,-1.4320155892949833,1.6516334805591384,0.5239361257490193,-1.0996719906799632,0.03846358178823779,-1.463032495497957,-1.4573950183918358,-1.4010834051929784
7001,-0.5652655601490462,0.8817216424333439,1.1952052836879563,1.6516334805591384,-0.03448598149801883,-0.6521385410756733,0.10349041066780003,-0.4735075076364996,-0.44174355528583586,-0.451661121755114
7002,2.5359554420758825,0.8817216424333439,0.14431693449478036,-0.0034980532973608127,-1.0117246691803428,-0.6521385410756733,0.5676565903416033,2.2632868281605028,2.123651950662939,1.9856617551301483
7003,-0.5863623016607803,0.06508561858584352,-0.9065714146983955,0.410284830166764,0.035316781907857205,0.2429283581329067,0.09424640068001913,-0.5180807052879165,-0.4680104034696119,-0.4800020854398264
7004,0.7216356720667403,0.8817216424333439,-0.38112724010180754,0.410284830166764,0.5937388891549003,-1.9947388898885432,0.3587632152154279,0.8369445033151597,0.8628432378416978,0.9228756169534352
7005,-0.5652655601490462,0.06508561858584352,-0.38112724010180754,-0.4172809367614856,0.5239361257490193,0.6904618077371967,0.10396854911544387,-0.5180807052879165,-0.4855216355921296,-0.43749063991275816
7006,0.4262812909024616,0.06508561858584352,-0.9065714146983955,-0.8310638202256104,-0.10428874490389983,1.1379952573414867,0.2527758593210434,0.5695053174066579,0.521374211452612,0.5261021253674619
7007,-0.08004050537915937,-1.5681864291091574,1.7206494582845442,0.410284830166764,-1.2909357228038618,0.6904618077371967,0.10354353716198268,0.1683465385439048,0.17990518506352607,0.015964779042639207
7008,-0.9872003903837303,0.8817216424333439,-1.4320155892949833,0.8240677136308887,-0.17409150830978082,-0.5626318511548141,0.04096052701482229,-1.1688493909986049,-1.1246816080640083,-1.146014732030567
7009,-0.9028134243367935,0.8817216424333439,0.14431693449478036,1.2378505970950135,-1.779555066645019,-0.2046050914713833,0.07469585082080434,-0.8746662864992527,-0.8970355904712844,-1.0468213591340738
7010,-0.7340394922429198,1.6983576662808442,-1.4320155892949833,0.410284830166764,3.5952577156077434,1.1379952573414867,0.05206396429899591,-0.8479223679084023,-0.8970355904712844,-0.5083430491245388
7011,0.4473780324141958,0.06508561858584352,0.6697611090913683,-0.8310638202256104,0.5937388891549003,-1.0996719906799632,0.20283695478935346,0.6229931545883579,0.5651522917589049,0.6678069437910232
7012,-0.9661036488719961,-1.5681864291091574,1.1952052836879563,1.2378505970950135,-0.5929080887450618,-0.2046050914713833,0.04351059873558944,-1.0707883561654872,-1.0283698313901641,-1.1035032865034986
7013,1.5022151080009063,0.06508561858584352,0.14431693449478036,0.410284830166764,0.1749223087196192,0.6904618077371967,0.7408489613770387,1.4609692704349977,1.2656015766595943,1.3763310359088319
7014,-0.12223398840262782,0.06508561858584352,-0.9065714146983955,-1.2448467036897353,0.4541333623431382,0.6904618077371967,0.16129203633852202,-0.0010316125314793153,0.0573265602059049,0.08681718825442046
7015,0.004346460667777534,0.8817216424333439,0.6697611090913683,0.8240677136308887,0.5937388891549003,-1.5472054402842532,0.15098549646708814,0.1683465385439048,0.19741641718604294,0.25686297036269473
7016,0.6583454475315381,0.8817216424333439,-1.4320155892949833,1.6516334805591384,0.8031471793725382,-1.0996719906799632,0.5883227965786538,0.738883468482042,0.7752870772291119,0.8520232077416533
7017,-0.755136233754654,0.8817216424333439,-0.9065714146983955,-1.2448467036897353,0.4541333623431382,-0.2046050914713833,0.046910694363278965,-0.776605251666135,-0.7394345013686295,-0.7067297949175254
7018,-0.1855242129378305,0.06508561858584352,-0.38112724010180754,0.410284830166764,0.3145278355313812,0.6904618077371967,0.12495351431759018,-0.045604810182896936,-0.08276329677423314,-0.026546666484429042
7019,1.1013770192779564,0.8817216424333439,-1.4320155892949833,-0.8310638202256104,0.6635416525607812,-0.6521385410756733,0.37385113956330024,1.1578715264053623,1.0817336393731634,1.2062852538005577
7020,1.2068607268366276,0.06508561858584352,1.1952052836879563,-0.8310638202256104,0.4541333623431382,0.2429283581329067,0.33257185358338204,1.2202740031173456,1.1080004875569394,1.2204557356429149
7021,-0.1855242129378305,0.8817216424333439,1.1952052836879563,0.410284830166764,0.4541333623431382,-1.5472054402842532,0.14673537693247624,-0.009946252061763314,0.022304095960870397,0.058476224569708087
7022,-0.1644274714260963,0.06508561858584352,0.6697611090913683,0.410284830166764,-0.5929080887450618,1.1379952573414867,0.11772831110874993,0.025712306059370308,0.0573265602059049,-0.026546666484429042
7023,-0.8606199413133251,0.8817216424333439,0.14431693449478036,-0.4172809367614856,0.1051195453137382,-0.2046050914713833,0.07613026616373586,-0.9281541236809527,-0.9233024386550606,-0.9051165407105121
7024,0.21531387578511957,0.06508561858584352,0.14431693449478036,-0.8310638202256104,-1.1513301959920998,0.6904618077371967,0.19678053445253146,0.5160174802249571,0.44257366690128447,0.32771537957447533
7025,0.4473780324141958,0.8817216424333439,-1.4320155892949833,-0.8310638202256104,-1.779555066645019,-0.6521385410756733,0.2524039738617649,0.801285945194026,0.7490202290453358,0.5261021253674619
7026,0.5106682569493985,0.8817216424333439,1.1952052836879563,-0.8310638202256104,0.1749223087196192,-0.2046050914713833,0.22313127556712534,0.7121395498911923,0.7577758451065942,0.752829834845161
7027,2.5570521835876163,0.06508561858584352,-0.38112724010180754,-0.8310638202256104,-0.17409150830978082,0.6904618077371967,0.6181267598151198,2.1295672352062516,2.05360702217287,2.042343682499573
7028,-1.0293938734071988,0.8817216424333439,-0.38112724010180754,1.2378505970950135,0.1051195453137382,-1.0996719906799632,0.036497901503479785,-1.2045079491197386,-1.1597040723090428,-1.1601852138729227
7029,-0.6074590431725145,0.06508561858584352,-0.9065714146983955,1.6516334805591384,-0.6627108521509428,1.1379952573414867,0.1268129416139829,-0.4467635890456492,-0.5205440998371641,-0.5508544946516076
7030,0.4473780324141958,0.8817216424333439,1.1952052836879563,-0.4172809367614856,0.3145278355313812,1.5855287069457766,0.47585400839398606,0.5427613988158074,0.5826635238814225,0.5969545345792426
7031,-1.0293938734071988,-1.5681864291091574,1.1952052836879563,0.410284830166764,-0.7325136155568189,1.5855287069457766,0.028900812835360994,-1.2490811467711553,-1.1947265365540773,-1.2735490686117723
7032,1.586602074047843,0.06508561858584352,0.6697611090913683,-0.8310638202256104,-0.17409150830978082,0.2429283581329067,0.38548584178930034,1.478798549495564,1.510758826374836,1.4613539269629696
7033,-0.6285557846842488,0.8817216424333439,0.14431693449478036,0.410284830166764,-0.10428874490389983,-1.9947388898885432,0.08787122137810126,-0.5359099843484837,-0.564322180143457,-0.5508544946516076
7034,0.27860410032032223,-0.751550405261657,-0.9065714146983955,-0.8310638202256104,1.9199913938666193,0.2429283581329067,0.20395261116718907,0.3377246896192897,0.3550175062886978,0.5827840527368867
7035,-0.20662095444956474,0.8817216424333439,0.14431693449478036,0.8240677136308887,-0.17409150830978082,-1.0996719906799632,0.17632683419221165,-0.0010316125314793153,0.013548479899611962,-0.012376184642073167
7036,0.6161519645080696,-0.751550405261657,-0.38112724010180754,-1.2448467036897353,1.2917665232137003,-0.6521385410756733,0.2613823513786325,0.7121395498911923,0.7227533808615598,0.8803641714263664
7037,-0.20662095444956474,-1.5681864291091574,1.1952052836879563,0.410284830166764,0.035316781907857205,-1.0996719906799632,0.16076077139669553,-0.03669017065261294,0.0047928638383535295,-0.012376184642073167
7038,1.1224737607896906,-1.5681864291091574,-0.38112724010180754,-0.8310638202256104,1.2219637598078192,-0.2046050914713833,0.29676459650427667,1.1222129682842286,1.0029330948218358,1.2204557356429149
7039,-0.1855242129378305,0.8817216424333439,-1.4320155892949833,-0.8310638202256104,0.1051195453137382,-0.6521385410756733,0.13058492270095096,-0.0010316125314793153,0.022304095960870397,0.03013526088499571
7040,1.5022151080009063,-1.5681864291091574,-1.4320155892949833,-1.2448467036897353,0.9427527061843003,-0.6521385410756733,0.5372682356691282,1.3450789565413135,1.3006240409046288,1.4471834451206125
7041,2.7047293741697565,-1.5681864291091574,-0.9065714146983955,-0.8310638202256104,-1.1513301959920998,0.6904618077371967,0.9777931254316528,2.2811161072210693,2.3075198879493697,2.0848551280266405
7042,-0.7973297167781225,-1.5681864291091574,-0.9065714146983955,-0.8310638202256104,0.9427527061843003,-0.6521385410756733,0.044520002125059764,-0.8300930888478358,-0.8707687422875084,-0.7492412404445943
7043,-1.0293938734071988,0.06508561858584352,-0.38112724010180754,0.8240677136308887,0.5937388891549003,1.1379952573414867,0.028900812835360994,-1.2758250653620058,-1.2385046168603704,-1.1885261775576352
7044,0.5528617399728669,0.8817216424333439,1.1952052836879563,-0.8310638202256104,0.3145278355313812,-1.0996719906799632,0.2368910375604314,0.7121395498911923,0.7227533808615598,0.752829834845161
7045,0.8482161211371456,0.8817216424333439,0.6697611090913683,-1.2448467036897353,0.035316781907857205,-0.6521385410756733,0.2927269829463954,0.9528348172088437,0.9066213181479907,0.9228756169534352
7046,-0.9028134243367935,0.8817216424333439,-1.4320155892949833,0.410284830166764,0.5937388891549003,-0.6521385410756733,0.043085586782128246,-1.0440444375746376,-0.9845917510838703,-0.9476279862375803
7047,-0.8395231998015908,-1.5681864291091574,1.1952052836879563,0.8240677136308887,0.8031471793725382,-1.1891786806008227,0.045741911491260695,-0.9103248446203863,-0.8532575101649915,-0.7917526859716626
7048,2.578148925099351,0.8817216424333439,-0.38112724010180754,0.410284830166764,-0.10428874490389983,-0.6521385410756733,0.9589332199968124,2.1741404328576692,2.0886294864179042,2.0990256098689968
7049,-0.12223398840262782,0.8817216424333439,-1.4320155892949833,-1.2448467036897353,0.5937388891549003,-0.6521385410756733,0.13223184402061308,0.007883026998803893,-0.03022960040668098,0.058476224569708087
7050,0.4262812909024616,-1.5681864291091574,-0.9065714146983955,0.410284830166764,-0.38349979852741883,1.1379952573414867,0.3685384901450353,0.5962492359975082,0.6001747560039394,0.5402726072098178
7051,-0.8395231998015908,0.8817216424333439,0.14431693449478036,1.6516334805591384,0.7333444159666572,-0.6521385410756733,0.06178611273442065,-0.8924955655598191,-0.9145468225938014,-0.8200936496563749
7052,-0.9872003903837303,0.06508561858584352,-0.38112724010180754,0.410284830166764,-2.058766120268543,2.033062156550067,0.03315093236997291,-1.0707883561654872,-1.0896591438189738,-1.2593785867694165
7053,0.21531387578511957,-1.5681864291091574,0.14431693449478036,-1.2448467036897353,0.6635416525607812,0.6904618077371967,0.21882802953833078,0.3466393291495729,0.3725287384112155,0.44107923431332485
7054,0.5106682569493985,0.06508561858584352,1.1952052836879563,-0.8310638202256104,0.5937388891549003,0.2429283581329067,0.23667853158370078,0.6764809917700587,0.6001747560039394,0.7103183893180921
7055,-0.05894376386742515,0.06508561858584352,0.14431693449478036,-1.2448467036897353,-0.5231053253391809,0.2429283581329067,0.1517292673856452,0.186175817604472,0.14488272081849157,0.10098767009677634
7056,-0.6074590431725145,0.06508561858584352,1.1952052836879563,0.8240677136308887,0.38433059893725724,0.6904618077371967,0.08797747436646655,-0.5983124610604676,-0.5380553319596809,-0.5225135309668953
7057,-0.6285557846842488,0.06508561858584352,0.14431693449478036,0.410284830166764,0.4541333623431382,1.1379952573414867,0.08787122137810126,-0.5804831819999005,-0.5993446443884916,-0.5366840128092512
7058,-0.1855242129378305,0.06508561858584352,0.14431693449478036,-0.8310638202256104,-0.10428874490389983,0.6904618077371967,0.13185995856133453,0.0167976665290871,-0.021473984345422546,-0.012376184642073167
7059,1.5022151080009063,-1.5681864291091574,1.1952052836879563,1.6516334805591384,1.2917665232137003,-0.2046050914713833,0.7172076714657599,1.30942039842018,1.3881802015172156,1.5322063361747504
7060,-1.1348775809658698,-1.5681864291091574,0.14431693449478036,1.2378505970950135,1.0823582329960573,-0.2046050914713833,0.03846358178823779,-1.4808617745585235,-1.4749062505143535,-1.3727424415082659
7061,-1.0293938734071988,0.8817216424333439,-1.4320155892949833,-1.2448467036897353,-0.4533025619332999,-0.6521385410756733,0.03506348616054827,-1.1955933095894553,-1.1597040723090428,-1.2026966593999917
7062,-1.0926840979424013,0.8817216424333439,-0.38112724010180754,1.6516334805591384,0.1749223087196192,-0.2046050914713833,0.02773202996334272,-1.3560568211345563,-1.3085495453504394,-1.3018900322964846
7063,-1.0293938734071988,0.06508561858584352,1.1952052836879563,0.8240677136308887,-0.38349979852741883,1.1379952573414867,0.033204058864155554,-1.2758250653620058,-1.2297490007991119,-1.2735490686117723
7064,1.481118366489172,-0.751550405261657,-0.38112724010180754,-0.8310638202256104,1.2917665232137003,0.2429283581329067,0.3981830738989534,1.264847200768763,1.283112808782112,1.4471834451206125
7065,1.9241499382355902,0.06508561858584352,0.6697611090913683,0.410284830166764,0.7333444159666572,0.6904618077371967,0.6352866174361154,1.648176700570949,1.5632925227423873,1.7022521182830246
7066,-0.1011372468908936,0.06508561858584352,-0.38112724010180754,0.8240677136308887,0.1051195453137382,1.5855287069457766,0.15730754927482335,0.10594406183192076,0.07483779232842254,0.10098767009677634
7067,-0.9450069073602619,0.06508561858584352,1.1952052836879563,0.8240677136308887,-0.17409150830978082,0.2429283581329067,0.04813260372947989,-1.061873716635204,-1.0809035277577155,-1.0751623228187863
7068,-1.0293938734071988,-1.5681864291091574,1.1952052836879563,0.8240677136308887,-0.6627108521509428,1.5855287069457766,0.033204058864155554,-1.2490811467711553,-1.212237768676595,-1.2735490686117723
7069,-0.8395231998015908,-1.5681864291091574,-1.4320155892949833,1.6516334805591384,1.3615692866195812,0.6904618077371967,0.05711098124634755,-0.9548980422718031,-0.9145468225938014,-0.7917526859716626
7070,-0.8184264582898567,0.06508561858584352,1.1952052836879563,-1.2448467036897353,-0.31369703512154284,0.2429283581329067,0.049035754130584926,-0.8300930888478358,-0.8532575101649915,-0.8626050951834432
7071,0.4473780324141958,0.8817216424333439,0.6697611090913683,0.410284830166764,-1.2909357228038618,1.5855287069457766,0.24889762524571005,0.6764809917700587,0.6964865326777845,0.5119316435251055
7072,-0.8606199413133251,0.06508561858584352,1.1952052836879563,0.8240677136308887,0.6635416525607812,0.2429283581329067,0.05440153004303246,-0.9281541236809527,-0.9670805189613535,-0.8767755770257997
7073,-0.6074590431725145,0.8817216424333439,-0.9065714146983955,0.410284830166764,0.1051195453137382,-0.2046050914713833,0.09493704510439356,-0.5715685424696173,-0.5117884837759049,-0.5225135309668953
7074,0.6794421890432724,0.06508561858584352,-0.38112724010180754,-0.8310638202256104,-1.430541249615619,1.1379952573414867,0.24656005950167348,0.9260908986179933,0.8628432378416978,0.6961479074757362
7075,0.3418943248555247,0.06508561858584352,0.6697611090913683,0.410284830166764,-0.8023163789626999,1.1379952573414867,0.20230568984752695,0.6586517127094915,0.5826635238814225,0.5119316435251055
7076,-1.0082971318954645,0.8817216424333439,-0.9065714146983955,-1.2448467036897353,0.1051195453137382,-0.2046050914713833,0.031291505073580195,-1.2223372281803049,-1.1684596883703013,-1.1743556957152792
7077,-1.050490614918933,0.8817216424333439,0.14431693449478036,0.410284830166764,0.5239361257490193,-1.5472054402842532,0.030441481166657812,-1.2847397048922888,-1.2385046168603704,-1.2026966593999917
7078,1.6076988155595773,0.8817216424333439,1.1952052836879563,0.410284830166764,0.38433059893725724,-1.9947388898885432,0.7324549752961802,1.4966278285561312,1.537025674558612,1.560547299859462
7079,-0.5230720771255777,-1.5681864291091574,1.1952052836879563,1.2378505970950135,-0.17409150830978082,-1.0549186457195336,0.13021303724167244,-0.4200196704547996,-0.39796547497954293,-0.4233201580704017
7080,-0.9661036488719961,0.8817216424333439,-1.4320155892949833,1.6516334805591384,0.035316781907857205,-0.6521385410756733,0.044520002125059764,-1.115361553816904,-1.0633922956351987,-1.0751623228187863
7081,1.7342792646299827,0.8817216424333439,0.14431693449478036,0.410284830166764,-0.38349979852741883,-0.2046050914713833,0.9712054401530043,1.5946888633892482,1.6158262191099393,1.5322063361747504
7082,-1.050490614918933,-0.751550405261657,0.14431693449478036,0.8240677136308887,1.3615692866195812,-0.6521385410756733,0.03883546724751634,-1.293654344422572,-1.2910383132279224,-1.1601852138729227
7083,1.481118366489172,-1.5681864291091574,0.6697611090913683,0.410284830166764,-2.477582700703819,1.1379952573414867,0.48440737395739253,1.5768595843286817,1.6158262191099393,1.2062852538005577
7084,0.5528617399728669,0.8817216424333439,1.1952052836879563,-0.8310638202256104,-0.5231053253391809,-0.2046050914713833,0.2432130903681666,0.738883468482042,0.7665314611678535,0.681977425633379
7085,0.5950552229963354,0.06508561858584352,-1.4320155892949833,-0.8310638202256104,-0.6627108521509428,0.6904618077371967,0.24735695691441323,0.7477981080123259,0.7752870772291119,0.6678069437910232
7086,2.578148925099351,-1.5681864291091574,1.1952052836879563,-0.8310638202256104,1.0823582329960573,0.6904618077371967,0.720076502151623,2.067164758494269,1.9485396294377668,2.1698780190807785
7087,-0.37539488654343833,0.06508561858584352,-1.4320155892949833,-0.8310638202256104,-0.4533025619332999,0.6904618077371967,0.08388673431440259,-0.19715368219771465,-0.24036438587688802,-0.2674448578044839
7088,-0.7973297167781225,0.8817216424333439,-1.4320155892949833,1.6516334805591384,0.38433059893725724,-1.0996719906799632,0.06763002709451203,-0.8211784493175527,-0.8532575101649915,-0.7917526859716626
7089,0.21531387578511957,-1.5681864291091574,0.14431693449478036,-1.2448467036897353,-0.4533025619332999,-0.6521385410756733,0.20682144185305212,0.4447003639826906,0.49510736326883587,0.41273827062861246
7090,-1.0082971318954645,-1.5681864291091574,-0.38112724010180754,0.410284830166764,0.6635416525607812,-1.5472054402842532,0.026828879562237687,-1.1955933095894553,-1.1597040723090428,-1.1035032865034986
7091,0.21531387578511957,-0.751550405261657,-0.9065714146983955,-0.8310638202256104,1.2219637598078192,2.033062156550067,0.18195824257557244,0.3198954105587225,0.3462618902274394,0.4835906798403931
7092,0.700538930555006,0.8817216424333439,-0.9065714146983955,0.8240677136308887,-0.24389427171566183,-1.0996719906799632,0.5019391170376667,0.8815177009665764,0.8803544699642155,0.8378527258992975
7093,0.4473780324141958,-1.5681864291091574,1.1952052836879563,0.8240677136308887,-0.5929080887450618,-1.0996719906799632,0.38139510173723634,0.6497370731792083,0.6789753005552669,0.5827840527368867
7094,-0.9239101658485277,0.06508561858584352,-1.4320155892949833,-0.8310638202256104,-0.17409150830978082,0.2429283581329067,0.03442596823035648,-0.99947123992322,-1.0283698313901641,-1.0184803954493615
7095,-0.8184264582898567,0.8817216424333439,0.14431693449478036,0.8240677136308887,0.1749223087196192,-1.0996719906799632,0.057164107740530205,-0.8211784493175527,-0.8445018941037331,-0.8059231678140184
7096,-0.6285557846842488,0.8817216424333439,-0.38112724010180754,1.2378505970950135,0.1051195453137382,-1.5472054402842532,0.08755246241300536,-0.5359099843484837,-0.5205440998371641,-0.5083430491245388
7097,-0.7762329752663882,-1.5681864291091574,0.14431693449478036,-1.2448467036897353,0.4541333623431382,-0.6521385410756733,0.042076183392657916,-0.8211784493175527,-0.7832125816749225,-0.7492412404445943
7098,0.5106682569493985,0.8817216424333439,0.14431693449478036,-0.4172809367614856,0.035316781907857205,-1.0996719906799632,0.5730754927482336,0.6764809917700587,0.7227533808615598,0.6961479074757362
7099,-0.14333072991436205,0.8817216424333439,-0.38112724010180754,0.8240677136308887,0.1051195453137382,-1.0996719906799632,0.1550762365191521,0.05245622465022072,0.022304095960870397,0.058476224569708087
7100,-0.9661036488719961,0.06508561858584352,1.1952052836879563,0.410284830166764,-0.38349979852741883,0.6904618077371967,0.0406417680497264,-1.106446914286621,-1.142192840186526,-1.146014732030567
7101,-1.0293938734071988,0.06508561858584352,-1.4320155892949833,0.410284830166764,-0.31369703512154284,1.1379952573414867,0.036126016044201244,-1.2579957863014386,-1.1772153044315605,-1.231037623084704
7102,-0.5652655601490462,-0.751550405261657,0.14431693449478036,1.6516334805591384,0.5239361257490193,3.3756625053629365,0.12118153323062211,-0.5537392634090501,-0.49427725165338804,-0.46583160359747056
7103,-0.6285557846842488,-1.5681864291091574,-0.38112724010180754,-1.2448467036897353,0.1051195453137382,2.4805956061543566,0.054773415502311004,-0.5804831819999005,-0.60810026044975,-0.57919545833632
7104,0.4262812909024616,-1.5681864291091574,-1.4320155892949833,0.8240677136308887,1.0125554695901813,-1.9947388898885432,0.3141900865961855,0.5962492359975082,0.521374211452612,0.681977425633379
7105,-0.12223398840262782,0.8817216424333439,0.14431693449478036,-1.2448467036897353,0.3145278355313812,-1.5472054402842532,0.13722573447378208,0.05245622465022072,0.10110464051219785,0.11515815193913284
7106,1.481118366489172,-0.751550405261657,-0.38112724010180754,0.8240677136308887,1.4313720500254572,1.5855287069457766,0.5247835095362057,1.2826764798293295,1.213067880292043,1.4471834451206125
7107,-0.5441688186373119,0.8817216424333439,-1.4320155892949833,0.410284830166764,-0.6627108521509428,-0.2046050914713833,0.09812463475535249,-0.39327575186394914,-0.43298793922457746,-0.4800020854398264
7108,-0.5863623016607803,-1.5681864291091574,-0.9065714146983955,0.410284830166764,-0.5929080887450618,0.2429283581329067,0.08261169845401901,-0.4556782285759332,-0.5030328677146465,-0.5366840128092512
7109,0.6583454475315381,0.8817216424333439,-0.38112724010180754,1.6516334805591384,-0.38349979852741883,-0.6521385410756733,0.37911066248738245,0.8993469800271436,0.845332005719181,0.8095117622145858
7110,0.6372487060198039,0.8817216424333439,1.1952052836879563,1.6516334805591384,-0.5231053253391809,-0.6521385410756733,0.5236147266641874,0.8547737823757269,0.871598853902957,0.7811707985298727
7111,-0.41758836956690676,0.8817216424333439,0.6697611090913683,-1.2448467036897353,0.3145278355313812,0.2429283581329067,0.0712957551931148,-0.3219586356216819,-0.28414246618318095,-0.2674448578044839
7112,-0.5441688186373119,0.8817216424333439,0.6697611090913683,-0.4172809367614856,-0.10428874490389983,-1.9947388898885432,0.08749933591882272,-0.4200196704547996,-0.38045424285702606,-0.40914967622804577
7113,-0.8184264582898567,0.8817216424333439,-1.4320155892949833,1.6516334805591384,-0.10428874490389983,-1.0996719906799632,0.07241141157095043,-0.8211784493175527,-0.7832125816749225,-0.8059231678140184
7114,-0.8817166828250593,-1.5681864291091574,-0.38112724010180754,-1.2448467036897353,-1.1513301959920998,-0.2046050914713833,0.03516973914891356,-0.8924955655598191,-0.8620131262262499,-0.9759689499222927
7115,2.1773108363764013,0.06508561858584352,1.1952052836879563,-0.0034980532973608127,0.1749223087196192,0.2429283581329067,0.3353875577750624,1.879957328358317,1.8084497724576287,1.8581274185489418
7116,-0.20662095444956474,-1.5681864291091574,1.7206494582845442,0.410284830166764,1.0125554695901813,1.5855287069457766,0.10306539871433884,-0.09909264736459697,-0.12654137708052607,0.0017942972002833347
7117,-1.0082971318954645,-1.5681864291091574,-0.38112724010180754,-1.2448467036897353,0.1051195453137382,0.2429283581329067,0.02385379588800935,-1.240166507240872,-1.185970920492819,-1.1885261775576352
7118,0.4473780324141958,0.8817216424333439,-1.4320155892949833,-0.8310638202256104,0.24472507212550018,-0.6521385410756733,0.2313658821654359,0.5873345964672243,0.6089303720651978,0.6252954982639549
7119,0.8904096041606141,0.8817216424333439,-0.38112724010180754,-1.2448467036897353,0.3145278355313812,-1.5472054402842532,0.35738192636667904,0.9795787357996941,0.985421862699319,1.0220689898499276
7120,-0.14333072991436205,0.8817216424333439,-0.9065714146983955,-1.2448467036897353,-0.24389427171566183,-0.6521385410756733,0.1591138500770334,0.04354158511993751,0.07483779232842254,0.03013526088499571
7121,0.5317649984611327,0.06508561858584352,1.1952052836879563,-0.8310638202256104,-0.31369703512154284,0.2429283581329067,0.22530946182861392,0.7299688289517587,0.7577758451065942,0.6961479074757362
7122,1.6498922985830458,-1.5681864291091574,0.6697611090913683,0.8240677136308887,0.035316781907857205,-0.2046050914713833,0.5372151091749455,1.5768595843286817,1.5983149869874218,1.560547299859462
7123,-0.8184264582898567,0.06508561858584352,-0.9065714146983955,-0.8310638202256104,0.1749223087196192,0.2429283581329067,0.046538808904000424,-0.8479223679084023,-0.8707687422875084,-0.8342641314987308
7124,-0.8184264582898567,0.06508561858584352,1.1952052836879563,0.8240677136308887,0.24472507212550018,1.1379952573414867,0.04776071827020135,-0.9014102050901031,-0.8357462780424739,-0.8342641314987308
7125,-0.41758836956690676,0.06508561858584352,-0.9065714146983955,0.410284830166764,-1.5003440130215,0.6904618077371967,0.11762205812038463,-0.17932440313714743,-0.23160876981562958,-0.36663823070097756
7126,0.46847477392593007,0.06508561858584352,-0.38112724010180754,-1.2448467036897353,-0.8721191423685809,1.1379952573414867,0.25946979758805716,0.7567127475426092,0.6789753005552669,0.5969545345792426
7127,0.21531387578511957,-1.5681864291091574,-0.38112724010180754,0.410284830166764,-0.10428874490389983,2.4805956061543566,0.20602454444031237,0.3288100500890057,0.3550175062886978,0.32771537957447533
7128,-0.8606199413133251,-1.5681864291091574,0.6697611090913683,0.410284830166764,-1.1513301959920998,-0.2046050914713833,0.0360728895500186,-0.8835809260295359,-0.8445018941037331,-0.9617984680799367
7129,-1.050490614918933,0.8817216424333439,-1.4320155892949833,0.8240677136308887,-0.17409150830978082,-0.6521385410756733,0.04839823620039314,-1.2134225886500216,-1.2472602329216296,-1.231037623084704
7130,1.7553760061417165,0.8817216424333439,-1.4320155892949833,0.410284830166764,-0.31369703512154284,-1.0996719906799632,0.9469797588057164,1.6660059796315154,1.6596042994162323,1.603058745386531
7131,0.21531387578511957,0.06508561858584352,0.6697611090913683,0.410284830166764,0.7333444159666572,1.5855287069457766,0.1724486001168783,0.3466393291495729,0.2499501135535943,0.38439730694390006
7132,0.4473780324141958,-1.5681864291091574,-1.4320155892949833,-1.2448467036897353,0.8729499427784192,-0.2046050914713833,0.2989427827657653,0.4892735616341074,0.547641059636388,0.6252954982639549
7133,-0.6285557846842488,0.8817216424333439,1.1952052836879563,0.8240677136308887,0.5937388891549003,-0.2046050914713833,0.08335546937257611,-0.6072271005907509,-0.5730777962047154,-0.5225135309668953
7134,0.06763668520297998,0.8817216424333439,1.1952052836879563,0.8240677136308887,0.24472507212550018,-0.2046050914713833,0.222121872177655,0.23074901525588884,0.2587057296148535,0.2710334522050506
7135,1.059183536254488,-0.751550405261657,1.7206494582845442,-0.8310638202256104,0.8031471793725382,-0.6521385410756733,0.2722201561918929,1.041981212511678,1.055466791189388,1.149603326431133
7136,0.5739584814846012,0.8817216424333439,-1.4320155892949833,1.6516334805591384,0.38433059893725724,-0.6521385410756733,0.5383307655527811,0.6943102708306251,0.7665314611678535,0.7811707985298727
7137,-1.0293938734071988,0.8817216424333439,-1.4320155892949833,0.8240677136308887,-1.081527432586219,-0.6521385410756733,0.042713701322849705,-1.1510201119380377,-1.1772153044315605,-1.24520810492706
7138,-0.20662095444956474,-1.5681864291091574,-0.9065714146983955,1.2378505970950135,1.1521609964019384,0.6904618077371967,0.23173776762471446,-0.09017800783431376,-0.08276329677423314,0.044305742727351584
7139,1.5444085910243748,0.06508561858584352,-1.4320155892949833,-1.2448467036897353,0.5937388891549003,-0.2046050914713833,0.6640280507889285,1.4966278285561312,1.3268908890884048,1.4896948906476815
7140,-0.8184264582898567,0.06508561858584352,1.1952052836879563,0.410284830166764,0.035316781907857205,0.2429283581329067,0.05636721032779047,-0.8568370074386863,-0.8620131262262499,-0.8484346133410873
7141,1.6076988155595773,0.8817216424333439,-0.38112724010180754,-1.2448467036897353,0.3145278355313812,-1.0996719906799632,0.6418743027147639,1.4966278285561312,1.5020032103135774,1.5322063361747504
7142,0.5317649984611327,0.8817216424333439,1.1952052836879563,0.8240677136308887,0.3145278355313812,-1.9947388898885432,0.3862296127078574,0.6943102708306251,0.7139977648003013,0.7386593530028038
7143,2.5570521835876163,-1.5681864291091574,1.7206494582845442,0.410284830166764,1.0125554695901813,-1.0996719906799632,0.7223078149072942,1.9958476422520013,2.018584557927835,2.1698780190807785
7144,0.4473780324141958,-1.5681864291091574,1.7206494582845442,0.410284830166764,-1.7097523032391428,0.6904618077371967,0.2188811560325134,0.685395631300342,0.7402646129840774,0.4835906798403931
7145,-0.6074590431725145,-1.5681864291091574,-1.4320155892949833,0.410284830166764,-0.8721191423685809,-0.6521385410756733,0.08797747436646655,-0.4913367866970668,-0.43298793922457746,-0.5508544946516076
7146,-0.20662095444956474,0.06508561858584352,0.14431693449478036,0.410284830166764,-0.5929080887450618,1.5855287069457766,0.15077299049035753,-0.018860891592046524,-0.06525206465171549,-0.11156955753856616
7147,0.6161519645080696,-0.751550405261657,1.1952052836879563,-0.8310638202256104,-3.036004807950862,1.5855287069457766,0.1819051160813898,0.970664096269411,0.8891100860254739,0.4977611616827496
7148,0.7638291550902088,0.8817216424333439,1.1952052836879563,1.2378505970950135,-0.8721191423685809,-0.2046050914713833,0.48212293470753864,0.9350055381482772,0.9591550145155429,0.8236822440569416
7149,-0.03784702235569092,-1.5681864291091574,0.14431693449478036,-0.8310638202256104,0.8729499427784192,-0.2046050914713833,0.13361313286936194,0.10594406183192076,0.14488272081849157,0.22852200667798234
7150,-0.3964916280551725,0.8817216424333439,0.14431693449478036,1.6516334805591384,-0.17409150830978082,-1.0996719906799632,0.17255485310524357,-0.23281224031884826,-0.17907507344807744,-0.22493341227741567
7151,-0.9450069073602619,0.8817216424333439,1.1952052836879563,1.2378505970950135,-0.5231053253391809,-0.6521385410756733,0.05461403601976306,-1.0440444375746376,-1.002102983206388,-1.0609918409764298
7152,-1.0293938734071988,0.8817216424333439,0.14431693449478036,1.2378505970950135,0.1051195453137382,-1.7709721650863983,0.04685756786909632,-1.2223372281803049,-1.1772153044315605,-1.1743556957152792
7153,0.6583454475315381,0.06508561858584352,-0.38112724010180754,-0.8310638202256104,-0.17409150830978082,0.6904618077371967,0.24767571587950912,0.8369445033151597,0.7840426932903704,0.7811707985298727
7154,-0.20662095444956474,-1.5681864291091574,1.1952052836879563,0.410284830166764,-1.221132959397981,0.2429283581329067,0.13425065079955373,-0.0010316125314793153,0.031059712022128826,-0.12574003938092204
7155,-0.9450069073602619,0.8817216424333439,1.1952052836879563,0.410284830166764,-0.31369703512154284,-0.6521385410756733,0.04287308080539765,-1.0529590771049209,-1.0108585992676464,-1.0468213591340738
7156,-0.8395231998015908,-1.5681864291091574,1.1952052836879563,-1.2448467036897353,-0.4533025619332999,1.5855287069457766,0.03729479891621952,-0.9192394841506695,-0.8532575101649915,-0.9192870225528679
7157,0.4473780324141958,1.6983576662808442,1.7206494582845442,1.6516334805591384,2.9670328449548196,-0.6521385410756733,0.15927322955958137,0.4981882011643906,0.4250624347787669,0.8378527258992975
7158,0.4262812909024616,1.6983576662808442,-0.9065714146983955,-0.8310638202256104,5.270524037348857,0.2429283581329067,0.1579981936991978,0.2040050966650384,0.11861587263471549,0.7953412803722286
7159,-0.016750280843956692,0.8817216424333439,1.1952052836879563,0.8240677136308887,0.1749223087196192,-0.6521385410756733,0.18132072464538065,0.1594318990136216,0.17114956900226685,0.18601056115091347
7160,-0.4808785941021094,0.8817216424333439,-0.38112724010180754,0.410284830166764,-0.10428874490389983,-0.2046050914713833,0.08792434787228391,-0.3397879146822491,-0.3191649304282155,-0.33829726701626517
7161,-0.8184264582898567,0.8817216424333439,1.1952052836879563,-0.4172809367614856,0.24472507212550018,-0.2046050914713833,0.06778940657705998,-0.8657516469689694,-0.8445018941037331,-0.8200936496563749
7162,3.000083755334036,0.06508561858584352,1.7206494582845442,-0.8310638202256104,0.035316781907857205,0.2429283581329067,0.7279923497848377,2.3970064211147544,2.254986191581819,2.3115828375043397
7163,-0.8817166828250593,0.8817216424333439,0.14431693449478036,-1.2448467036897353,-0.9419219057744619,-0.2046050914713833,0.04483876109015566,-0.9192394841506695,-0.8707687422875084,-0.9759689499222927
7164,0.08873342671471421,-0.751550405261657,-1.4320155892949833,-1.2448467036897353,0.1051195453137382,1.5855287069457766,0.19003346969133506,0.2664075733770225,0.27621696173737037,0.28520393404740707
7165,-0.1855242129378305,-0.751550405261657,-1.4320155892949833,-1.2448467036897353,-0.6627108521509428,2.033062156550067,0.13340062689263135,-0.02777553112232973,0.0047928638383535295,-0.0832285938538538
7166,-0.1855242129378305,-1.5681864291091574,-1.4320155892949833,-1.2448467036897353,0.9427527061843003,0.2429283581329067,0.13340062689263135,-0.07234872877374655,-0.03898521646793941,0.058476224569708087
7167,-0.1644274714260963,0.8817216424333439,0.6697611090913683,1.2378505970950135,-0.31369703512154284,-0.2046050914713833,0.14099771556075014,0.0167976665290871,0.031059712022128826,-0.012376184642073167
7168,-1.0293938734071988,0.8817216424333439,1.1952052836879563,1.6516334805591384,-0.17409150830978082,-0.2046050914713833,0.0356478775965574,-1.2579957863014386,-1.2034821526153359,-1.231037623084704
7169,-0.9450069073602619,-1.5681864291091574,-0.9065714146983955,-1.2448467036897353,1.0823582329960573,-0.2046050914713833,0.04393561068905063,-1.0707883561654872,-1.072147911696457,-0.9617984680799367
7170,0.5317649984611327,0.8817216424333439,0.14431693449478036,-0.4172809367614856,-0.03448598149801883,-0.6521385410756733,0.6938320140253945,0.6675663522397756,0.7227533808615598,0.681977425633379
7171,0.23641061729685378,0.8817216424333439,0.14431693449478036,-0.8310638202256104,0.4541333623431382,-0.2046050914713833,0.19901184720820272,0.4357857244524066,0.39003997053373235,0.4694201979980372
7172,-0.7762329752663882,0.8817216424333439,1.1952052836879563,-1.2448467036897353,0.035316781907857205,-1.0996719906799632,0.04223556287520586,-0.785519891196419,-0.7394345013686295,-0.7492412404445943
7173,-1.050490614918933,0.8817216424333439,1.1952052836879563,-0.4172809367614856,-0.03448598149801883,-1.0996719906799632,0.05078892843861234,-1.240166507240872,-1.2472602329216296,-1.231037623084704
7174,-1.0082971318954645,-1.5681864291091574,-0.9065714146983955,-1.2448467036897353,1.0823582329960573,-0.2046050914713833,0.04016362960208256,-1.1955933095894553,-1.2034821526153359,-1.0893328046611421
7175,0.5739584814846012,0.06508561858584352,-0.9065714146983955,-0.8310638202256104,0.4541333623431382,1.5855287069457766,0.2629230197099293,0.6943102708306251,0.6527084523714916,0.7244888711604479
7176,-0.5441688186373119,-1.5681864291091574,-0.38112724010180754,-1.2448467036897353,-0.5231053253391809,-0.2046050914713833,0.06630186473994581,-0.4556782285759332,-0.4067210910408021,-0.4800020854398264
7177,-0.8184264582898567,0.8817216424333439,1.1952052836879563,0.410284830166764,0.6635416525607812,-0.6521385410756733,0.05636721032779047,-0.8657516469689694,-0.888279974410026,-0.8059231678140184
7178,-0.8184264582898567,0.06508561858584352,1.1952052836879563,0.410284830166764,-0.24389427171566183,0.6904618077371967,0.05636721032779047,-0.8390077283781191,-0.8620131262262499,-0.8626050951834432
7179,-0.3964916280551725,0.8817216424333439,1.1952052836879563,0.8240677136308887,-0.10428874490389983,-1.0996719906799632,0.11507198639961749,-0.2506415193794147,-0.21409753769311196,-0.23910389411977154
7180,-1.050490614918933,0.8817216424333439,0.14431693449478036,-0.4172809367614856,0.38433059893725724,-0.2046050914713833,0.04707007384582691,-1.3203982630134226,-1.2647714650441464,-1.24520810492706
7181,-0.8395231998015908,0.06508561858584352,-1.4320155892949833,-1.2448467036897353,0.3145278355313812,2.033062156550067,0.04685756786909632,-0.9281541236809527,-0.9408136707775774,-0.8909460588681556
7182,-0.5441688186373119,0.8817216424333439,-0.38112724010180754,1.2378505970950135,-0.38349979852741883,-0.2046050914713833,0.09153694947670403,-0.4645928681062164,-0.424232323163319,-0.4800020854398264
7183,0.40518454939072734,1.6983576662808442,1.7206494582845442,-1.2448467036897353,-2.617188227515581,4.270729404571517,0.15667003134463156,0.7477981080123259,0.6702196844940084,0.3560563432591877
7184,-0.5863623016607803,1.6983576662808442,0.14431693449478036,-0.4172809367614856,1.9897941572724953,0.2429283581329067,0.11390320352759921,-0.6161417401210341,-0.49427725165338804,-0.33829726701626517
7185,0.6372487060198039,-1.5681864291091574,-0.9065714146983955,-0.8310638202256104,-2.1983716470803,2.4805956061543566,0.2316846411305318,0.91717625908771,0.8365763896579225,0.5686135708945302
7186,-0.9239101658485277,-1.5681864291091574,-0.9065714146983955,-1.2448467036897353,0.9427527061843003,-1.0996719906799632,0.0452106465494342,-1.0173005189837871,-1.045881063512681,-0.9334575043952245
7187,0.8482161211371456,-1.5681864291091574,1.1952052836879563,0.8240677136308887,-1.081527432586219,1.1379952573414867,0.4484938638899219,1.0508958520419613,1.1080004875569394,0.9228756169534352
7188,1.5233118495126405,0.06508561858584352,1.1952052836879563,1.6516334805591384,0.8031471793725382,0.6904618077371967,0.8183605163895235,1.3896521541927305,1.3268908890884048,1.4613539269629696
7189,2.599245666611085,0.8817216424333439,0.6697611090913683,-1.2448467036897353,0.8031471793725382,-0.2046050914713833,0.8123572225468841,2.0760793980245524,2.001073325805318,2.1557075372384213
7190,0.02544320217951176,0.06508561858584352,0.6697611090913683,-0.8310638202256104,-0.17409150830978082,1.1379952573414867,0.09488391861021091,0.186175817604472,0.14488272081849157,0.1434991156238452
7191,-1.0293938734071988,0.8817216424333439,-0.9065714146983955,1.6516334805591384,0.1749223087196192,-0.6521385410756733,0.05217021728736121,-1.2134225886500216,-1.2209933847378536,-1.1885261775576352
7192,0.21531387578511957,-1.5681864291091574,0.14431693449478036,-0.8310638202256104,-0.4533025619332999,-1.5472054402842532,0.18695213302874145,0.4803589221038234,0.48635174720757746,0.4269087524709683
7193,-0.20662095444956474,0.06508561858584352,1.1952052836879563,-0.8310638202256104,-2.5473854641097,1.1379952573414867,0.10922807203952611,0.07028550371078714,0.04857094414464647,-0.23910389411977154
7194,-0.5863623016607803,0.8817216424333439,0.14431693449478036,-0.4172809367614856,0.3145278355313812,-1.0996719906799632,0.14785103331031185,-0.5269953448182004,-0.4855216355921296,-0.46583160359747056
7195,1.8186662306769192,0.06508561858584352,-0.38112724010180754,0.410284830166764,0.38433059893725724,0.2429283581329067,0.5840195505498592,1.6838352586920826,1.607070603048681,1.6880816364406688
7196,-0.5230720771255777,0.06508561858584352,1.1952052836879563,-1.2448467036897353,-1.081527432586219,0.6904618077371967,0.09817776124953514,-0.36653183327309874,-0.39796547497954293,-0.4941725672821829
7197,-1.0082971318954645,0.8817216424333439,1.1952052836879563,-0.4172809367614856,0.8031471793725382,-1.0996719906799632,0.05418902406630186,-1.1777640305288881,-1.1947265365540773,-1.1035032865034986
7198,-0.1855242129378305,0.8817216424333439,-1.4320155892949833,0.8240677136308887,0.1749223087196192,-0.2046050914713833,0.17956755033735325,-0.009946252061763314,-0.06525206465171549,-0.012376184642073167
7199,-0.438685111078641,0.8817216424333439,0.14431693449478036,-0.8310638202256104,-0.03448598149801883,-1.5472054402842532,0.06348616054826542,-0.3130439960913987,-0.2578756179994049,-0.28161533964684043
7200,-1.0293938734071988,-0.751550405261657,-0.9065714146983955,-1.2448467036897353,1.0823582329960573,0.6904618077371967,0.02666950007968974,-1.3293129025437058,-1.2647714650441464,-1.1885261775576352
7201,-1.1981678055010725,0.06508561858584352,-0.9065714146983955,0.410284830166764,-2.268174410486181,1.5855287069457766,0.021834989109068694,-1.4897764140888075,-1.5361955629431636,-1.6844930420401014
7202,-0.1855242129378305,-1.5681864291091574,-1.4320155892949833,0.410284830166764,0.4541333623431382,-0.2046050914713833,0.14657599744992827,-0.045604810182896936,-0.003962752222904903,0.03013526088499571
7203,-0.7973297167781225,0.06508561858584352,1.1952052836879563,0.410284830166764,-0.8023163789626999,0.6904618077371967,0.044998140572703606,-0.8479223679084023,-0.7744569656136641,-0.8767755770257997
7204,0.23641061729685378,-0.751550405261657,1.1952052836879563,0.8240677136308887,1.1521609964019384,-1.5472054402842532,0.22759390107846783,0.3020661314981561,0.44257366690128447,0.5119316435251055
7205,-0.5230720771255777,-1.5681864291091574,-1.4320155892949833,0.8240677136308887,-0.10428874490389983,-1.0996719906799632,0.10550921744674069,-0.4200196704547996,-0.39796547497954293,-0.40914967622804577
7206,1.9241499382355902,1.6983576662808442,0.14431693449478036,-0.8310638202256104,2.1992024474901433,-0.2046050914713833,0.4629442703076024,1.585774223858965,1.466980746068543,1.8439569367065858
7207,0.46847477392593007,0.8817216424333439,-0.38112724010180754,-1.2448467036897353,-0.5929080887450618,-0.2046050914713833,0.29336450087658716,0.6943102708306251,0.7139977648003013,0.6252954982639549
7208,-1.155974322477604,-1.5681864291091574,-1.4320155892949833,1.2378505970950135,-1.430541249615619,0.2429283581329067,0.03054773415502311,-1.4273739373768235,-1.396105705963026,-1.5144472599318273
7209,-0.45978185259037524,0.8817216424333439,-0.9065714146983955,-0.8310638202256104,-0.38349979852741883,-0.2046050914713833,0.0712957551931148,-0.33087327515196513,-0.2928980822444394,-0.35246774885862103
7210,-0.5863623016607803,0.8817216424333439,0.14431693449478036,1.2378505970950135,-0.38349979852741883,-0.6521385410756733,0.15231365882165435,-0.4645928681062164,-0.4767660195308704,-0.5083430491245388
7211,0.4262812909024616,0.8817216424333439,0.14431693449478036,-0.8310638202256104,-0.4533025619332999,-1.5472054402842532,0.19518673962705202,0.6943102708306251,0.6439528363102324,0.6111250164215991
7212,-0.20662095444956474,-0.751550405261657,-1.4320155892949833,0.410284830166764,-2.966202044544981,0.2429283581329067,0.14657599744992827,0.10594406183192076,0.14488272081849157,-0.22493341227741567
7213,0.5739584814846012,0.06508561858584352,1.1952052836879563,-0.8310638202256104,0.8031471793725382,0.6904618077371967,0.23380970089783776,0.7567127475426092,0.6789753005552669,0.8236822440569416
7214,0.46847477392593007,0.06508561858584352,1.1952052836879563,-0.8310638202256104,0.38433059893725724,0.28768170309333635,0.20304946076608404,0.6051638755277915,0.5651522917589049,0.6536364619486673
7215,-0.6285557846842488,-0.751550405261657,0.6697611090913683,1.6516334805591384,2.1293996840842575,-0.6521385410756733,0.06800191255379058,-0.723117414484435,-0.6518783407560429,-0.46583160359747056
7216,-0.8395231998015908,0.06508561858584352,-0.9065714146983955,-1.2448467036897353,0.5239361257490193,1.5855287069457766,0.04908888062476757,-0.9281541236809527,-0.9408136707775774,-0.8767755770257997
7217,2.6203424081228195,-1.5681864291091574,1.7206494582845442,0.8240677136308887,0.5937388891549003,0.2429283581329067,0.7717685809913404,2.0760793980245524,2.0798738703566455,2.1557075372384213
7218,0.21531387578511957,-1.5681864291091574,-1.4320155892949833,-1.2448467036897353,0.5937388891549003,0.2429283581329067,0.22924082239812996,0.3377246896192897,0.36377312234995707,0.4269087524709683
7219,0.5317649984611327,0.06508561858584352,1.1952052836879563,-0.8310638202256104,-0.31369703512154284,0.2429283581329067,0.2294002018806779,0.7745420266031756,0.7139977648003013,0.6961479074757362
7220,-0.8606199413133251,-1.5681864291091574,1.1952052836879563,1.2378505970950135,-1.0117246691803428,-0.2046050914713833,0.04637942942145248,-0.8835809260295359,-0.8357462780424739,-0.9476279862375803
7221,0.9747965702075511,0.8817216424333439,1.1952052836879563,-1.2448467036897353,0.1051195453137382,-0.6521385410756733,0.40965839664240555,1.0598104915722446,1.0904892554344225,1.0787509172193523
7222,-1.1137808394541355,0.8817216424333439,0.14431693449478036,-0.4172809367614856,0.035316781907857205,-1.0996719906799632,0.04228868936938852,-1.400630018785973,-1.3523276256567323,-1.3585719596659094
7223,1.6498922985830458,0.8817216424333439,1.1952052836879563,-0.4172809367614856,0.3145278355313812,-0.2046050914713833,0.9206290176911226,1.532286386677265,1.5545369066811288,1.5747177817018192
7224,0.4262812909024616,-1.5681864291091574,0.14431693449478036,-0.4172809367614856,1.0125554695901813,2.4805956061543566,0.5337087605588907,0.4714442825735402,0.44257366690128447,0.5827840527368867
7225,-1.0293938734071988,0.06508561858584352,-1.4320155892949833,0.8240677136308887,-1.988963356862662,0.6904618077371967,0.04940763958986347,-1.0975322747563376,-1.1071703759414915,-1.2735490686117723
7226,-0.6285557846842488,0.8817216424333439,0.14431693449478036,1.2378505970950135,-0.9419219057744619,-0.6521385410756733,0.11501885990543484,-0.5091660657576332,-0.4592547874083535,-0.57919545833632
7227,0.46847477392593007,0.8817216424333439,-1.4320155892949833,-0.8310638202256104,0.4541333623431382,-1.0996719906799632,0.2379004409499017,0.6586517127094915,0.617685988126457,0.6961479074757362
7228,-1.155974322477604,0.8817216424333439,1.1952052836879563,1.6516334805591384,0.1749223087196192,-1.5472054402842532,0.027891409445890667,-1.4986910536190907,-1.4486394023305773,-1.4435948507200465
7229,0.23641061729685378,1.6983576662808442,-0.38112724010180754,-1.2448467036897353,2.1293996840842575,-0.2046050914713833,0.16894225150082345,0.3466393291495729,0.293728193859888,0.5827840527368867
7230,-0.5652655601490462,-0.751550405261657,-1.4320155892949833,0.410284830166764,1.3615692866195812,-1.0996719906799632,0.09174945545343463,-0.5180807052879165,-0.5380553319596809,-0.3808087125433334
7231,-0.9872003903837303,0.8817216424333439,-0.38112724010180754,0.410284830166764,-0.7325136155568189,-0.2046050914713833,0.02767890346916007,-1.1421054724077544,-1.0984147598802323,-1.1743556957152792
7232,-0.8184264582898567,-0.751550405261657,0.14431693449478036,-0.0034980532973608127,1.4313720500254572,-0.2046050914713833,0.02672262657387239,-0.9281541236809527,-0.888279974410026,-0.7634117222869502
7233,1.6076988155595773,-0.751550405261657,1.7206494582845442,0.410284830166764,-2.8963992811391,3.3756625053629365,0.37007915847633216,1.6660059796315154,1.6508486833549738,1.192114771958202
7234,-1.050490614918933,-1.5681864291091574,1.1952052836879563,-1.2448467036897353,0.5937388891549003,-0.2046050914713833,0.023747542899644054,-1.3203982630134226,-1.2209933847378536,-1.2026966593999917
7235,-0.5019753356138434,0.8817216424333439,-0.38112724010180754,-1.2448467036897353,0.1051195453137382,0.2429283581329067,0.07134888168729746,-0.4111050309245164,-0.38045424285702606,-0.3808087125433334
7236,1.481118366489172,-1.5681864291091574,0.6697611090913683,-1.2448467036897353,-0.7325136155568189,0.2429283581329067,0.4502470381979493,1.4342253518441472,1.4582251300072844,1.3196491085394073
7237,1.987440162770793,0.8817216424333439,-0.38112724010180754,0.410284830166764,-0.17409150830978082,-1.0996719906799632,0.7310736864474313,1.8353841307069003,1.7471604600288189,1.7447635638100922
7238,2.5359554420758825,0.06508561858584352,-0.38112724010180754,-0.8310638202256104,-0.7325136155568189,1.1379952573414867,0.8134728789247198,2.0849940375548357,2.0798738703566455,1.9431503096030796
7239,0.6372487060198039,0.8817216424333439,1.1952052836879563,-1.2448467036897353,-0.10428874490389983,-0.6521385410756733,0.36322584072677044,0.7923713056637428,0.8015539254128881,0.7670003166875169
7240,-0.45978185259037524,0.8817216424333439,0.14431693449478036,1.6516334805591384,0.1749223087196192,-0.6521385410756733,0.13329437390426604,-0.36653183327309874,-0.3279205464894739,-0.3241267851739087
7241,-1.050490614918933,0.8817216424333439,0.14431693449478036,1.2378505970950135,0.24472507212550018,-1.0996719906799632,0.046113796950539236,-1.2669104258317225,-1.2385046168603704,-1.2168671412423475
7242,-0.3542981450317041,0.06508561858584352,1.1952052836879563,0.410284830166764,-0.9419219057744619,0.2429283581329067,0.1270254475907135,-0.11692192642516418,-0.12654137708052607,-0.22493341227741567
7243,-0.9872003903837303,0.8817216424333439,1.1952052836879563,0.8240677136308887,-0.24389427171566183,-1.5472054402842532,0.03538224512564416,-1.1510201119380377,-1.0984147598802323,-1.1318442501882104
7244,-0.14333072991436205,0.8817216424333439,1.1952052836879563,-1.2448467036897353,0.1051195453137382,-1.0996719906799632,0.1641077405302024,0.025712306059370308,0.0573265602059049,0.058476224569708087
7245,0.8060226381136772,-0.751550405261657,-0.9065714146983955,-0.8310638202256104,-0.7325136155568189,2.4805956061543566,0.2745577219359294,0.9260908986179933,0.9416437823930253,0.8236822440569416
7246,-0.8184264582898567,-1.5681864291091574,-1.4320155892949833,-1.2448467036897353,0.9427527061843003,-0.2046050914713833,0.048026350741114596,-0.8479223679084023,-0.8795243583487669,-0.7634117222869502
7247,-0.6285557846842488,0.06508561858584352,-1.4320155892949833,0.410284830166764,0.8031471793725382,1.1379952573414867,0.08904000425011953,-0.562653902939334,-0.5818334122659738,-0.4800020854398264
7248,0.21531387578511957,-1.5681864291091574,0.14431693449478036,-0.8310638202256104,-0.5231053253391809,1.5855287069457766,0.2359347606651437,0.3644686082101393,0.39003997053373235,0.31354489773211885
7249,-0.20662095444956474,0.8817216424333439,0.14431693449478036,0.8240677136308887,0.5239361257490193,-0.6521385410756733,0.14482282314190087,-0.02777553112232973,-0.003962752222904903,0.044305742727351584
7250,0.4262812909024616,-0.751550405261657,-1.4320155892949833,0.410284830166764,-0.7325136155568189,2.033062156550067,0.33358125697285235,0.5338467592855243,0.6351972202489738,0.4835906798403931
7251,-1.050490614918933,0.8817216424333439,0.14431693449478036,1.2378505970950135,0.1051195453137382,-0.6521385410756733,0.042607448334484405,-1.2847397048922888,-1.2297490007991119,-1.231037623084704
7252,-0.8184264582898567,0.8817216424333439,-0.38112724010180754,0.8240677136308887,-0.4533025619332999,-0.6521385410756733,0.06741752111778143,-0.8033491702569854,-0.7657013495524049,-0.8200936496563749
7253,0.4473780324141958,0.8817216424333439,0.14431693449478036,-1.2448467036897353,0.6635416525607812,-1.0996719906799632,0.2877330924932264,0.6408224336489251,0.5826635238814225,0.6961479074757362
7254,-0.6285557846842488,0.06508561858584352,-0.38112724010180754,-1.2448467036897353,0.24472507212550018,1.1379952573414867,0.064761196408649,-0.5983124610604676,-0.6256114925722677,-0.57919545833632
7255,0.46847477392593007,0.8817216424333439,0.14431693449478036,-0.8310638202256104,-0.10428874490389983,-0.6521385410756733,0.2488444987515274,0.7032249103609084,0.66146406843275,0.6678069437910232
7256,1.0802802777662222,0.06508561858584352,1.7206494582845442,-0.8310638202256104,-1.430541249615619,0.6904618077371967,0.19640864899325294,1.1846154449962119,1.1167561036181979,0.937046098795791
7257,0.9326030871840826,-1.5681864291091574,0.6697611090913683,-1.2448467036897353,-1.221132959397981,0.6904618077371967,0.29665834351591136,1.1132983287539453,1.1167561036181979,0.937046098795791
7258,-1.0082971318954645,-1.5681864291091574,-0.9065714146983955,1.6516334805591384,-1.1513301959920998,0.2429283581329067,0.04202305689847527,-1.1777640305288881,-1.1334372241252668,-1.24520810492706
7259,-0.7762329752663882,0.06508561858584352,1.1952052836879563,0.8240677136308887,-0.5231053253391809,0.2429283581329067,0.05355150613611008,-0.723117414484435,-0.7394345013686295,-0.777582204129306
7260,-1.0082971318954645,0.06508561858584352,1.1952052836879563,0.410284830166764,0.5937388891549003,0.6904618077371967,0.0382510758115072,-1.2223372281803049,-1.2297490007991119,-1.1601852138729227
7261,-0.3542981450317041,-1.5681864291091574,1.1952052836879563,0.8240677136308887,-1.2909357228038618,-0.2046050914713833,0.11905647346331616,-0.14366584501601382,-0.10027452889675,-0.2674448578044839
7262,-0.3964916280551725,0.8817216424333439,0.14431693449478036,-0.8310638202256104,-0.31369703512154284,-1.0996719906799632,0.07565212771609202,-0.23281224031884826,-0.1615638413255606,-0.22493341227741567
7263,-0.6285557846842488,-1.5681864291091574,-0.9065714146983955,0.410284830166764,0.8031471793725382,1.5855287069457766,0.09307761780800085,-0.6874588563633014,-0.6168558765110084,-0.5650249764939635
7264,0.21531387578511957,0.8817216424333439,-1.4320155892949833,0.8240677136308887,-0.03448598149801883,-0.6521385410756733,0.3309780587579026,0.409041805861557,0.4250624347787669,0.41273827062861246
7265,-0.9661036488719961,0.8817216424333439,-0.38112724010180754,-0.4172809367614856,-0.10428874490389983,-1.5472054402842532,0.04584816447962599,-1.106446914286621,-1.0546366795739395,-1.0751623228187863
7266,0.4262812909024616,-0.751550405261657,1.1952052836879563,0.410284830166764,-2.1983716470803,3.3756625053629365,0.27848908250544546,0.7834566661334595,0.6964865326777845,0.44107923431332485
7267,0.9326030871840826,0.06508561858584352,-0.38112724010180754,0.410284830166764,-0.38349979852741883,0.6904618077371967,0.3639164851511449,1.0330665729813941,1.0467111751281288,0.97955754432286
7268,-0.8606199413133251,-1.5681864291091574,1.7206494582845442,0.410284830166764,1.0823582329960573,-0.6521385410756733,0.03963236466025607,-0.9816419608626535,-0.9933473671451296,-0.8767755770257997
7269,0.5317649984611327,0.8817216424333439,0.14431693449478036,-0.8310638202256104,-0.5929080887450618,-0.6521385410756733,0.24390373479254104,0.738883468482042,0.7927983093516288,0.681977425633379
7270,1.6287955570713115,0.06508561858584352,0.6697611090913683,-0.8310638202256104,0.3145278355313812,1.1379952573414867,0.34006268926313554,1.5144571076166977,1.4232026657622499,1.5038653724900373
7271,-1.050490614918933,-1.5681864291091574,-1.4320155892949833,0.8240677136308887,1.2917665232137003,-1.5472054402842532,0.03293842639324231,-1.293654344422572,-1.2297490007991119,-1.1318442501882104
7272,-1.155974322477604,-1.5681864291091574,-1.4320155892949833,-0.4172809367614856,-0.31369703512154284,-0.6521385410756733,0.03362907081761674,-1.454117855967674,-1.4048613220242845,-1.4294243688776906
7273,-0.5230720771255777,0.06508561858584352,-1.4320155892949833,0.410284830166764,-0.8721191423685809,0.2429283581329067,0.09993093555756255,-0.36653183327309874,-0.4154767071020606,-0.4800020854398264
7274,0.5739584814846012,1.6983576662808442,-1.4320155892949833,-0.8310638202256104,0.3145278355313812,3.8231959549672268,0.2388567178451894,0.7477981080123259,0.6527084523714916,0.7386593530028038
7275,-0.1855242129378305,0.8817216424333439,-1.4320155892949833,-0.8310638202256104,0.6635416525607812,-0.6521385410756733,0.13547256016575465,-0.045604810182896936,-0.021473984345422546,0.044305742727351584
7276,-0.5863623016607803,0.8817216424333439,-0.38112724010180754,1.2378505970950135,-0.03448598149801883,-1.0996719906799632,0.09318387079636614,-0.5002514262273501,-0.4680104034696119,-0.4800020854398264
7277,-0.20662095444956474,0.06508561858584352,0.14431693449478036,0.410284830166764,-1.639949539833262,1.5855287069457766,0.15077299049035753,0.08811478277135434,0.04857094414464647,-0.12574003938092204
7278,1.481118366489172,0.06508561858584352,-0.38112724010180754,0.410284830166764,0.4541333623431382,0.6904618077371967,0.5892790734739415,1.3896521541927305,1.3881802015172156,1.4471834451206125
7279,0.02544320217951176,-1.5681864291091574,-0.38112724010180754,0.8240677136308887,1.2917665232137003,-0.2046050914713833,0.16490463794294213,0.12377334089248797,0.14488272081849157,0.28520393404740707
7280,-0.8184264582898567,0.8817216424333439,-1.4320155892949833,0.8240677136308887,-0.38349979852741883,-0.6521385410756733,0.06077670934495032,-0.8122638097872686,-0.7394345013686295,-0.8059231678140184
7281,0.4262812909024616,-0.751550405261657,-0.38112724010180754,-1.2448467036897353,-2.966202044544981,2.033062156550067,0.25436965414652285,0.6943102708306251,0.6439528363102324,0.2710334522050506
7282,-1.050490614918933,0.8817216424333439,-1.4320155892949833,0.410284830166764,0.1749223087196192,-0.6521385410756733,0.03495723317218297,-1.2758250653620058,-1.2209933847378536,-1.2168671412423475
7283,-0.6074590431725145,0.8817216424333439,1.1952052836879563,1.6516334805591384,0.6635416525607812,-1.0996719906799632,0.10497795250491421,-0.5804831819999005,-0.5555665640821986,-0.4941725672821829
7284,-1.0082971318954645,0.06508561858584352,-1.4320155892949833,0.410284830166764,-0.31369703512154284,0.6904618077371967,0.047813844764384,-1.1955933095894553,-1.212237768676595,-1.2168671412423475
7285,-0.5652655601490462,0.8817216424333439,-0.38112724010180754,0.410284830166764,0.24472507212550018,-1.5472054402842532,0.07188014662912394,-0.4645928681062164,-0.44174355528583586,-0.4233201580704017
7286,-0.8606199413133251,-1.5681864291091574,0.14431693449478036,0.410284830166764,-1.1513301959920998,-0.6521385410756733,0.04420124315996388,-0.8568370074386863,-0.8007238137974394,-0.9334575043952245
7287,-0.9872003903837303,0.8817216424333439,1.1952052836879563,0.8240677136308887,0.035316781907857205,-0.6521385410756733,0.04537002603198215,-1.1421054724077544,-1.1509484562477845,-1.1318442501882104
7288,0.23641061729685378,-1.5681864291091574,-0.38112724010180754,-1.2448467036897353,-1.779555066645019,1.1379952573414867,0.21239972374223026,0.5071028406946738,0.5914191399426809,0.31354489773211885
7289,-0.6285557846842488,-0.751550405261657,-1.4320155892949833,-0.8310638202256104,1.0125554695901813,1.5855287069457766,0.053126494182648885,-0.6339710191816014,-0.5993446443884916,-0.5083430491245388
7290,-0.755136233754654,-0.751550405261657,0.14431693449478036,-1.2448467036897353,1.4313720500254572,-1.5472054402842532,0.05153269935716942,-0.785519891196419,-0.818235045919957,-0.6500478675481006
7291,-0.5441688186373119,0.8817216424333439,1.1952052836879563,0.410284830166764,0.1749223087196192,-1.5472054402842532,0.08393986080858525,-0.4556782285759332,-0.4067210910408021,-0.40914967622804577
7292,-0.20662095444956474,0.06508561858584352,-0.9065714146983955,-1.2448467036897353,0.7333444159666572,1.1379952573414867,0.1477979068161292,-0.045604810182896936,-0.06525206465171549,0.03013526088499571
7293,0.4473780324141958,0.06508561858584352,0.14431693449478036,-1.2448467036897353,0.3145278355313812,0.6904618077371967,0.2839611114062583,0.6051638755277915,0.547641059636388,0.6111250164215991
7294,1.5022151080009063,-1.5681864291091574,-1.4320155892949833,-0.8310638202256104,1.0823582329960573,0.2429283581329067,0.41103968549115444,1.3005057588898967,1.2480903445370775,1.4188424814359009
7295,-1.0082971318954645,0.06508561858584352,1.1952052836879563,0.8240677136308887,-1.779555066645019,0.6904618077371967,0.03426658874780853,-1.1421054724077544,-1.1071703759414915,-1.2735490686117723
7296,-0.8184264582898567,0.8817216424333439,0.14431693449478036,1.2378505970950135,0.38433059893725724,-0.2046050914713833,0.07203952611167189,-0.8568370074386863,-0.8795243583487669,-0.8200936496563749
7297,-0.9239101658485277,-0.751550405261657,-0.9065714146983955,-1.2448467036897353,0.9427527061843003,-1.0996719906799632,0.035222865643096214,-1.061873716635204,-1.002102983206388,-0.9334575043952245
7298,-0.6074590431725145,0.8817216424333439,1.1952052836879563,1.6516334805591384,-0.38349979852741883,-0.6521385410756733,0.12235031610264038,-0.5091660657576332,-0.49427725165338804,-0.5366840128092512
7299,-0.8395231998015908,0.8817216424333439,-1.4320155892949833,1.6516334805591384,0.5937388891549003,-1.5472054402842532,0.05875790256600967,-0.9103248446203863,-0.8707687422875084,-0.8200936496563749
7300,-0.20662095444956474,0.8817216424333439,1.1952052836879563,-1.2448467036897353,0.3145278355313812,-0.6521385410756733,0.12495351431759018,-0.009946252061763314,-0.03898521646793941,0.015964779042639207
7301,-0.8395231998015908,0.8817216424333439,1.1952052836879563,-0.4172809367614856,0.1749223087196192,-0.2046050914713833,0.06337990755990013,-0.8924955655598191,-0.8620131262262499,-0.8484346133410873
7302,-0.14333072991436205,-0.751550405261657,-1.4320155892949833,0.8240677136308887,1.3615692866195812,0.6904618077371967,0.1671359506986134,-0.054519449713180144,-0.03898521646793941,0.11515815193913284
7303,-1.1981678055010725,0.8817216424333439,1.1952052836879563,-1.2448467036897353,0.1749223087196192,-1.5472054402842532,0.019338043882484196,-1.5878374489219242,-1.5274399468819049,-1.5286177417741837
7304,0.21531387578511957,-1.5681864291091574,0.14431693449478036,-1.2448467036897353,0.8729499427784192,1.1379952573414867,0.2248313233809701,0.3198954105587225,0.3462618902274394,0.44107923431332485
7305,2.5570521835876163,-1.5681864291091574,1.7206494582845442,-1.2448467036897353,0.4541333623431382,0.6904618077371967,0.658343515911385,2.040420839903418,2.05360702217287,2.0990256098689968
7306,1.903053196723856,0.06508561858584352,0.6697611090913683,1.6516334805591384,0.035316781907857205,1.5855287069457766,0.6099452797109919,1.6392620610406659,1.5457812906198702,1.588888263544175
7307,0.8904096041606141,-1.5681864291091574,1.7206494582845442,-1.2448467036897353,-2.058766120268543,1.5855287069457766,0.26398554959358234,1.0776397706328118,1.1080004875569394,0.7953412803722286
7308,-0.05894376386742515,-0.751550405261657,0.14431693449478036,-1.2448467036897353,1.7105831036489814,-2.4422723394928334,0.14816979227540775,0.07028550371078714,0.031059712022128826,0.25686297036269473
7309,-1.0082971318954645,0.8817216424333439,1.1952052836879563,-0.4172809367614856,-0.4533025619332999,-0.2046050914713833,0.04877012165967168,-1.1777640305288881,-1.142192840186526,-1.1885261775576352
7310,2.9578902723105673,0.8817216424333439,0.6697611090913683,0.8240677136308887,-0.24389427171566183,-0.2046050914713833,0.801785050204537,2.388091781584471,2.3075198879493697,2.283241873819628
7311,-0.05894376386742515,-1.5681864291091574,1.1952052836879563,1.2378505970950135,0.6635416525607812,-1.5472054402842532,0.21069967592838548,0.09702942230163755,0.13612710475723236,0.18601056115091347
7312,-0.1644274714260963,0.8817216424333439,-0.38112724010180754,1.2378505970950135,0.7333444159666572,-0.2046050914713833,0.15443871858896033,-0.045604810182896936,-0.012718368284164113,0.058476224569708087
7313,1.9663434212590587,0.06508561858584352,-1.4320155892949833,-1.2448467036897353,0.5937388891549003,0.2429283581329067,0.8634649099505923,1.7284084563434994,1.6245818351711978,1.7589340456524494
7314,-1.050490614918933,-0.751550405261657,1.1952052836879563,1.2378505970950135,0.9427527061843003,0.2429283581329067,0.04191680391010997,-1.293654344422572,-1.2472602329216296,-1.1743556957152792
7315,-1.1137808394541355,-1.5681864291091574,0.14431693449478036,0.410284830166764,-2.128568883674419,0.2429283581329067,0.024969452265844978,-1.3203982630134226,-1.256015848982888,-1.4577653325624031
7316,0.7638291550902088,0.8817216424333439,-1.4320155892949833,-1.2448467036897353,0.1051195453137382,-1.0996719906799632,0.35886946820379323,0.8993469800271436,0.9241325502705084,0.9228756169534352
7317,1.5022151080009063,0.06508561858584352,0.6697611090913683,-1.2448467036897353,-0.03448598149801883,1.1379952573414867,0.4964139616426712,1.4074814332532968,1.3444021212109216,1.362160554066476
7318,1.903053196723856,0.8817216424333439,0.6697611090913683,0.8240677136308887,-1.1513301959920998,-0.2046050914713833,0.6427774531158689,1.8442987702371836,1.7821829242738527,1.6172292272288868
7319,0.21531387578511957,-1.5681864291091574,-1.4320155892949833,-0.8310638202256104,1.0125554695901813,0.6904618077371967,0.18732401848801997,0.3288100500890057,0.36377312234995707,0.4694201979980372
7320,-1.1981678055010725,-0.751550405261657,1.1952052836879563,1.6516334805591384,1.4313720500254572,-0.6521385410756733,0.028528927376082452,-1.596752088452208,-1.6062404914332327,-1.471935814404759
7321,0.21531387578511957,-1.5681864291091574,0.14431693449478036,0.410284830166764,0.6635416525607812,0.2429283581329067,0.27413270998246825,0.3466393291495729,0.39879558659499154,0.4552497161556807
7322,-0.6074590431725145,-1.5681864291091574,0.14431693449478036,0.410284830166764,0.9427527061843003,-0.2046050914713833,0.08362110184348935,-0.562653902939334,-0.5730777962047154,-0.46583160359747056
7323,-1.0293938734071988,0.8817216424333439,-1.4320155892949833,-0.4172809367614856,-0.5231053253391809,-0.2046050914713833,0.07007384582691388,-1.2223372281803049,-1.1772153044315605,-1.231037623084704
7324,-1.050490614918933,-1.5681864291091574,1.1952052836879563,1.2378505970950135,1.0125554695901813,0.2429283581329067,0.05381713860702332,-1.3203982630134226,-1.3173051614116977,-1.2168671412423475
7325,0.4473780324141958,0.06508561858584352,0.14431693449478036,-0.8310638202256104,-0.8023163789626999,1.1379952573414867,0.21893428252669606,0.6497370731792083,0.6702196844940084,0.5544430890521743
7326,0.784925896601943,0.8817216424333439,1.7206494582845442,0.410284830166764,0.24472507212550018,-0.6521385410756733,0.2453912766296552,0.9528348172088437,0.8891100860254739,0.951216580638147
7327,0.5317649984611327,0.8817216424333439,1.1952052836879563,1.2378505970950135,-1.1513301959920998,-0.2046050914713833,0.45810975933698134,0.7567127475426092,0.7840426932903704,0.6111250164215991
7328,0.23641061729685378,1.6983576662808442,0.14431693449478036,-0.8310638202256104,2.4784135011136574,-2.889805789097123,0.15916697657121606,0.2842368524375889,0.2149276493085606,0.5544430890521743
7329,1.6287955570713115,-1.5681864291091574,0.6697611090913683,0.8240677136308887,0.6635416525607812,0.2429283581329067,0.5674972108590554,1.4966278285561312,1.4844919781910597,1.5747177817018192
7330,0.4473780324141958,0.06508561858584352,1.1952052836879563,0.8240677136308887,-1.0117246691803428,0.2429283581329067,0.360569516017638,0.738883468482042,0.6702196844940084,0.5686135708945302
7331,-0.8395231998015908,0.8817216424333439,-1.4320155892949833,1.6516334805591384,0.3145278355313812,-0.6521385410756733,0.06577059979811932,-0.8479223679084023,-0.8970355904712844,-0.8342641314987308
7332,1.6076988155595773,0.06508561858584352,1.1952052836879563,-1.2448467036897353,-2.058766120268543,-0.2046050914713833,0.5719598363703979,1.7373230958737826,1.6508486833549738,1.362160554066476
7333,-0.7129427507311856,0.8817216424333439,1.1952052836879563,1.2378505970950135,-0.10428874490389983,-1.0996719906799632,0.095627689528768,-0.6518002982421678,-0.6168558765110084,-0.6358773857057448
7334,-0.7129427507311856,0.8817216424333439,-0.38112724010180754,1.2378505970950135,0.4541333623431382,-1.815725510046828,0.07108324921638422,-0.6963734958935845,-0.6343671086335261,-0.6217069038633883
7335,-0.5019753356138434,-1.5681864291091574,-1.4320155892949833,1.6516334805591384,-0.8721191423685809,-0.2046050914713833,0.12973489879402858,-0.36653183327309874,-0.3279205464894739,-0.43749063991275816
7336,-0.1855242129378305,0.06508561858584352,1.1952052836879563,-1.2448467036897353,0.1749223087196192,1.1379952573414867,0.12686606810816553,-0.045604810182896936,-0.08276329677423314,-0.040717148326785545
7337,1.9663434212590587,0.06508561858584352,-0.38112724010180754,-1.2448467036897353,0.4541333623431382,0.2429283581329067,0.6358710088721246,1.6749206191617994,1.6683599154774906,1.7305930819677364
7338,-0.9872003903837303,0.8817216424333439,1.1952052836879563,-0.4172809367614856,0.6635416525607812,-0.6521385410756733,0.045741911491260695,-1.1955933095894553,-1.1334372241252668,-1.0893328046611421
7339,0.8271193796254115,-1.5681864291091574,1.1952052836879563,1.6516334805591384,0.035316781907857205,0.6904618077371967,0.4616161079530362,0.9082616195574269,0.9066213181479907,0.9087051351110781
7340,0.8693128626488799,-1.5681864291091574,-0.38112724010180754,-1.2448467036897353,-0.9419219057744619,0.2429283581329067,0.3661477979068161,1.0508958520419613,1.0729780233119048,0.9228756169534352
7341,0.9747965702075511,0.06508561858584352,0.14431693449478036,0.8240677136308887,0.6635416525607812,0.2429283581329067,0.5353025553843702,1.0687251311025279,0.985421862699319,1.1070918809040653
7342,-0.5863623016607803,-1.5681864291091574,-1.4320155892949833,0.8240677136308887,-0.7325136155568189,-1.5472054402842532,0.08935876321521542,-0.4556782285759332,-0.38920985891828447,-0.4941725672821829
7343,-0.9872003903837303,0.8817216424333439,-0.38112724010180754,1.2378505970950135,-0.17409150830978082,-0.6521385410756733,0.038782340753333686,-1.1331908328774714,-1.0896591438189738,-1.1176737683458546
7344,-0.8606199413133251,0.8817216424333439,1.1952052836879563,0.410284830166764,0.3145278355313812,-1.591958785244683,0.041810550921744676,-0.9548980422718031,-0.9145468225938014,-0.9051165407105121
7345,-1.050490614918933,-1.5681864291091574,0.14431693449478036,0.410284830166764,0.8031471793725382,-0.2046050914713833,0.03214152898050258,-1.2847397048922888,-1.2297490007991119,-1.1743556957152792
7346,-1.050490614918933,-1.5681864291091574,-1.4320155892949833,-0.4172809367614856,0.035316781907857205,-1.5472054402842532,0.050842054932794985,-1.240166507240872,-1.1947265365540773,-1.2026966593999917
7347,-0.7973297167781225,-1.5681864291091574,-1.4320155892949833,1.6516334805591384,-1.639949539833262,1.1379952573414867,0.0670456356585029,-0.7587759726055686,-0.7219232692461119,-0.8909460588681556
7348,-0.14333072991436205,0.8817216424333439,1.1952052836879563,-1.2448467036897353,-0.03448598149801883,-0.2046050914713833,0.1641077405302024,0.04354158511993751,0.06608217626716334,0.044305742727351584
7349,-0.5441688186373119,0.06508561858584352,1.1952052836879563,0.410284830166764,0.6635416525607812,0.2429283581329067,0.07554587472772671,-0.4645928681062164,-0.424232323163319,-0.36663823070097756
7350,0.6161519645080696,0.8817216424333439,-0.38112724010180754,-1.2448467036897353,0.38433059893725724,-0.2046050914713833,0.2735483185464591,0.7567127475426092,0.7052421487390429,0.7811707985298727
7351,-1.0082971318954645,0.8817216424333439,0.14431693449478036,0.8240677136308887,-0.5231053253391809,-0.6521385410756733,0.0380385698347766,-1.1421054724077544,-1.0984147598802323,-1.1601852138729227
7352,-1.0293938734071988,0.06508561858584352,-1.4320155892949833,0.410284830166764,0.5937388891549003,0.2429283581329067,0.036126016044201244,-1.2847397048922888,-1.2297490007991119,-1.1885261775576352
7353,0.5739584814846012,0.8817216424333439,0.14431693449478036,-1.2448467036897353,0.1051195453137382,-0.6521385410756733,0.27965786537746373,0.7299688289517587,0.7665314611678535,0.752829834845161
7354,-0.1855242129378305,-1.5681864291091574,0.14431693449478036,-1.2448467036897353,0.24472507212550018,0.2429283581329067,0.11799394357966318,-0.08126336830403057,-0.012718368284164113,-0.012376184642073167
7355,-0.14333072991436205,0.8817216424333439,0.14431693449478036,1.2378505970950135,0.6635416525607812,-0.6521385410756733,0.20719332731233067,0.025712306059370308,-0.012718368284164113,0.08681718825442046
7356,-0.8395231998015908,0.06508561858584352,-1.4320155892949833,-0.8310638202256104,-0.8721191423685809,0.6904618077371967,0.03400095627689529,-0.8835809260295359,-0.8357462780424739,-0.9334575043952245
7357,-0.5441688186373119,0.8817216424333439,-1.4320155892949833,-1.2448467036897353,-0.31369703512154284,-0.6521385410756733,0.07554587472772671,-0.4556782285759332,-0.424232323163319,-0.46583160359747056
7358,0.4262812909024616,-1.5681864291091574,-1.4320155892949833,-0.8310638202256104,-2.128568883674419,0.6904618077371967,0.2643043085586782,0.685395631300342,0.7402646129840774,0.4269087524709683
7359,0.23641061729685378,0.06508561858584352,0.14431693449478036,-0.8310638202256104,-0.03448598149801883,0.2429283581329067,0.19173351750517983,0.4357857244524066,0.48635174720757746,0.4552497161556807
7360,0.06763668520297998,0.8817216424333439,1.1952052836879563,0.8240677136308887,0.24472507212550018,-1.0996719906799632,0.2650480794772353,0.25749293384673844,0.27621696173737037,0.29937441588976293
7361,0.21531387578511957,1.6983576662808442,-0.38112724010180754,0.410284830166764,2.687821791331295,-1.0996719906799632,0.17930191786643998,0.24857829431645526,0.20617203324730138,0.5544430890521743
7362,-1.0082971318954645,0.8817216424333439,-0.38112724010180754,0.410284830166764,0.1749223087196192,-0.2046050914713833,0.03442596823035648,-1.1955933095894553,-1.212237768676595,-1.1743556957152792
7363,-0.5019753356138434,0.06508561858584352,0.14431693449478036,-0.8310638202256104,-1.081527432586219,0.2429283581329067,0.09111193752324284,-0.33087327515196513,-0.35418739467325,-0.451661121755114
7364,-1.0293938734071988,0.8817216424333439,1.1952052836879563,1.2378505970950135,-0.17409150830978082,-1.5472054402842532,0.04191680391010997,-1.2223372281803049,-1.1772153044315605,-1.2026966593999917
7365,-1.0293938734071988,-1.5681864291091574,-0.38112724010180754,0.8240677136308887,-0.17409150830978082,1.5855287069457766,0.028900812835360994,-1.2669104258317225,-1.2209933847378536,-1.24520810492706
7366,-0.5441688186373119,-1.5681864291091574,-1.4320155892949833,0.410284830166764,-0.7325136155568189,-0.6521385410756733,0.08696807097699623,-0.39327575186394914,-0.3629430107345084,-0.451661121755114
7367,-1.050490614918933,-1.5681864291091574,-1.4320155892949833,0.8240677136308887,1.4313720500254572,0.6904618077371967,0.03400095627689529,-1.3560568211345563,-1.326060777472957,-1.2026966593999917
7368,0.4473780324141958,0.8817216424333439,0.14431693449478036,-0.8310638202256104,-0.17409150830978082,-0.6521385410756733,0.23683791106624874,0.6140785150580746,0.66146406843275,0.6111250164215991
7369,2.0507303873059954,0.06508561858584352,-1.4320155892949833,0.410284830166764,-0.10428874490389983,0.2429283581329067,0.8116665781225096,1.826469491176617,1.7296492279063014,1.7447635638100922
7370,1.1224737607896906,1.6983576662808442,-1.4320155892949833,-0.8310638202256104,2.2690052108960193,-0.2046050914713833,0.2611698454019019,1.0687251311025279,1.0116887108830943,1.3479900722241203
7371,0.46847477392593007,-1.5681864291091574,-0.9065714146983955,0.410284830166764,1.5011748134313383,0.6904618077371967,0.3425065079955374,0.4981882011643906,0.521374211452612,0.6961479074757362
7372,-0.9872003903837303,0.06508561858584352,0.6697611090913683,0.8240677136308887,0.6635416525607812,0.2429283581329067,0.035488498114009455,-1.1599347514683216,-1.1684596883703013,-1.0893328046611421
7373,0.21531387578511957,-0.751550405261657,0.14431693449478036,-0.8310638202256104,1.0823582329960573,-0.2046050914713833,0.16554215587313392,0.3109807710284393,0.3550175062886978,0.4694201979980372
7374,-1.0293938734071988,0.8817216424333439,1.1952052836879563,0.410284830166764,0.38433059893725724,-0.6521385410756733,0.03708229293948892,-1.240166507240872,-1.2647714650441464,-1.2026966593999917
7375,-0.37539488654343833,-0.751550405261657,-0.9065714146983955,0.410284830166764,-1.988963356862662,2.928129055758647,0.12155341868990065,-0.09909264736459697,-0.1615638413255606,-0.35246774885862103
7376,-1.050490614918933,0.8817216424333439,-1.4320155892949833,1.2378505970950135,-0.5231053253391809,-0.6521385410756733,0.04319183977049355,-1.240166507240872,-1.185970920492819,-1.24520810492706
7377,-0.9872003903837303,0.8817216424333439,-1.4320155892949833,0.410284830166764,-0.6627108521509428,-0.2046050914713833,0.049301386601498166,-1.124276193347188,-1.1246816080640083,-1.1743556957152792
7378,0.5950552229963354,0.06508561858584352,-0.9065714146983955,-0.8310638202256104,0.24472507212550018,0.2429283581329067,0.27296392711045,0.7923713056637428,0.7490202290453358,0.7953412803722286
7379,-1.0293938734071988,-1.5681864291091574,-1.4320155892949833,-1.2448467036897353,-1.8493578300509,0.6904618077371967,0.028900812835360994,-1.1688493909986049,-1.1334372241252668,-1.3018900322964846
7380,-1.0293938734071988,-1.5681864291091574,-1.4320155892949833,-0.4172809367614856,-2.5473854641097,1.1379952573414867,0.05243584975827445,-1.1421054724077544,-1.0809035277577155,-1.330230995981197
7381,-0.20662095444956474,1.6983576662808442,-1.4320155892949833,-0.8310638202256104,2.4784135011136574,-0.6521385410756733,0.10614673537693248,-0.14366584501601382,-0.170319457386819,0.1293286337814887
7382,0.6161519645080696,0.06508561858584352,1.7206494582845442,-1.2448467036897353,0.38433059893725724,0.6904618077371967,0.2149497954629974,0.7299688289517587,0.7490202290453358,0.7811707985298727
7383,0.21531387578511957,0.06508561858584352,-0.9065714146983955,0.410284830166764,-2.128568883674419,2.033062156550067,0.23933485629283324,0.524932119755241,0.48635174720757746,0.22852200667798234
7384,-0.20662095444956474,-0.751550405261657,-0.38112724010180754,1.2378505970950135,0.6635416525607812,-0.6521385410756733,0.15284492376348086,-0.11692192642516418,-0.06525206465171549,-0.012376184642073167
7385,0.6161519645080696,-1.5681864291091574,-1.4320155892949833,-0.8310638202256104,-0.5929080887450618,0.6904618077371967,0.26749189820963715,0.7834566661334595,0.8891100860254739,0.752829834845161
7386,1.5022151080009063,0.8817216424333439,-1.4320155892949833,-0.8310638202256104,0.1051195453137382,-0.6521385410756733,0.5727567337831376,1.4520546309047144,1.3794245854559561,1.4188424814359009
7387,-1.0293938734071988,0.8817216424333439,1.1952052836879563,-1.2448467036897353,-0.38349979852741883,-0.6521385410756733,0.0261913616320459,-1.2134225886500216,-1.1772153044315605,-1.2168671412423475
7388,-0.8184264582898567,-0.751550405261657,-1.4320155892949833,1.2378505970950135,1.6407803402430954,-1.0996719906799632,0.06523933485629284,-0.9370687632112367,-0.8970355904712844,-0.7492412404445943
7389,-1.050490614918933,-0.751550405261657,-0.9065714146983955,-1.2448467036897353,1.0125554695901813,-0.6521385410756733,0.029325824788822185,-1.3293129025437058,-1.282282697166664,-1.2026966593999917
7390,-1.1981678055010725,-1.5681864291091574,1.1952052836879563,1.2378505970950135,0.1749223087196192,-0.6521385410756733,0.02571322318440206,-1.5878374489219242,-1.5361955629431636,-1.5286177417741837
7391,-0.20662095444956474,0.8817216424333439,0.14431693449478036,0.410284830166764,-0.24389427171566183,-0.6521385410756733,0.16277957817563618,-0.009946252061763314,0.013548479899611962,-0.026546666484429042
7392,-0.20662095444956474,0.8817216424333439,1.1952052836879563,-1.2448467036897353,-0.5929080887450618,-0.6521385410756733,0.15752005525155394,-0.0010316125314793153,0.04857094414464647,-0.040717148326785545
7393,0.5528617399728669,0.06508561858584352,-0.9065714146983955,0.410284830166764,-1.7097523032391428,-1.0996719906799632,0.397333049992031,0.86368842190601,0.8015539254128881,0.5969545345792426
7394,-1.0082971318954645,0.06508561858584352,-0.38112724010180754,1.2378505970950135,-0.17409150830978082,0.6904618077371967,0.038782340753333686,-1.2134225886500216,-1.1597040723090428,-1.1885261775576352
7395,-1.0082971318954645,0.8817216424333439,-0.9065714146983955,-1.2448467036897353,0.1749223087196192,-0.2046050914713833,0.031291505073580195,-1.2045079491197386,-1.1509484562477845,-1.146014732030567
7396,-0.5441688186373119,0.06508561858584352,-1.4320155892949833,1.2378505970950135,0.6635416525607812,0.2429283581329067,0.12590979121287788,-0.5091660657576332,-0.4592547874083535,-0.40914967622804577
7397,-1.0082971318954645,-0.751550405261657,-0.38112724010180754,-0.8310638202256104,1.4313720500254572,-0.6521385410756733,0.027466397492429476,-1.2045079491197386,-1.2034821526153359,-1.0609918409764298
7398,0.27860410032032223,0.8817216424333439,-1.4320155892949833,-1.2448467036897353,0.3145278355313812,-1.0996719906799632,0.23237528555490622,0.4536150035129738,0.4688405150850598,0.4977611616827496
7399,-0.6285557846842488,0.06508561858584352,-0.9065714146983955,-1.2448467036897353,-0.4533025619332999,0.6904618077371967,0.0855336556340647,-0.5804831819999005,-0.60810026044975,-0.6358773857057448
7400,-1.0293938734071988,-0.751550405261657,-1.4320155892949833,-1.2448467036897353,1.2917665232137003,-0.2046050914713833,0.028900812835360994,-1.293654344422572,-1.256015848982888,-1.146014732030567
7401,-1.0293938734071988,0.8817216424333439,1.1952052836879563,0.410284830166764,-0.10428874490389983,-1.0996719906799632,0.028900812835360994,-1.2134225886500216,-1.1772153044315605,-1.1885261775576352
7402,-0.5652655601490462,-1.5681864291091574,-0.9065714146983955,0.8240677136308887,-1.639949539833262,0.6904618077371967,0.10131222440631142,-0.4289343099850828,-0.3629430107345084,-0.5650249764939635
7403,-0.7762329752663882,0.8817216424333439,1.1952052836879563,0.8240677136308887,0.38433059893725724,-0.6521385410756733,0.0500982840142379,-0.8122638097872686,-0.7744569656136641,-0.7492412404445943
7404,0.3418943248555247,0.06508561858584352,1.7206494582845442,-1.2448467036897353,0.8031471793725382,0.6904618077371967,0.169314136960102,0.5071028406946738,0.4250624347787669,0.5686135708945302
7405,0.23641061729685378,-1.5681864291091574,-1.4320155892949833,-0.8310638202256104,0.8729499427784192,-0.6521385410756733,0.2003931360569516,0.3466393291495729,0.3725287384112155,0.4694201979980372
7406,0.32079758334379044,-0.751550405261657,0.14431693449478036,-0.8310638202256104,-1.430541249615619,-0.2046050914713833,0.19922435318493334,0.6051638755277915,0.6264416041877154,0.4269087524709683
7407,-0.5230720771255777,0.8817216424333439,1.1952052836879563,-1.2448467036897353,-0.5929080887450618,-0.6521385410756733,0.07549274823354407,-0.38436111233366593,-0.3629430107345084,-0.4233201580704017
7408,2.578148925099351,-1.5681864291091574,1.7206494582845442,-0.8310638202256104,0.4541333623431382,-1.0996719906799632,0.624608192105403,2.067164758494269,2.0798738703566455,2.1273665735537097
7409,0.6372487060198039,0.8817216424333439,1.1952052836879563,1.6516334805591384,0.1749223087196192,-0.6521385410756733,0.4745258460394199,0.8458591428454428,0.7927983093516288,0.8378527258992975
7410,-0.6285557846842488,0.8817216424333439,1.1952052836879563,0.410284830166764,-0.03448598149801883,-1.5472054402842532,0.07698029007065824,-0.5269953448182004,-0.5030328677146465,-0.5083430491245388
7411,0.5950552229963354,0.8817216424333439,0.6697611090913683,0.410284830166764,0.1051195453137382,-0.2046050914713833,0.27477022791266004,0.7210541894214756,0.7665314611678535,0.752829834845161
7412,0.48957151543766425,0.8817216424333439,-0.38112724010180754,-1.2448467036897353,-1.430541249615619,-1.0996719906799632,0.24358497582744515,0.7745420266031756,0.7927983093516288,0.5827840527368867
7413,-1.0293938734071988,0.8817216424333439,0.6697611090913683,-1.2448467036897353,0.6635416525607812,-0.6521385410756733,0.027785156457525367,-1.240166507240872,-1.256015848982888,-1.1743556957152792
7414,-0.5652655601490462,-1.5681864291091574,0.14431693449478036,-0.8310638202256104,-0.8721191423685809,1.1379952573414867,0.06013919141475854,-0.48242214716678283,-0.44174355528583586,-0.5508544946516076
7415,1.3123444343952981,0.06508561858584352,-1.4320155892949833,-1.2448467036897353,-0.4533025619332999,2.033062156550067,0.501885990543484,1.30942039842018,1.2568459605983358,1.2062852538005577
7416,-0.12223398840262782,0.8817216424333439,1.1952052836879563,-1.2448467036897353,-0.10428874490389983,-1.0996719906799632,0.14662912394411093,0.06137086418050393,0.10110464051219785,0.07264670641206396
7417,-0.6285557846842488,0.8817216424333439,-1.4320155892949833,0.410284830166764,-0.17409150830978082,-1.0996719906799632,0.08255857195983637,-0.5537392634090501,-0.5030328677146465,-0.5366840128092512
7418,1.481118366489172,0.06508561858584352,1.7206494582845442,0.410284830166764,-1.5003440130215,1.1379952573414867,0.3986080858524146,1.4698839099652807,1.3794245854559561,1.192114771958202
7419,-0.20662095444956474,0.8817216424333439,1.1952052836879563,-1.2448467036897353,-0.7325136155568189,-1.0996719906799632,0.14577910003718855,0.025712306059370308,0.0573265602059049,-0.040717148326785545
7420,0.23641061729685378,0.06508561858584352,1.1952052836879563,-0.8310638202256104,-0.31369703512154284,1.1379952573414867,0.18185198958720714,0.3912125268009897,0.40755120265625,0.3560563432591877
7421,0.9326030871840826,0.8817216424333439,0.14431693449478036,0.410284830166764,0.1749223087196192,-0.2046050914713833,0.5035329118631462,0.9795787357996941,1.0116887108830943,1.0078985080075717
7422,1.481118366489172,-1.5681864291091574,-0.9065714146983955,-0.8310638202256104,1.0823582329960573,-0.2046050914713833,0.4525314774478032,1.3718228751321633,1.283112808782112,1.4755244088053256
7423,0.8271193796254115,0.8817216424333439,0.14431693449478036,0.410284830166764,0.1749223087196192,-0.2046050914713833,0.43909047441959304,0.91717625908771,0.9153769342092499,0.937046098795791
7424,-0.1855242129378305,-0.751550405261657,1.1952052836879563,-1.2448467036897353,1.2917665232137003,-0.6521385410756733,0.12899112787547148,-0.07234872877374655,-0.056496448590457056,0.08681718825442046
7425,-0.9239101658485277,-1.5681864291091574,-0.9065714146983955,0.8240677136308887,-1.919160593456781,-0.2046050914713833,0.04420124315996388,-0.9103248446203863,-0.8707687422875084,-1.0609918409764298
7426,-0.8184264582898567,0.8817216424333439,1.1952052836879563,1.6516334805591384,0.3145278355313812,-0.6521385410756733,0.057164107740530205,-0.8300930888478358,-0.8620131262262499,-0.8059231678140184
7427,-0.5652655601490462,-1.5681864291091574,0.14431693449478036,0.410284830166764,1.0125554695901813,0.2429283581329067,0.08383360782021994,-0.5359099843484837,-0.5030328677146465,-0.40914967622804577
7428,-0.20662095444956474,-0.751550405261657,0.14431693449478036,-0.8310638202256104,-0.10428874490389983,1.5855287069457766,0.1120437762312065,-0.06343408924346336,-0.04774083252919862,-0.0690581120114973
7429,1.5233118495126405,0.06508561858584352,1.1952052836879563,0.8240677136308887,-0.17409150830978082,0.2429283581329067,0.7016416086702438,1.478798549495564,1.3794245854559561,1.390501517751188
7430,0.21531387578511957,0.8817216424333439,-1.4320155892949833,-1.2448467036897353,-0.03448598149801883,-0.2046050914713833,0.2624448812622855,0.4268710849221234,0.44257366690128447,0.4269087524709683
7431,-0.20662095444956474,0.8817216424333439,-0.9065714146983955,0.410284830166764,-0.10428874490389983,0.2429283581329067,0.16426712001275035,-0.06343408924346336,-0.03022960040668098,-0.054887630169141416
7432,-0.9872003903837303,0.8817216424333439,1.1952052836879563,1.2378505970950135,0.035316781907857205,-1.0996719906799632,0.044520002125059764,-1.124276193347188,-1.0809035277577155,-1.0893328046611421
7433,0.7638291550902088,0.8817216424333439,-0.9065714146983955,0.410284830166764,0.24472507212550018,-0.2046050914713833,0.42703076024013176,0.86368842190601,0.871598853902957,0.8945346532687222
7434,0.9536998286958168,-1.5681864291091574,0.6697611090913683,-1.2448467036897353,0.24472507212550018,0.2429283581329067,0.302767890346916,1.0063226543905446,1.0204443269443535,1.0362394716922834
7435,0.4262812909024616,1.6983576662808442,0.14431693449478036,-0.8310638202256104,2.618019027925419,-1.5472054402842532,0.2052807735217553,0.4179564453918402,0.3725287384112155,0.7244888711604479
7436,-1.155974322477604,0.8817216424333439,-1.4320155892949833,1.6516334805591384,0.24472507212550018,-0.2046050914713833,0.03060086064920576,-1.507605693149374,-1.4573950183918358,-1.4435948507200465
7437,-1.1770710639893383,-1.5681864291091574,-0.38112724010180754,1.2378505970950135,-0.31369703512154284,-0.6521385410756733,0.02385379588800935,-1.5343496117402242,-1.4836618665756118,-1.5286177417741837
7438,-0.8817166828250593,0.8817216424333439,0.6697611090913683,1.6516334805591384,0.5937388891549003,-1.5472054402842532,0.040694894543909045,-0.9905566003929368,-0.9495692868388359,-0.9051165407105121
7439,-1.0293938734071988,0.06508561858584352,0.14431693449478036,1.2378505970950135,-1.430541249615619,0.6904618077371967,0.04255432184030176,-1.1421054724077544,-1.0896591438189738,-1.231037623084704
7440,0.6161519645080696,0.8817216424333439,-0.9065714146983955,-0.8310638202256104,0.4541333623431382,-0.2046050914713833,0.2849705147957286,0.7299688289517587,0.7577758451065942,0.7953412803722286
7441,0.4473780324141958,-0.751550405261657,-0.38112724010180754,0.8240677136308887,1.4313720500254572,0.6904618077371967,0.2929926154173086,0.5427613988158074,0.49510736326883587,0.6961479074757362
7442,0.5317649984611327,0.8817216424333439,0.6697611090913683,-1.2448467036897353,-0.5231053253391809,-0.2046050914713833,0.2387504648568241,0.7299688289517587,0.7752870772291119,0.681977425633379
7443,0.4262812909024616,1.6983576662808442,-1.4320155892949833,-0.8310638202256104,-3.105807571356743,2.033062156550067,0.21420602454444032,0.7210541894214756,0.7490202290453358,0.31354489773211885
7444,0.4473780324141958,0.06508561858584352,1.1952052836879563,-1.2448467036897353,0.6635416525607812,0.6904618077371967,0.25543218403017587,0.6051638755277915,0.5388854435751288,0.6536364619486673
7445,0.5950552229963354,-1.5681864291091574,1.7206494582845442,-0.8310638202256104,0.5239361257490193,1.1379952573414867,0.22058120384635818,0.6943102708306251,0.731508996922819,0.7811707985298727
7446,-1.0082971318954645,-1.5681864291091574,1.1952052836879563,0.8240677136308887,1.0125554695901813,-1.0996719906799632,0.043988737183233276,-1.1955933095894553,-1.1947265365540773,-1.0893328046611421
7447,1.5022151080009063,-0.751550405261657,1.7206494582845442,-1.2448467036897353,1.6407803402430954,1.5855287069457766,0.3459066036232269,1.3005057588898967,1.2480903445370775,1.5038653724900373
7448,-0.8184264582898567,0.8817216424333439,-1.4320155892949833,-1.2448467036897353,0.24472507212550018,-1.5472054402842532,0.04011050310789991,-0.8657516469689694,-0.8094794298586986,-0.8059231678140184
7449,1.903053196723856,-1.5681864291091574,0.6697611090913683,-1.2448467036897353,0.035316781907857205,0.2429283581329067,0.5230303352281783,1.6214327819800984,1.6858711476000083,1.6455701909135998
7450,0.48957151543766425,0.8817216424333439,-0.38112724010180754,-1.2448467036897353,-1.360738486209743,-0.2046050914713833,0.2665887478085321,0.8102005847243092,0.731508996922819,0.5827840527368867
7451,-1.0293938734071988,0.06508561858584352,-1.4320155892949833,1.2378505970950135,-0.31369703512154284,0.2429283581329067,0.04908888062476757,-1.2223372281803049,-1.1772153044315605,-1.2168671412423475
7452,-0.1855242129378305,-0.751550405261657,-1.4320155892949833,-1.2448467036897353,0.7333444159666572,2.928129055758647,0.1496573341125219,-0.11692192642516418,-0.170319457386819,-0.054887630169141416
7453,0.46847477392593007,0.8817216424333439,0.14431693449478036,0.8240677136308887,-0.5231053253391809,-0.6521385410756733,0.433352813047867,0.7032249103609084,0.66146406843275,0.6111250164215991
7454,-0.755136233754654,0.8817216424333439,-0.9065714146983955,0.8240677136308887,-0.31369703512154284,-0.6521385410756733,0.06874568347234766,-0.723117414484435,-0.7569457334911465,-0.7634117222869502
7455,-0.5441688186373119,0.8817216424333439,1.1952052836879563,1.6516334805591384,-0.17409150830978082,-1.5472054402842532,0.11103437284173617,-0.4200196704547996,-0.43298793922457746,-0.43749063991275816
7456,-0.3121046620082356,0.8817216424333439,-0.9065714146983955,1.6516334805591384,-0.7325136155568189,-0.2046050914713833,0.227115762630824,-0.09017800783431376,-0.07400768071297392,-0.1682514849079909
7457,0.257507358808588,-0.751550405261657,-0.9065714146983955,-1.2448467036897353,-1.081527432586219,-0.6521385410756733,0.2793922329065505,0.4892735616341074,0.5126185953913535,0.3560563432591877
7458,-0.3542981450317041,0.06508561858584352,-1.4320155892949833,-0.8310638202256104,-2.268174410486181,1.5855287069457766,0.09429952717420177,-0.08126336830403057,-0.1352969931417845,-0.36663823070097756
7459,0.9747965702075511,0.06508561858584352,0.6697611090913683,-0.8310638202256104,-1.1513301959920998,0.6904618077371967,0.26988259044785634,1.1578715264053623,1.0992448714956808,0.951216580638147
7460,0.5106682569493985,0.8817216424333439,0.14431693449478036,-0.8310638202256104,0.035316781907857205,-0.6521385410756733,0.24597566806566434,0.7121395498911923,0.66146406843275,0.681977425633379
7461,1.1013770192779564,0.06508561858584352,0.14431693449478036,0.410284830166764,-0.5929080887450618,0.6904618077371967,0.5537374488657494,1.2381032821779128,1.1605341839244907,1.1070918809040653
7462,0.21531387578511957,-1.5681864291091574,1.1952052836879563,-0.8310638202256104,0.38433059893725724,0.2429283581329067,0.1805238272326409,0.3733832477404233,0.40755120265625,0.44107923431332485
7463,0.4262812909024616,0.06508561858584352,0.14431693449478036,-1.2448467036897353,-1.360738486209743,0.6904618077371967,0.26871380757583807,0.6764809917700587,0.7139977648003013,0.5119316435251055
7464,-0.7762329752663882,0.8817216424333439,-1.4320155892949833,1.6516334805591384,-0.03448598149801883,-1.0996719906799632,0.07575838070445731,-0.776605251666135,-0.7569457334911465,-0.7634117222869502
7465,-0.5652655601490462,-1.5681864291091574,-0.9065714146983955,0.8240677136308887,-0.8721191423685809,0.2429283581329067,0.11528449237634808,-0.4111050309245164,-0.38045424285702606,-0.4800020854398264
7466,-0.8395231998015908,-0.751550405261657,1.7206494582845442,0.8240677136308887,1.5709775768372194,-0.6521385410756733,0.030122722201561918,-0.9548980422718031,-0.9145468225938014,-0.777582204129306
7467,0.4262812909024616,-1.5681864291091574,0.14431693449478036,1.6516334805591384,0.38433059893725724,-0.2046050914713833,0.466025606970196,0.5427613988158074,0.5914191399426809,0.6111250164215991
7468,-0.8817166828250593,0.8817216424333439,-0.9065714146983955,1.2378505970950135,-0.7325136155568189,-0.2046050914713833,0.06747064761196409,-0.9281541236809527,-0.8707687422875084,-0.9617984680799367
7469,-0.7973297167781225,0.8817216424333439,-1.4320155892949833,0.410284830166764,0.24472507212550018,-0.6521385410756733,0.05440153004303246,-0.8300930888478358,-0.8445018941037331,-0.8059231678140184
7470,-0.9239101658485277,0.8817216424333439,0.14431693449478036,0.410284830166764,-0.17409150830978082,-1.0996719906799632,0.03341656484088615,-1.0351297980443537,-0.9933473671451296,-1.0184803954493615
7471,-0.5019753356138434,0.8817216424333439,-0.38112724010180754,0.410284830166764,-0.38349979852741883,-0.2046050914713833,0.07373957392551665,-0.39327575186394914,-0.35418739467325,-0.40914967622804577
7472,-0.8184264582898567,0.8817216424333439,-1.4320155892949833,-1.2448467036897353,0.5937388891549003,-0.2046050914713833,0.051479572862986774,-0.8924955655598191,-0.888279974410026,-0.8200936496563749
7473,-0.8184264582898567,-1.5681864291091574,-1.4320155892949833,-1.2448467036897353,0.035316781907857205,1.1379952573414867,0.03745417839876747,-0.8835809260295359,-0.8357462780424739,-0.8484346133410873
7474,0.46847477392593007,0.8817216424333439,-0.9065714146983955,1.6516334805591384,-0.5231053253391809,-0.6521385410756733,0.6250332040588642,0.7032249103609084,0.7139977648003013,0.6394659801063115
7475,-0.9872003903837303,0.06508561858584352,-0.38112724010180754,0.8240677136308887,-1.5701467764273809,0.6904618077371967,0.03947298517770812,-1.0707883561654872,-1.0984147598802323,-1.2168671412423475
7476,0.6372487060198039,0.8817216424333439,1.1952052836879563,0.410284830166764,0.38433059893725724,-0.6521385410756733,0.33931891834457845,0.801285945194026,0.7490202290453358,0.8236822440569416
7477,-1.0293938734071988,-1.5681864291091574,0.14431693449478036,0.410284830166764,0.24472507212550018,-1.5472054402842532,0.026563247091324443,-1.240166507240872,-1.1772153044315605,-1.1743556957152792
7478,-0.6074590431725145,0.8817216424333439,0.14431693449478036,1.6516334805591384,-0.03448598149801883,-0.6521385410756733,0.10614673537693248,-0.5448246238787668,-0.5117884837759049,-0.5225135309668953
7479,-1.050490614918933,-1.5681864291091574,-1.4320155892949833,-1.2448467036897353,1.0125554695901813,-0.6521385410756733,0.035860383573287996,-1.2758250653620058,-1.282282697166664,-1.1743556957152792
7480,-0.9239101658485277,-1.5681864291091574,0.14431693449478036,0.410284830166764,-0.31369703512154284,0.6904618077371967,0.03936673218934283,-1.0529590771049209,-0.9933473671451296,-1.0609918409764298
7481,-0.9661036488719961,-1.5681864291091574,1.1952052836879563,-1.2448467036897353,-0.17409150830978082,-0.6521385410756733,0.026935132550602987,-1.1421054724077544,-1.0633922956351987,-1.1035032865034986
7482,-0.9028134243367935,0.06508561858584352,-1.4320155892949833,0.410284830166764,-1.0117246691803428,0.2429283581329067,0.043085586782128246,-0.9816419608626535,-0.9408136707775774,-1.0468213591340738
7483,1.5233118495126405,0.8817216424333439,0.6697611090913683,0.8240677136308887,0.4541333623431382,-0.2046050914713833,0.5653190245975668,1.4163960727835807,1.4232026657622499,1.4755244088053256
7484,-0.6285557846842488,0.06508561858584352,-0.9065714146983955,0.410284830166764,0.24472507212550018,0.2429283581329067,0.09307761780800085,-0.6250563796513173,-0.5730777962047154,-0.5650249764939635
7485,-0.6285557846842488,-0.751550405261657,1.7206494582845442,1.6516334805591384,1.6407803402430954,-0.2046050914713833,0.05870477607182702,-0.6518002982421678,-0.6869008050010774,-0.4941725672821829
7486,-0.8817166828250593,0.8817216424333439,0.14431693449478036,0.410284830166764,-0.9419219057744619,-1.0996719906799632,0.04627317643308718,-0.9103248446203863,-0.8532575101649915,-0.9617984680799367
7487,-0.7762329752663882,0.8817216424333439,0.14431693449478036,-1.2448467036897353,-0.31369703512154284,-0.6521385410756733,0.03926047920097753,-0.776605251666135,-0.7306788853073704,-0.777582204129306
7488,-1.050490614918933,0.06508561858584352,1.1952052836879563,0.8240677136308887,0.5239361257490193,-1.0996719906799632,0.04122615948573553,-1.2579957863014386,-1.299793929289181,-1.2168671412423475
7489,-0.20662095444956474,-1.5681864291091574,-0.9065714146983955,-1.2448467036897353,-0.4533025619332999,-0.2046050914713833,0.14221962492695106,0.007883026998803893,-0.06525206465171549,-0.0832285938538538
7490,-0.7340394922429198,0.06508561858584352,1.7206494582845442,-0.8310638202256104,-0.5929080887450618,-0.2046050914713833,0.0382510758115072,-0.6963734958935845,-0.7306788853073704,-0.6925593130751695
7491,-0.9872003903837303,0.8817216424333439,-1.4320155892949833,1.6516334805591384,0.035316781907857205,-0.6521385410756733,0.05062954895606439,-1.1331908328774714,-1.1334372241252668,-1.1176737683458546
7492,0.8693128626488799,0.06508561858584352,0.14431693449478036,0.8240677136308887,-0.31369703512154284,-0.2046050914713833,0.47171014184773946,1.041981212511678,0.985421862699319,0.9653870624805029
7493,0.4262812909024616,1.6983576662808442,1.1952052836879563,-1.2448467036897353,4.991312983725344,-0.6521385410756733,0.20363385220209318,0.3822978872707065,0.32875065810492254,0.97955754432286
7494,1.7131825231182485,0.06508561858584352,1.7206494582845442,-0.4172809367614856,0.24472507212550018,0.2429283581329067,0.549859214790416,1.6036035029195321,1.5195144424360942,1.588888263544175
7495,-0.5652655601490462,-1.5681864291091574,0.6697611090913683,0.8240677136308887,-0.10428874490389983,-0.338865126352669,0.06832067151888647,-0.4913367866970668,-0.4592547874083535,-0.4800020854398264
7496,-0.14333072991436205,0.8817216424333439,0.14431693449478036,-0.8310638202256104,0.6635416525607812,-0.2046050914713833,0.12091590075970887,0.0167976665290871,0.04857094414464647,0.11515815193913284
7497,0.257507358808588,-1.5681864291091574,-0.38112724010180754,0.8240677136308887,-1.430541249615619,2.4805956061543566,0.2508101790362854,0.5427613988158074,0.48635174720757746,0.32771537957447533
7498,1.5022151080009063,-1.5681864291091574,-1.4320155892949833,0.410284830166764,0.4541333623431382,0.6904618077371967,0.7814376029325825,1.36290823560188,1.4232026657622499,1.4471834451206125
7499,0.6372487060198039,0.8817216424333439,0.14431693449478036,0.410284830166764,-0.24389427171566183,-0.6521385410756733,0.4031769643521224,0.8458591428454428,0.7927983093516288,0.7811707985298727
7500,0.6372487060198039,0.8817216424333439,-0.38112724010180754,0.8240677136308887,-0.24389427171566183,-0.2046050914713833,0.3437284173617383,0.8191152242545933,0.7927983093516288,0.7670003166875169
7501,-0.9872003903837303,0.8817216424333439,-0.38112724010180754,0.8240677136308887,-0.24389427171566183,-0.2046050914713833,0.030760240131753706,-1.1510201119380377,-1.0896591438189738,-1.1318442501882104
7502,0.48957151543766425,0.06508561858584352,1.1952052836879563,-1.2448467036897353,-0.8721191423685809,1.1379952573414867,0.27121075280242257,0.7032249103609084,0.6527084523714916,0.5544430890521743
7503,-0.1855242129378305,-1.5681864291091574,-1.4320155892949833,-1.2448467036897353,1.2219637598078192,-0.2046050914713833,0.14264463688041226,-0.09017800783431376,-0.04774083252919862,0.07264670641206396
7504,0.004346460667777534,-1.5681864291091574,0.14431693449478036,0.8240677136308887,0.38433059893725724,-0.2046050914713833,0.19763055835945387,0.1683465385439048,0.1886608011247845,0.22852200667798234
7505,1.5655053325361088,0.8817216424333439,-0.38112724010180754,-1.2448467036897353,-0.4533025619332999,-0.6521385410756733,0.4989109068692557,1.5501156657378312,1.4757363621298014,1.4471834451206125
7506,-0.03784702235569092,0.8817216424333439,-0.9065714146983955,-1.2448467036897353,-0.4533025619332999,-0.2046050914713833,0.1707485523030335,0.1950904571347552,0.20617203324730138,0.1434991156238452
7507,1.059183536254488,0.8817216424333439,-0.38112724010180754,0.410284830166764,0.8031471793725382,-0.6521385410756733,0.2861924241619296,1.1311276078145118,1.0729780233119048,1.2062852538005577
7508,-1.0082971318954645,0.06508561858584352,0.14431693449478036,0.410284830166764,-0.24389427171566183,1.1379952573414867,0.043988737183233276,-1.1688493909986049,-1.185970920492819,-1.1885261775576352
7509,-0.1855242129378305,0.8817216424333439,1.1952052836879563,-1.2448467036897353,-0.8023163789626999,-0.2046050914713833,0.11863146150985497,-0.009946252061763314,0.0573265602059049,-0.0690581120114973
7510,-1.050490614918933,0.8817216424333439,0.14431693449478036,-0.4172809367614856,-0.5929080887450618,-0.6521385410756733,0.04707007384582691,-1.2490811467711553,-1.1947265365540773,-1.2593785867694165
7511,0.46847477392593007,-1.5681864291091574,0.14431693449478036,1.6516334805591384,-0.5929080887450618,-0.6521385410756733,0.489029378951283,0.6319077941186418,0.6702196844940084,0.5686135708945302
7512,1.059183536254488,0.06508561858584352,0.14431693449478036,0.410284830166764,-0.9419219057744619,0.6904618077371967,0.5264304308558678,1.1846154449962119,1.213067880292043,1.0504099535346405
7513,1.059183536254488,-1.5681864291091574,1.1952052836879563,-1.2448467036897353,-0.5231053253391809,-0.2046050914713833,0.4242150560484514,1.140042247344795,1.1605341839244907,1.0645804353769965
7514,0.4473780324141958,-0.751550405261657,-0.9065714146983955,0.410284830166764,-1.1513301959920998,2.928129055758647,0.31801519417733626,0.5605906778763746,0.5126185953913535,0.38439730694390006
7515,1.6287955570713115,0.06508561858584352,1.7206494582845442,0.8240677136308887,-0.31369703512154284,0.6904618077371967,0.46496307708654305,1.5501156657378312,1.493247594252319,1.4613539269629696
7516,-0.1855242129378305,0.06508561858584352,-1.4320155892949833,1.6516334805591384,-1.919160593456781,0.6904618077371967,0.17956755033735325,0.13268798042277116,0.07483779232842254,-0.12574003938092204
7517,-0.8184264582898567,-1.5681864291091574,1.1952052836879563,0.410284830166764,0.6635416525607812,1.1379952573414867,0.044360622642511824,-0.9103248446203863,-0.8620131262262499,-0.8200936496563749
7518,-0.1644274714260963,0.8817216424333439,0.6697611090913683,0.410284830166764,-1.0117246691803428,-0.2046050914713833,0.18015194177336238,0.07920014324107114,0.10986025657345705,-0.026546666484429042
7519,-0.438685111078641,-1.5681864291091574,1.1952052836879563,0.410284830166764,0.7333444159666572,-0.6521385410756733,0.08266482494820167,-0.38436111233366593,-0.34543177861199154,-0.28161533964684043
7520,1.0380867947427537,-1.5681864291091574,0.6697611090913683,0.8240677136308887,-0.4533025619332999,0.2429283581329067,0.2954895606438931,1.1132983287539453,1.1342673357407154,1.0504099535346405
7521,-1.0926840979424013,0.8817216424333439,0.14431693449478036,-1.2448467036897353,-0.8023163789626999,-1.0996719906799632,0.025553843701854116,-1.3114836234831393,-1.256015848982888,-1.330230995981197
7522,-0.20662095444956474,0.06508561858584352,1.1952052836879563,1.6516334805591384,-0.8023163789626999,1.1379952573414867,0.15932635605376402,0.03462694558965351,-0.03898521646793941,-0.09739907569620966
7523,-0.5230720771255777,-1.5681864291091574,-1.4320155892949833,-1.2448467036897353,1.0125554695901813,0.2429283581329067,0.07336768846623812,-0.4645928681062164,-0.44174355528583586,-0.33829726701626517
7524,-1.0293938734071988,0.8817216424333439,-0.38112724010180754,0.410284830166764,0.1749223087196192,-0.2046050914713833,0.0333634383467035,-1.2045079491197386,-1.2297490007991119,-1.1885261775576352
7525,0.6583454475315381,0.8817216424333439,1.7206494582845442,-0.8310638202256104,-0.03448598149801883,-0.2046050914713833,0.21739361419539924,0.801285945194026,0.8365763896579225,0.8095117622145858
7526,2.5359554420758825,0.06508561858584352,0.6697611090913683,0.410284830166764,-0.7325136155568189,1.1379952573414867,0.8868936938851405,2.0849940375548357,2.001073325805318,1.9006388640760106
7527,-0.8817166828250593,0.8817216424333439,0.14431693449478036,1.6516334805591384,-0.6627108521509428,0.2429283581329067,0.05116081389789088,-0.9281541236809527,-0.888279974410026,-0.9617984680799367
7528,-0.8184264582898567,-0.751550405261657,0.14431693449478036,0.410284830166764,1.0125554695901813,-0.2046050914713833,0.04584816447962599,-0.8835809260295359,-0.8532575101649915,-0.7634117222869502
7529,0.8482161211371456,-1.5681864291091574,0.14431693449478036,0.8240677136308887,-2.128568883674419,0.6904618077371967,0.5086330553046804,1.0330665729813941,1.16928979998575,0.7953412803722286
7530,1.67098904009478,0.8817216424333439,0.6697611090913683,-0.8310638202256104,-0.8721191423685809,-1.0996719906799632,0.47681028528927377,1.6838352586920826,1.5895593709261633,1.4896948906476815
7531,-0.20662095444956474,0.06508561858584352,-1.4320155892949833,0.410284830166764,-0.17409150830978082,0.6904618077371967,0.14992296658343515,-0.0010316125314793153,-0.04774083252919862,-0.040717148326785545
7532,2.915696789287099,0.8817216424333439,1.7206494582845442,0.410284830166764,-1.0117246691803428,-0.2046050914713833,0.8727089199383733,2.388091781584471,2.3775648164394387,2.1840485009231343
7533,-0.6285557846842488,0.06508561858584352,1.1952052836879563,0.8240677136308887,0.5239361257490193,0.2429283581329067,0.08627742655262179,-0.5893978215301837,-0.5468109480209394,-0.5083430491245388
7534,-0.8395231998015908,-1.5681864291091574,1.1952052836879563,1.6516334805591384,-0.8023163789626999,0.6904618077371967,0.046113796950539236,-0.8835809260295359,-0.818235045919957,-0.9192870225528679
7535,-1.050490614918933,0.8817216424333439,0.6697611090913683,1.2378505970950135,0.035316781907857205,-1.5472054402842532,0.0286883068586304,-1.2579957863014386,-1.212237768676595,-1.2168671412423475
7536,-0.41758836956690676,-0.751550405261657,1.1952052836879563,0.410284830166764,1.7803858670548574,-0.2046050914713833,0.09525580406948946,-0.3754464728033827,-0.31040931436695707,-0.1540810030656344
7537,0.48957151543766425,0.8817216424333439,0.6697611090913683,-1.2448467036897353,0.3145278355313812,0.2429283581329067,0.23556287520586516,0.6408224336489251,0.5914191399426809,0.6536364619486673
7538,3.0633739798692377,0.8817216424333439,-0.38112724010180754,-1.2448467036897353,0.4541333623431382,-0.6521385410756733,0.7622589385326463,2.379177142054188,2.3075198879493697,2.3966057285584776
7539,-0.6285557846842488,0.8817216424333439,1.7206494582845442,0.8240677136308887,0.8729499427784192,-0.6521385410756733,0.0522764702757265,-0.5804831819999005,-0.5993446443884916,-0.4941725672821829
7540,0.8060226381136772,0.8817216424333439,1.1952052836879563,-1.2448467036897353,0.5239361257490193,-1.0996719906799632,0.32470913244435,0.9260908986179933,0.8803544699642155,0.9653870624805029
7541,3.1688576874279084,0.06508561858584352,-0.38112724010180754,-0.8310638202256104,-0.8023163789626999,0.6904618077371967,0.7460022313127557,2.379177142054188,2.3075198879493697,2.1840485009231343
7542,2.3249880269585406,0.06508561858584352,1.1952052836879563,-0.8310638202256104,0.8729499427784192,0.2429283581329067,0.7394676725282898,1.9601890841308676,1.860983468825181,2.028173200657216
7543,-0.8606199413133251,-1.5681864291091574,1.7206494582845442,1.2378505970950135,0.5239361257490193,0.2429283581329067,0.038144822823141904,-0.99947123992322,-0.932058054716319,-0.9051165407105121
7544,2.5570521835876163,-1.5681864291091574,0.6697611090913683,0.410284830166764,0.38433059893725724,0.6904618077371967,0.8481644796259895,2.040420839903418,2.071118254295387,2.0990256098689968
7545,-0.1855242129378305,-0.751550405261657,1.1952052836879563,0.410284830166764,1.6407803402430954,-0.6521385410756733,0.11995962386442119,-0.08126336830403057,-0.11778576101926763,0.08681718825442046
7546,-0.8606199413133251,-1.5681864291091574,0.6697611090913683,1.2378505970950135,-0.31369703512154284,0.2429283581329067,0.04276682781703235,-0.8835809260295359,-0.8357462780424739,-0.8767755770257997
7547,-1.0293938734071988,0.8817216424333439,-1.4320155892949833,0.410284830166764,0.4541333623431382,-1.5472054402842532,0.036126016044201244,-1.2669104258317225,-1.212237768676595,-1.1885261775576352
7548,1.5655053325361088,0.8817216424333439,1.7206494582845442,0.8240677136308887,0.1749223087196192,-1.9947388898885432,0.4360091377569994,1.4966278285561312,1.537025674558612,1.5322063361747504
7549,-0.4808785941021094,0.06508561858584352,-0.9065714146983955,-1.2448467036897353,-1.081527432586219,1.1379952573414867,0.09812463475535249,-0.33087327515196513,-0.34543177861199154,-0.451661121755114
7550,-0.14333072991436205,0.06508561858584352,1.1952052836879563,0.8240677136308887,-0.24389427171566183,0.2429283581329067,0.1509323699729055,0.07920014324107114,0.031059712022128826,0.03013526088499571
7551,-0.016750280843956692,0.8817216424333439,-1.4320155892949833,-1.2448467036897353,0.8031471793725382,-1.0996719906799632,0.16336396961164532,0.177261178074188,0.10986025657345705,0.2426924885203382
7552,-1.0293938734071988,0.8817216424333439,-0.38112724010180754,1.6516334805591384,0.4541333623431382,-0.6521385410756733,0.033204058864155554,-1.240166507240872,-1.185970920492819,-1.1601852138729227
7553,1.6076988155595773,0.06508561858584352,-0.38112724010180754,0.410284830166764,0.4541333623431382,0.2429283581329067,0.5488498114009457,1.5233717471469816,1.4494695139460252,1.5463768180171062
7554,2.599245666611085,-1.5681864291091574,0.6697611090913683,-0.8310638202256104,0.3145278355313812,-1.5472054402842532,0.7564681506667374,2.1206525956759683,2.114896334601681,2.1557075372384213
7555,0.8482161211371456,0.06508561858584352,-0.38112724010180754,-1.2448467036897353,-0.5231053253391809,0.2429283581329067,0.325612282845455,1.0598104915722446,0.9679106305768014,0.937046098795791
7556,-0.8184264582898567,0.06508561858584352,1.1952052836879563,0.410284830166764,-1.779555066645019,0.2429283581329067,0.05636721032779047,-0.8033491702569854,-0.818235045919957,-0.9759689499222927
7557,-0.9872003903837303,0.8817216424333439,0.14431693449478036,1.2378505970950135,-0.03448598149801883,-1.5472054402842532,0.047441959305105454,-1.1331908328774714,-1.0896591438189738,-1.1035032865034986
7558,2.0085369042825274,0.8817216424333439,0.6697611090913683,0.410284830166764,-0.5231053253391809,-0.6521385410756733,0.6442649949529831,1.7997255725857666,1.8259610045801464,1.7164226001253804
7559,0.46847477392593007,0.8817216424333439,0.14431693449478036,-0.8310638202256104,-0.5231053253391809,0.2429283581329067,0.2367847845720661,0.6675663522397756,0.6789753005552669,0.5969545345792426
7560,2.0718271288177297,0.8817216424333439,0.14431693449478036,0.410284830166764,-0.5929080887450618,-0.6521385410756733,0.963077086543059,1.8888719678886003,1.8784947009476978,1.7731045274948052
7561,0.5106682569493985,-1.5681864291091574,-1.4320155892949833,-0.8310638202256104,-0.5929080887450618,0.6904618077371967,0.2383254529033629,0.7567127475426092,0.7752870772291119,0.681977425633379
7562,-1.0082971318954645,-1.5681864291091574,1.1952052836879563,0.410284830166764,-1.1513301959920998,1.5855287069457766,0.027838282951708017,-1.1777640305288881,-1.1334372241252668,-1.24520810492706
7563,-0.5863623016607803,0.8817216424333439,-1.4320155892949833,0.410284830166764,-0.38349979852741883,-0.6521385410756733,0.08973064867449397,-0.5091660657576332,-0.44174355528583586,-0.5083430491245388
7564,-0.7973297167781225,-1.5681864291091574,-0.9065714146983955,0.8240677136308887,-0.7325136155568189,1.1379952573414867,0.05663284279870372,-0.8211784493175527,-0.7481901174298881,-0.8484346133410873
7565,0.257507358808588,0.8817216424333439,-0.38112724010180754,1.2378505970950135,0.24472507212550018,-1.5472054402842532,0.31270254475907133,0.4714442825735402,0.43381805084002606,0.4835906798403931
7566,-0.8184264582898567,0.06508561858584352,1.1952052836879563,-1.2448467036897353,-0.17409150830978082,0.6904618077371967,0.049035754130584926,-0.8479223679084023,-0.8620131262262499,-0.8626050951834432
7567,-0.20662095444956474,0.8817216424333439,-1.4320155892949833,0.410284830166764,0.1051195453137382,-0.6521385410756733,0.1669234447218828,-0.03669017065261294,-0.012718368284164113,-0.012376184642073167
7568,-0.1855242129378305,0.06508561858584352,-1.4320155892949833,0.8240677136308887,-0.4533025619332999,0.2429283581329067,0.15969824151304254,0.06137086418050393,0.022304095960870397,-0.012376184642073167
7569,-0.5863623016607803,-0.751550405261657,-0.9065714146983955,0.410284830166764,1.1521609964019384,-0.6521385410756733,0.09036816660468576,-0.5715685424696173,-0.5030328677146465,-0.40914967622804577
7570,0.23641061729685378,-0.751550405261657,-1.4320155892949833,0.410284830166764,0.9427527061843003,0.2429283581329067,0.2308346172236094,0.3555539686798561,0.39879558659499154,0.4977611616827496
7571,1.1013770192779564,0.06508561858584352,0.6697611090913683,-1.2448467036897353,0.3145278355313812,0.2429283581329067,0.3278435956011263,1.1222129682842286,1.1430229518019739,1.16377380827349
7572,-1.0082971318954645,0.06508561858584352,1.1952052836879563,-0.4172809367614856,-1.639949539833262,0.6904618077371967,0.05418902406630186,-1.0886176352260544,-1.0984147598802323,-1.231037623084704
7573,-0.1855242129378305,1.6983576662808442,-0.38112724010180754,-1.2448467036897353,2.3388079743018952,-1.0996719906799632,0.10885618658024757,-0.03669017065261294,-0.07400768071297392,0.21435152483562583
7574,-0.6074590431725145,0.8817216424333439,-1.4320155892949833,0.8240677136308887,-0.5929080887450618,-0.6521385410756733,0.0934495032672794,-0.5091660657576332,-0.45049917134709505,-0.5366840128092512
7575,-1.1137808394541355,-1.5681864291091574,-0.9065714146983955,1.2378505970950135,-0.5231053253391809,1.5855287069457766,0.028900812835360994,-1.4184592978465402,-1.3873500899017668,-1.4294243688776906
7576,0.9326030871840826,-1.5681864291091574,1.7206494582845442,-1.2448467036897353,-1.221132959397981,0.6904618077371967,0.2779046910694363,1.1222129682842286,1.1430229518019739,0.951216580638147
7577,1.903053196723856,0.06508561858584352,-0.9065714146983955,-1.2448467036897353,0.1051195453137382,0.6904618077371967,0.8022100621579982,1.6749206191617994,1.6683599154774906,1.6739111545983116
7578,0.257507358808588,0.06508561858584352,-0.9065714146983955,-0.8310638202256104,0.4541333623431382,0.2429283581329067,0.22143122775328056,0.40012716633127293,0.39879558659499154,0.4552497161556807
7579,-0.6285557846842488,-0.751550405261657,-1.4320155892949833,0.410284830166764,1.6407803402430954,0.2429283581329067,0.0690113159432609,-0.6428856587118845,-0.6168558765110084,-0.451661121755114
7580,-1.050490614918933,0.8817216424333439,1.1952052836879563,0.410284830166764,0.38433059893725724,-0.6521385410756733,0.027944535940073314,-1.3025689839528563,-1.256015848982888,-1.231037623084704
7581,-0.9661036488719961,0.8817216424333439,1.1952052836879563,1.6516334805591384,0.1749223087196192,-1.0996719906799632,0.0383573287998725,-1.124276193347188,-1.0809035277577155,-1.0751623228187863
7582,-0.20662095444956474,0.8817216424333439,-1.4320155892949833,0.410284830166764,-0.5231053253391809,-0.6521385410756733,0.1861552356160017,0.007883026998803893,0.03981532808338804,-0.026546666484429042
7583,-1.0293938734071988,-1.5681864291091574,1.1952052836879563,0.410284830166764,1.1521609964019384,0.6904618077371967,0.03708229293948892,-1.2579957863014386,-1.2647714650441464,-1.146014732030567
7584,-0.3542981450317041,0.8817216424333439,0.14431693449478036,1.6516334805591384,-0.38349979852741883,-0.6521385410756733,0.17802688200605643,-0.17932440313714743,-0.1615638413255606,-0.21076293043505917
7585,1.1013770192779564,0.8817216424333439,1.1952052836879563,-0.8310638202256104,0.8031471793725382,-0.2046050914713833,0.3404877012165967,1.1132983287539453,1.055466791189388,1.192114771958202
7586,-0.20662095444956474,0.8817216424333439,0.14431693449478036,-1.2448467036897353,0.3145278355313812,-1.0996719906799632,0.14328215481060405,-0.0010316125314793153,-0.04774083252919862,0.015964779042639207
7587,2.599245666611085,-1.5681864291091574,-0.38112724010180754,-1.2448467036897353,0.8729499427784192,1.1379952573414867,0.9977686872443288,2.0225915608428515,1.9222727812539908,2.0990256098689968
7588,0.8482161211371456,-1.5681864291091574,-1.4320155892949833,1.6516334805591384,1.0125554695901813,-0.6521385410756733,0.6086171173564257,0.8904323404968605,0.9153769342092499,1.0362394716922834
7589,-0.6074590431725145,-1.5681864291091574,-0.9065714146983955,-1.2448467036897353,1.1521609964019384,0.6904618077371967,0.06571747330393668,-0.5893978215301837,-0.6256114925722677,-0.4800020854398264
7590,0.4473780324141958,0.06508561858584352,1.1952052836879563,1.6516334805591384,0.1051195453137382,0.6904618077371967,0.41550231100249696,0.6051638755277915,0.6264416041877154,0.6252954982639549
7591,-1.1770710639893383,-1.5681864291091574,-1.4320155892949833,0.410284830166764,-0.03448598149801883,-0.2046050914713833,0.024491313818201136,-1.5521788908007907,-1.5011730986981295,-1.5144472599318273
7592,0.5106682569493985,0.06508561858584352,1.1952052836879563,0.8240677136308887,-1.081527432586219,0.2429283581329067,0.3378845030016469,0.8191152242545933,0.7927983093516288,0.6536364619486673
7593,0.21531387578511957,-1.5681864291091574,-1.4320155892949833,0.410284830166764,-1.8493578300509,2.033062156550067,0.2433193433565319,0.4536150035129738,0.477596131146319,0.22852200667798234
7594,-0.20662095444956474,-1.5681864291091574,-1.4320155892949833,0.8240677136308887,1.2917665232137003,-0.2046050914713833,0.1675609626520746,-0.10800728689488018,-0.07400768071297392,0.058476224569708087
7595,-0.5652655601490462,0.8817216424333439,-0.38112724010180754,0.8240677136308887,-0.38349979852741883,-0.6521385410756733,0.08537427615151676,-0.4200196704547996,-0.4592547874083535,-0.4800020854398264
7596,-0.6285557846842488,-1.5681864291091574,1.1952052836879563,1.2378505970950135,-0.17409150830978082,-0.6521385410756733,0.0979121287786219,-0.5537392634090501,-0.5205440998371641,-0.5508544946516076
7597,0.21531387578511957,-1.5681864291091574,-1.4320155892949833,0.410284830166764,0.8729499427784192,0.2429283581329067,0.2500664081177283,0.3555539686798561,0.3725287384112155,0.4694201979980372
7598,-0.4808785941021094,0.8817216424333439,1.1952052836879563,-1.2448467036897353,0.38433059893725724,-1.5472054402842532,0.07655527811719705,-0.3487025542125323,-0.3366761625507331,-0.2957858214891963
7599,0.6372487060198039,0.8817216424333439,-0.38112724010180754,0.410284830166764,0.5937388891549003,-0.2046050914713833,0.2150560484513627,0.7834566661334595,0.7227533808615598,0.8236822440569416
7600,3.654082742197795,1.6983576662808442,-0.38112724010180754,-0.8310638202256104,1.9897941572724953,0.6904618077371967,0.9086224300058439,2.5039820954781544,2.3775648164394387,2.637503919878532
7601,1.8186662306769192,0.8817216424333439,-0.38112724010180754,0.8240677136308887,-0.17409150830978082,-0.6521385410756733,0.8080539765180895,1.6660059796315154,1.6858711476000083,1.631399709071244
7602,0.27860410032032223,0.8817216424333439,-0.38112724010180754,0.8240677136308887,0.035316781907857205,-0.2046050914713833,0.2747171014184774,0.4447003639826906,0.4688405150850598,0.4552497161556807
7603,-0.5441688186373119,0.8817216424333439,1.1952052836879563,-0.4172809367614856,-0.17409150830978082,-0.6521385410756733,0.11565637783562663,-0.40219039139423235,-0.424232323163319,-0.4233201580704017
7604,-1.050490614918933,0.06508561858584352,-0.38112724010180754,-1.2448467036897353,0.8031471793725382,0.2429283581329067,0.0286883068586304,-1.3293129025437058,-1.326060777472957,-1.24520810492706
7605,0.4473780324141958,0.8817216424333439,0.14431693449478036,0.8240677136308887,1.0125554695901813,-0.6521385410756733,0.38298889656271584,0.5516760383460907,0.5914191399426809,0.6961479074757362
7606,0.4473780324141958,-1.5681864291091574,-0.9065714146983955,0.410284830166764,-1.360738486209743,1.1379952573414867,0.39775806194549224,0.6497370731792083,0.6789753005552669,0.4835906798403931
7607,-0.20662095444956474,0.8817216424333439,0.14431693449478036,-1.2448467036897353,-0.7325136155568189,-0.2046050914713833,0.14190086596185517,0.04354158511993751,0.07483779232842254,-0.026546666484429042
7608,-0.1855242129378305,0.8817216424333439,-0.9065714146983955,-0.8310638202256104,0.5239361257490193,-0.2046050914713833,0.11092811985337088,-0.02777553112232973,-0.003962752222904903,0.044305742727351584
7609,-0.1855242129378305,0.06508561858584352,-0.9065714146983955,-0.8310638202256104,-0.03448598149801883,0.6904618077371967,0.14705413589757213,-0.018860891592046524,-0.056496448590457056,-0.040717148326785545
7610,1.059183536254488,0.8817216424333439,1.1952052836879563,1.6516334805591384,-0.5929080887450618,-0.2046050914713833,0.6297083355469373,1.1667861659356455,1.2043122642307844,1.0929213990617082
7611,-0.5863623016607803,-1.5681864291091574,-1.4320155892949833,0.410284830166764,0.7333444159666572,0.2429283581329067,0.0834617223609414,-0.5537392634090501,-0.5205440998371641,-0.451661121755114
7612,-0.5863623016607803,-1.5681864291091574,-0.9065714146983955,-1.2448467036897353,1.0125554695901813,-0.2046050914713833,0.07682091058811029,-0.5537392634090501,-0.5117884837759049,-0.4233201580704017
7613,-0.9872003903837303,-1.5681864291091574,-0.38112724010180754,0.8240677136308887,-1.081527432586219,2.033062156550067,0.030760240131753706,-1.1510201119380377,-1.1071703759414915,-1.2168671412423475
7614,0.46847477392593007,-1.5681864291091574,1.7206494582845442,-1.2448467036897353,0.5239361257490193,0.2429283581329067,0.20490888806247676,0.5695053174066579,0.6089303720651978,0.6536364619486673
7615,1.5233118495126405,-1.5681864291091574,0.14431693449478036,0.410284830166764,0.6635416525607812,0.6904618077371967,0.7472772671731392,1.3985667937230135,1.3969358175784738,1.4896948906476815
7616,-0.20662095444956474,-1.5681864291091574,-0.38112724010180754,-1.2448467036897353,0.3145278355313812,-0.6521385410756733,0.1119375232428412,-0.08126336830403057,-0.056496448590457056,-0.026546666484429042
7617,-1.0082971318954645,0.06508561858584352,0.6697611090913683,-0.4172809367614856,-1.0117246691803428,0.2429283581329067,0.0357541305849227,-1.1777640305288881,-1.1246816080640083,-1.231037623084704
7618,-0.7973297167781225,0.06508561858584352,-0.38112724010180754,-1.2448467036897353,-0.5929080887450618,0.2429283581329067,0.03718854592785422,-0.7944345307267022,-0.7744569656136641,-0.8342641314987308
7619,0.5739584814846012,0.8817216424333439,-0.9065714146983955,-1.2448467036897353,0.035316781907857205,-1.0996719906799632,0.30638049195133615,0.7210541894214756,0.7490202290453358,0.7386593530028038
7620,-0.20662095444956474,-1.5681864291091574,0.6697611090913683,0.8240677136308887,1.0125554695901813,-1.0996719906799632,0.12718482707326143,-0.09017800783431376,-0.1352969931417845,0.0017942972002833347
7621,0.5950552229963354,-1.5681864291091574,1.1952052836879563,-1.2448467036897353,-0.8023163789626999,0.2429283581329067,0.26063858046007543,0.7567127475426092,0.871598853902957,0.6961479074757362
7622,-0.9450069073602619,0.8817216424333439,-0.9065714146983955,0.410284830166764,-0.8023163789626999,-0.6521385410756733,0.04404186367741593,-1.061873716635204,-1.019614215328905,-1.1035032865034986
7623,0.21531387578511957,0.06508561858584352,-1.4320155892949833,-0.8310638202256104,-1.1513301959920998,2.033062156550067,0.20209318387079636,0.4892735616341074,0.44257366690128447,0.31354489773211885
7624,-0.9028134243367935,0.8817216424333439,1.1952052836879563,-1.2448467036897353,-0.4533025619332999,-0.6521385410756733,0.028210168410986558,-0.9727273213323704,-0.9408136707775774,-0.9901394317646491
7625,0.21531387578511957,0.8817216424333439,1.1952052836879563,1.2378505970950135,0.7333444159666572,-0.6521385410756733,0.31759018222387503,0.3466393291495729,0.39003997053373235,0.4552497161556807
7626,-0.8817166828250593,0.06508561858584352,-0.9065714146983955,0.8240677136308887,0.4541333623431382,0.6904618077371967,0.06056420336821973,-0.9816419608626535,-0.9933473671451296,-0.9334575043952245
7627,-0.5863623016607803,0.06508561858584352,0.14431693449478036,0.410284830166764,0.035316781907857205,0.6904618077371967,0.08526802316315146,-0.5180807052879165,-0.5468109480209394,-0.5225135309668953
7628,-1.0082971318954645,0.8817216424333439,0.14431693449478036,1.2378505970950135,-0.24389427171566183,-0.6521385410756733,0.048451362694575784,-1.1866786700591714,-1.142192840186526,-1.1743556957152792
7629,-0.6285557846842488,0.06508561858584352,1.1952052836879563,1.6516334805591384,-0.10428874490389983,1.1379952573414867,0.09764649630770865,-0.562653902939334,-0.5292997158984225,-0.5508544946516076
7630,-1.0293938734071988,-1.5681864291091574,1.7206494582845442,-1.2448467036897353,-2.5473854641097,2.033062156550067,0.018753652446475057,-1.1510201119380377,-1.1071703759414915,-1.3444014778235536
7631,-1.0082971318954645,0.8817216424333439,-1.4320155892949833,0.410284830166764,0.1749223087196192,-1.0996719906799632,0.047813844764384,-1.1331908328774714,-1.185970920492819,-1.1318442501882104
7632,-1.1348775809658698,0.8817216424333439,0.6697611090913683,0.410284830166764,0.1749223087196192,-0.6521385410756733,0.020453700260319823,-1.4273739373768235,-1.439883786269319,-1.4010834051929784
7633,-0.9661036488719961,0.8817216424333439,0.14431693449478036,1.2378505970950135,-0.24389427171566183,-1.0996719906799632,0.048823248153854325,-1.079702995695771,-1.045881063512681,-1.0751623228187863
7634,0.4473780324141958,1.6983576662808442,-0.9065714146983955,-1.2448467036897353,3.5952577156077434,-1.5472054402842532,0.2524039738617649,0.462529643043257,0.4163068187175084,0.8945346532687222
7635,-0.6285557846842488,-1.5681864291091574,0.14431693449478036,1.6516334805591384,0.035316781907857205,-0.6521385410756733,0.10901556606279551,-0.5537392634090501,-0.5117884837759049,-0.5225135309668953
7636,-0.12223398840262782,0.06508561858584352,0.14431693449478036,-1.2448467036897353,-0.7325136155568189,0.6904618077371967,0.12830048345109707,0.10594406183192076,0.07483779232842254,0.0017942972002833347
7637,2.1562140948646666,0.06508561858584352,-0.38112724010180754,0.410284830166764,-0.10428874490389983,1.1379952573414867,0.7835626626998884,1.826469491176617,1.7559160760900774,1.7589340456524494
7638,0.4473780324141958,0.06508561858584352,-1.4320155892949833,0.410284830166764,0.4541333623431382,1.1379952573414867,0.34468469425702597,0.5873345964672243,0.6089303720651978,0.6536364619486673
7639,0.004346460667777534,0.06508561858584352,1.1952052836879563,-0.8310638202256104,-0.24389427171566183,-0.6521385410756733,0.13021303724167244,0.23074901525588884,0.19741641718604294,0.18601056115091347
7640,-0.9661036488719961,0.8817216424333439,-1.4320155892949833,0.410284830166764,0.4541333623431382,-1.5472054402842532,0.03957923816607342,-1.115361553816904,-1.0896591438189738,-1.0468213591340738
7641,-0.8817166828250593,0.06508561858584352,-0.9065714146983955,0.8240677136308887,-2.477582700703819,0.2429283581329067,0.056526589810338417,-0.8211784493175527,-0.8445018941037331,-1.0609918409764298
7642,-0.9872003903837303,0.06508561858584352,1.1952052836879563,0.8240677136308887,-1.0117246691803428,0.2429283581329067,0.03299155288742496,-1.0975322747563376,-1.0633922956351987,-1.1601852138729227
7643,-0.438685111078641,0.8817216424333439,-0.9065714146983955,-0.8310638202256104,0.4541333623431382,0.2429283581329067,0.07538649524517876,-0.3397879146822491,-0.3016536983056986,-0.2674448578044839
7644,0.257507358808588,-1.5681864291091574,0.14431693449478036,-1.2448467036897353,0.3145278355313812,-1.0996719906799632,0.24549752961802052,0.409041805861557,0.46008489902380134,0.4694201979980372
7645,-1.050490614918933,0.06508561858584352,1.1952052836879563,0.410284830166764,-0.8023163789626999,1.5855287069457766,0.035860383573287996,-1.2579957863014386,-1.2647714650441464,-1.316060514138841
7646,-0.12223398840262782,1.6983576662808442,1.7206494582845442,0.8240677136308887,-2.058766120268543,4.718262854175807,0.10529671147001009,0.1594318990136216,0.0573265602059049,-0.13991052122327854
7647,0.46847477392593007,0.8817216424333439,-0.38112724010180754,0.410284830166764,0.4541333623431382,-0.2046050914713833,0.3010147160388886,0.5962492359975082,0.5388854435751288,0.6252954982639549
7648,0.3418943248555247,0.06508561858584352,0.6697611090913683,-0.8310638202256104,0.6635416525607812,0.2429283581329067,0.17154544971577326,0.4536150035129738,0.40755120265625,0.5119316435251055
7649,-0.20662095444956474,-0.751550405261657,-1.4320155892949833,-1.2448467036897353,1.0823582329960573,1.1379952573414867,0.136481963555225,-0.1525804845462978,-0.12654137708052607,-0.012376184642073167
7650,-0.9661036488719961,-1.5681864291091574,1.1952052836879563,-1.2448467036897353,1.1521609964019384,-0.2046050914713833,0.03453222121872178,-1.1421054724077544,-1.1509484562477845,-1.0326508772917173
7651,0.23641061729685378,0.8817216424333439,-0.38112724010180754,0.410284830166764,0.4541333623431382,-0.6521385410756733,0.2485257397864315,0.4179564453918402,0.3550175062886978,0.44107923431332485
7652,0.21531387578511957,1.6983576662808442,1.1952052836879563,-1.2448467036897353,7.783423519960544,-1.5472054402842532,0.14296339584550816,0.007883026998803893,-0.056496448590457056,0.8803641714263664
7653,-0.9239101658485277,0.06508561858584352,-0.9065714146983955,-1.2448467036897353,-1.1513301959920998,-0.2046050914713833,0.0452106465494342,-0.9548980422718031,-0.9758361350226119,-1.0609918409764298
7654,-1.050490614918933,0.06508561858584352,1.1952052836879563,1.2378505970950135,0.035316781907857205,0.6904618077371967,0.04191680391010997,-1.293654344422572,-1.2297490007991119,-1.24520810492706
7655,-0.03784702235569092,0.06508561858584352,-1.4320155892949833,0.8240677136308887,0.3145278355313812,0.2429283581329067,0.18796153641821176,0.15051725948333838,0.10986025657345705,0.17184007930855758
7656,-1.050490614918933,0.06508561858584352,0.6697611090913683,0.8240677136308887,-1.8493578300509,0.6904618077371967,0.025128831748392925,-1.2312518677105888,-1.185970920492819,-1.3585719596659094
7657,-0.33320140351996985,-1.5681864291091574,0.6697611090913683,-1.2448467036897353,0.8729499427784192,-0.2046050914713833,0.07384582691388196,-0.23281224031884826,-0.18783068950933665,-0.11156955753856616
7658,-0.1644274714260963,-1.5681864291091574,-1.4320155892949833,-1.2448467036897353,0.5239361257490193,0.2429283581329067,0.1390851617701748,-0.045604810182896936,-0.012718368284164113,0.03013526088499571
7659,2.6414391496345533,-1.5681864291091574,-0.38112724010180754,0.410284830166764,1.2219637598078192,2.033062156550067,0.8341390851617702,2.067164758494269,1.9047615491314738,2.1698780190807785
7660,-1.050490614918933,-1.5681864291091574,-1.4320155892949833,0.410284830166764,0.38433059893725724,-0.2046050914713833,0.03495723317218297,-1.3025689839528563,-1.256015848982888,-1.231037623084704
7661,-0.3964916280551725,1.6983576662808442,1.7206494582845442,0.410284830166764,-2.477582700703819,-0.6521385410756733,0.062370504170429795,0.007883026998803893,-0.21409753769311196,-0.3808087125433334
7662,-0.8395231998015908,0.06508561858584352,0.14431693449478036,0.410284830166764,-0.10428874490389983,0.2429283581329067,0.044732508101790365,-0.8746662864992527,-0.818235045919957,-0.8484346133410873
7663,-0.9872003903837303,-1.5681864291091574,1.1952052836879563,1.6516334805591384,-0.5929080887450618,0.6904618077371967,0.03995112362535196,-1.1421054724077544,-1.0896591438189738,-1.1601852138729227
7664,-0.1644274714260963,0.06508561858584352,-0.38112724010180754,0.410284830166764,-0.4533025619332999,0.2429283581329067,0.12314721351538012,0.04354158511993751,0.0047928638383535295,-0.026546666484429042
7665,0.4473780324141958,0.06508561858584352,0.14431693449478036,-1.2448467036897353,0.6635416525607812,-1.5472054402842532,0.22716888912500663,0.6140785150580746,0.5563966756976465,0.6678069437910232
7666,1.67098904009478,0.8817216424333439,-0.38112724010180754,0.410284830166764,-0.7325136155568189,1.5855287069457766,0.6076077139669553,1.6303474215103817,1.5457812906198702,1.4613539269629696
7667,0.4262812909024616,-1.5681864291091574,0.14431693449478036,1.6516334805591384,-0.24389427171566183,0.2429283581329067,0.4364872762046433,0.5605906778763746,0.5914191399426809,0.5402726072098178
7668,-0.20662095444956474,0.8817216424333439,-1.4320155892949833,0.410284830166764,-0.4533025619332999,-0.6521385410756733,0.17903628539552674,0.025712306059370308,0.06608217626716334,-0.012376184642073167
7669,-0.6074590431725145,0.06508561858584352,-1.4320155892949833,0.410284830166764,0.5239361257490193,1.1379952573414867,0.09079317855814695,-0.562653902939334,-0.5730777962047154,-0.5083430491245388
7670,0.27860410032032223,1.6983576662808442,-0.38112724010180754,-1.2448467036897353,1.9897941572724953,0.2429283581329067,0.19922435318493334,0.3555539686798561,0.293728193859888,0.5686135708945302
7671,-1.1348775809658698,-1.5681864291091574,-1.4320155892949833,-1.2448467036897353,0.1749223087196192,-1.5472054402842532,0.020400573766137173,-1.4719471350282403,-1.4223725541468013,-1.4152538870353342
7672,-1.0082971318954645,0.8817216424333439,0.14431693449478036,1.2378505970950135,-0.8023163789626999,-0.6521385410756733,0.04606067045635658,-1.1331908328774714,-1.0984147598802323,-1.1743556957152792
7673,0.4473780324141958,-1.5681864291091574,0.14431693449478036,-1.2448467036897353,0.9427527061843003,0.6904618077371967,0.2661637358550709,0.5071028406946738,0.5563966756976465,0.6536364619486673
7674,-0.20662095444956474,-0.751550405261657,0.6697611090913683,-1.2448467036897353,-2.477582700703819,1.5855287069457766,0.10774053020241195,0.06137086418050393,0.09234902445093941,-0.21076293043505917
7675,-0.33320140351996985,-1.5681864291091574,-1.4320155892949833,1.6516334805591384,0.035316781907857205,0.6904618077371967,0.18812091590075972,-0.19715368219771465,-0.17907507344807744,-0.1824219667503468
7676,-0.8606199413133251,0.06508561858584352,-1.4320155892949833,0.410284830166764,-0.24389427171566183,0.2429283581329067,0.04722945332837486,-0.9370687632112367,-0.8795243583487669,-0.9192870225528679
7677,1.586602074047843,0.06508561858584352,-1.4320155892949833,-1.2448467036897353,-1.1513301959920998,0.2429283581329067,0.6306646124422249,1.6214327819800984,1.5457812906198702,1.390501517751188
7678,0.6161519645080696,-0.751550405261657,-0.9065714146983955,-0.4172809367614856,-2.128568883674419,1.5855287069457766,0.8715932635605377,0.9082616195574269,0.9766662466380598,0.6394659801063115
7679,-0.1644274714260963,1.6983576662808442,0.14431693449478036,0.8240677136308887,-3.385018624980262,5.1657963037800965,0.15295117675184614,0.177261178074188,0.031059712022128826,-0.2957858214891963
7680,0.7216356720667403,0.06508561858584352,1.1952052836879563,-1.2448467036897353,0.38433059893725724,0.6904618077371967,0.3001646921319662,0.8547737823757269,0.8103095414741465,0.8803641714263664
7681,2.6414391496345533,0.06508561858584352,-0.9065714146983955,-1.2448467036897353,-0.9419219057744619,0.2429283581329067,0.9443765605907666,2.25437218863022,2.123651950662939,2.01400271881486
7682,-0.9661036488719961,-1.5681864291091574,-1.4320155892949833,-0.8310638202256104,0.9427527061843003,-0.6521385410756733,0.030335228178292515,-1.0886176352260544,-1.11592599200275,-1.004309913607005
7683,-0.05894376386742515,0.06508561858584352,1.1952052836879563,-1.2448467036897353,-0.10428874490389983,0.6904618077371967,0.1411570950432981,0.15051725948333838,0.10110464051219785,0.11515815193913284
7684,-1.0293938734071988,-1.5681864291091574,-0.38112724010180754,-1.2448467036897353,0.38433059893725724,-1.0996719906799632,0.023694416405461403,-1.240166507240872,-1.2034821526153359,-1.1743556957152792
7685,-0.5230720771255777,0.8817216424333439,-0.9065714146983955,-0.8310638202256104,-0.31369703512154284,-0.2046050914713833,0.06757690060032938,-0.4467635890456492,-0.39796547497954293,-0.451661121755114
7686,-1.0293938734071988,0.8817216424333439,-0.38112724010180754,0.8240677136308887,0.1749223087196192,-1.9947388898885432,0.029857089730648673,-1.240166507240872,-1.1947265365540773,-1.1885261775576352
7687,-1.050490614918933,0.06508561858584352,1.1952052836879563,1.6516334805591384,0.1749223087196192,0.2429283581329067,0.046645061892365725,-1.2847397048922888,-1.2910383132279224,-1.2593785867694165
7688,-0.9239101658485277,0.06508561858584352,-0.9065714146983955,-1.2448467036897353,-0.17409150830978082,0.6904618077371967,0.0452106465494342,-1.0529590771049209,-1.0633922956351987,-1.0609918409764298
7689,0.21531387578511957,-1.5681864291091574,-1.4320155892949833,0.410284830166764,0.7333444159666572,-0.2046050914713833,0.23476597779312544,0.3555539686798561,0.3725287384112155,0.4552497161556807
7690,3.211051170451377,0.06508561858584352,0.6697611090913683,-1.2448467036897353,-0.38349979852741883,0.2429283581329067,0.9576581841364289,2.5307260140690055,2.438854128868249,2.3966057285584776
7691,-1.0293938734071988,0.8817216424333439,0.6697611090913683,-1.2448467036897353,-0.31369703512154284,-0.6521385410756733,0.023163151463634915,-1.2134225886500216,-1.1684596883703013,-1.2026966593999917
7692,2.3671815099820086,0.8817216424333439,-0.38112724010180754,-1.2448467036897353,-0.31369703512154284,-0.2046050914713833,0.8219731179939436,2.0225915608428515,2.0360957900503536,1.9573207914454354
7693,-0.9872003903837303,0.8817216424333439,1.1952052836879563,0.8240677136308887,0.1051195453137382,-1.0996719906799632,0.03538224512564416,-1.1777640305288881,-1.1334372241252668,-1.1318442501882104
7694,-1.1348775809658698,-0.751550405261657,0.14431693449478036,1.2378505970950135,1.5709775768372194,-0.2046050914713833,0.027838282951708017,-1.516520332679657,-1.466150634453095,-1.3444014778235536
7695,0.8693128626488799,0.8817216424333439,1.1952052836879563,0.410284830166764,0.1749223087196192,-0.6521385410756733,0.40726770440418636,0.9260908986179933,0.9941774787605774,0.97955754432286
7696,0.4473780324141958,0.8817216424333439,1.1952052836879563,0.410284830166764,-0.10428874490389983,-0.2046050914713833,0.3272060776709345,0.6051638755277915,0.617685988126457,0.5969545345792426
7697,-0.5230720771255777,0.8817216424333439,1.7206494582845442,0.410284830166764,-0.9419219057744619,0.2429283581329067,0.06019231790894119,-0.39327575186394914,-0.34543177861199154,-0.46583160359747056
7698,0.48957151543766425,0.06508561858584352,0.14431693449478036,-0.0034980532973608127,0.38433059893725724,0.6904618077371967,0.18296764596504278,0.6140785150580746,0.6351972202489738,0.6678069437910232
7699,-1.050490614918933,-0.751550405261657,-1.4320155892949833,0.410284830166764,-1.430541249615619,2.4805956061543566,0.03203527599213728,-1.2579957863014386,-1.212237768676595,-1.3444014778235536
7700,0.8482161211371456,-1.5681864291091574,0.14431693449478036,-0.8310638202256104,0.7333444159666572,-0.2046050914713833,0.31238378579397547,0.8904323404968605,0.9153769342092499,0.9937280261652158
7701,-0.9028134243367935,0.8817216424333439,0.14431693449478036,1.2378505970950135,0.1749223087196192,-1.0996719906799632,0.05572969239759868,-1.0083858794535039,-0.9670805189613535,-0.9617984680799367
7702,-0.45978185259037524,0.8817216424333439,-0.9065714146983955,0.8240677136308887,-0.24389427171566183,-0.2046050914713833,0.10981246347553525,-0.2863000775005483,-0.34543177861199154,-0.33829726701626517
7703,-1.0293938734071988,0.8817216424333439,1.1952052836879563,1.2378505970950135,-0.8721191423685809,-0.2046050914713833,0.04239494235775381,-1.1955933095894553,-1.142192840186526,-1.231037623084704
7704,-1.0293938734071988,-0.751550405261657,0.6697611090913683,-1.2448467036897353,1.2219637598078192,-0.6521385410756733,0.021675609626520747,-1.293654344422572,-1.2385046168603704,-1.146014732030567
7705,0.8693128626488799,0.8817216424333439,1.1952052836879563,0.8240677136308887,0.3145278355313812,-0.6521385410756733,0.47951973649258883,1.0152372939208278,0.9766662466380598,1.0220689898499276
7706,-1.0082971318954645,0.8817216424333439,-1.4320155892949833,1.2378505970950135,-0.31369703512154284,-0.2046050914713833,0.05418902406630186,-1.1599347514683216,-1.185970920492819,-1.1885261775576352
7707,-0.8817166828250593,0.06508561858584352,1.7206494582845442,-1.2448467036897353,-0.31369703512154284,0.6904618077371967,0.03495723317218297,-0.9370687632112367,-0.9758361350226119,-0.9759689499222927
7708,-0.8395231998015908,0.06508561858584352,0.14431693449478036,-0.8310638202256104,0.5937388891549003,1.1379952573414867,0.0430324602879456,-0.9370687632112367,-0.9495692868388359,-0.8767755770257997
7709,0.9536998286958168,0.06508561858584352,-0.38112724010180754,-0.8310638202256104,-0.9419219057744619,0.6904618077371967,0.3161026403867609,1.1489568868750781,1.0642224072506465,0.9653870624805029
7710,0.4473780324141958,-0.751550405261657,-0.38112724010180754,-1.2448467036897353,0.8031471793725382,-1.0996719906799632,0.24300058439143601,0.5516760383460907,0.5914191399426809,0.6678069437910232
7711,-0.8395231998015908,0.06508561858584352,1.1952052836879563,-0.4172809367614856,-1.360738486209743,0.2429283581329067,0.07081761674547096,-0.8390077283781191,-0.7744569656136641,-0.9334575043952245
7712,-0.1855242129378305,0.8817216424333439,-0.9065714146983955,1.6516334805591384,-0.31369703512154284,-0.2046050914713833,0.2048557615682941,-0.02777553112232973,0.06608217626716334,-0.012376184642073167
7713,-1.0293938734071988,-1.5681864291091574,0.14431693449478036,0.410284830166764,-2.058766120268543,0.2429283581329067,0.03235403495723317,-1.1421054724077544,-1.0896591438189738,-1.2877195504541288
7714,-1.050490614918933,0.8817216424333439,0.14431693449478036,-0.4172809367614856,0.035316781907857205,-0.6521385410756733,0.04707007384582691,-1.2669104258317225,-1.2297490007991119,-1.231037623084704
7715,-0.8184264582898567,0.8817216424333439,-0.9065714146983955,-1.2448467036897353,-0.03448598149801883,-1.5472054402842532,0.05392339159538862,-0.8390077283781191,-0.8357462780424739,-0.8342641314987308
7716,0.46847477392593007,0.06508561858584352,-0.9065714146983955,-0.8310638202256104,0.5239361257490193,0.6904618077371967,0.2606917069542581,0.6229931545883579,0.5651522917589049,0.6536364619486673
7717,-1.050490614918933,0.06508561858584352,-0.38112724010180754,1.2378505970950135,0.38433059893725724,0.2429283581329067,0.046645061892365725,-1.2579957863014386,-1.2647714650441464,-1.2168671412423475
7718,-0.7340394922429198,0.8817216424333439,1.1952052836879563,-0.4172809367614856,-0.5231053253391809,-0.2046050914713833,0.07315518248950752,-0.6874588563633014,-0.6431227246947845,-0.7067297949175254
7719,-1.0082971318954645,0.8817216424333439,-0.9065714146983955,0.410284830166764,0.3145278355313812,-1.0996719906799632,0.04026988259044786,-1.2134225886500216,-1.1597040723090428,-1.146014732030567
7720,-1.050490614918933,0.06508561858584352,-0.38112724010180754,-1.2448467036897353,-0.38349979852741883,1.1379952573414867,0.0286883068586304,-1.2669104258317225,-1.2647714650441464,-1.2877195504541288
7721,-0.6074590431725145,-1.5681864291091574,-0.38112724010180754,0.8240677136308887,0.38433059893725724,-0.2046050914713833,0.08648993252935239,-0.562653902939334,-0.5380553319596809,-0.5083430491245388
7722,-1.050490614918933,-0.751550405261657,-1.4320155892949833,1.2378505970950135,-0.17409150830978082,2.033062156550067,0.03729479891621952,-1.293654344422572,-1.2209933847378536,-1.2593785867694165
7723,-0.8395231998015908,-1.5681864291091574,-1.4320155892949833,0.410284830166764,0.8729499427784192,0.6904618077371967,0.03681666046857568,-0.9548980422718031,-0.9233024386550606,-0.8484346133410873
7724,-1.0082971318954645,0.8817216424333439,-1.4320155892949833,0.410284830166764,0.1051195453137382,-1.0996719906799632,0.047813844764384,-1.1599347514683216,-1.1509484562477845,-1.1318442501882104
7725,-0.6074590431725145,0.06508561858584352,1.1952052836879563,1.6516334805591384,-0.03448598149801883,0.2429283581329067,0.1048716995165489,-0.5269953448182004,-0.5468109480209394,-0.5366840128092512
7726,-0.1855242129378305,0.8817216424333439,1.7206494582845442,-1.2448467036897353,-0.7325136155568189,1.5855287069457766,0.10630611485948042,-0.009946252061763314,0.031059712022128826,-0.0690581120114973
7727,-0.9661036488719961,0.8817216424333439,0.14431693449478036,0.410284830166764,0.24472507212550018,-1.0996719906799632,0.04675131488073102,-1.0886176352260544,-1.1071703759414915,-1.0609918409764298
7728,-0.6074590431725145,0.8817216424333439,0.6697611090913683,-1.2448467036897353,0.5239361257490193,-0.2046050914713833,0.05434840354884981,-0.5893978215301837,-0.5555665640821986,-0.5083430491245388
7729,0.4473780324141958,0.06508561858584352,1.1952052836879563,0.410284830166764,0.1051195453137382,0.6904618077371967,0.31153376188705306,0.578419956936941,0.5301298275138704,0.5686135708945302
7730,-0.6285557846842488,0.8817216424333439,-0.38112724010180754,0.8240677136308887,-0.8721191423685809,-0.2046050914713833,0.07698029007065824,-0.5180807052879165,-0.4767660195308704,-0.57919545833632
7731,0.4262812909024616,0.8817216424333439,1.1952052836879563,0.410284830166764,0.38433059893725724,-0.6521385410756733,0.312755671253254,0.5695053174066579,0.5914191399426809,0.6252954982639549
7732,1.481118366489172,1.6983576662808442,0.6697611090913683,-0.8310638202256104,4.432890876478296,0.6904618077371967,0.3298624023800669,1.2381032821779128,0.9679106305768014,1.7164226001253804
7733,-0.33320140351996985,0.06508561858584352,-0.9065714146983955,-1.2448467036897353,0.38433059893725724,0.2429283581329067,0.1101843489348138,-0.17932440313714743,-0.21409753769311196,-0.1540810030656344
7734,1.481118366489172,0.8817216424333439,0.14431693449478036,0.410284830166764,-1.0117246691803428,-0.2046050914713833,0.6715720129628646,1.5055424680864145,1.3969358175784738,1.2913081448546955
7735,0.4473780324141958,0.8817216424333439,1.1952052836879563,0.410284830166764,0.1051195453137382,-0.6521385410756733,0.38139510173723634,0.5962492359975082,0.617685988126457,0.6111250164215991
7736,0.48957151543766425,0.06508561858584352,-1.4320155892949833,0.410284830166764,0.5239361257490193,0.6904618077371967,0.3284811135313181,0.6319077941186418,0.6001747560039394,0.681977425633379
7737,-1.0293938734071988,0.8817216424333439,-0.38112724010180754,1.2378505970950135,-0.5929080887450618,-0.6521385410756733,0.0356478775965574,-1.1866786700591714,-1.1509484562477845,-1.2026966593999917
7738,-0.3542981450317041,0.8817216424333439,1.1952052836879563,-1.2448467036897353,0.38433059893725724,0.2429283581329067,0.09089943154651224,-0.2595561589096979,-0.2228531537543704,-0.1965924485927033
7739,0.48957151543766425,0.06508561858584352,1.7206494582845442,-0.8310638202256104,0.3145278355313812,0.6904618077371967,0.16729533018116136,0.6140785150580746,0.5826635238814225,0.6394659801063115
7740,1.059183536254488,0.06508561858584352,0.14431693449478036,-0.8310638202256104,-0.4533025619332999,0.2429283581329067,0.3326249800775647,1.1489568868750781,1.0904892554344225,1.0504099535346405
7741,-0.5019753356138434,0.8817216424333439,-0.9065714146983955,-0.4172809367614856,-0.6627108521509428,0.2429283581329067,0.24608192105402965,-0.3397879146822491,-0.37169862679576765,-0.4233201580704017
7742,-1.0082971318954645,0.8817216424333439,-1.4320155892949833,1.2378505970950135,-0.03448598149801883,-1.0996719906799632,0.04669818838654837,-1.2045079491197386,-1.1597040723090428,-1.1743556957152792
7743,-1.0082971318954645,-1.5681864291091574,0.6697611090913683,-0.8310638202256104,0.9427527061843003,0.2429283581329067,0.025500717207671466,-1.1777640305288881,-1.2209933847378536,-1.1035032865034986
7744,-0.9028134243367935,0.8817216424333439,-0.9065714146983955,1.2378505970950135,0.1749223087196192,-0.6521385410756733,0.06863943048398236,-1.0083858794535039,-1.002102983206388,-0.9759689499222927
7745,0.257507358808588,-1.5681864291091574,-0.9065714146983955,-0.8310638202256104,1.0823582329960573,0.6904618077371967,0.2031025872602667,0.40012716633127293,0.33750627416618095,0.4977611616827496
7746,-0.8395231998015908,0.8817216424333439,-0.9065714146983955,0.410284830166764,-0.17409150830978082,-1.0996719906799632,0.05217021728736121,-0.9103248446203863,-0.8620131262262499,-0.8909460588681556
7747,-0.7129427507311856,0.8817216424333439,-0.9065714146983955,0.410284830166764,0.6635416525607812,-0.2046050914713833,0.07373957392551665,-0.7142027749541517,-0.7394345013686295,-0.6500478675481006
7748,-0.8184264582898567,-0.751550405261657,-1.4320155892949833,-1.2448467036897353,1.0125554695901813,0.2429283581329067,0.03745417839876747,-0.9370687632112367,-0.888279974410026,-0.8059231678140184
7749,0.4473780324141958,0.8817216424333439,1.1952052836879563,-0.8310638202256104,-1.7097523032391428,1.1379952573414867,0.24204430749614833,0.7210541894214756,0.7402646129840774,0.4977611616827496
7750,1.5022151080009063,0.8817216424333439,0.14431693449478036,0.410284830166764,0.3145278355313812,-1.9947388898885432,0.7316049513892579,1.4431399913744305,1.3794245854559561,1.4471834451206125
7751,-0.5863623016607803,0.8817216424333439,1.1952052836879563,0.8240677136308887,0.24472507212550018,-1.5472054402842532,0.092599479360357,-0.5002514262273501,-0.5205440998371641,-0.4800020854398264
7752,-1.0082971318954645,0.8817216424333439,1.1952052836879563,-0.4172809367614856,0.3145278355313812,-1.5472054402842532,0.04877012165967168,-1.1688493909986049,-1.1246816080640083,-1.1035032865034986
7753,-0.8184264582898567,0.06508561858584352,1.1952052836879563,0.8240677136308887,-0.7325136155568189,0.2429283581329067,0.05105456090952558,-0.8033491702569854,-0.8269906619812155,-0.8767755770257997
7754,0.700538930555006,0.8817216424333439,0.14431693449478036,0.410284830166764,0.035316781907857205,-1.5472054402842532,0.41204908888062475,0.8815177009665764,0.871598853902957,0.8661936895840104
7755,0.6161519645080696,0.8817216424333439,1.1952052836879563,1.6516334805591384,-0.17409150830978082,-1.0996719906799632,0.42804016362960207,0.8280298637848764,0.7665314611678535,0.7670003166875169
7756,0.5106682569493985,-1.5681864291091574,0.14431693449478036,0.8240677136308887,-0.10428874490389983,1.1379952573414867,0.42979333793762947,0.6764809917700587,0.7052421487390429,0.6678069437910232
7757,0.21531387578511957,-1.5681864291091574,0.6697611090913683,0.8240677136308887,0.1749223087196192,1.5855287069457766,0.20613079742867768,0.3466393291495729,0.39003997053373235,0.38439730694390006
7758,0.3629910663672589,0.8817216424333439,1.1952052836879563,-0.8310638202256104,0.6635416525607812,-0.2046050914713833,0.2178717526430431,0.5160174802249571,0.477596131146319,0.5827840527368867
7759,-0.3542981450317041,-0.751550405261657,1.7206494582845442,-1.2448467036897353,-1.2909357228038618,2.928129055758647,0.060245444403123835,-0.09017800783431376,-0.1352969931417845,-0.25327437596212804
7760,-0.9661036488719961,0.8817216424333439,0.14431693449478036,-0.8310638202256104,-1.1513301959920998,-0.6521385410756733,0.023747542899644054,-1.061873716635204,-1.0371254474514224,-1.146014732030567
7761,0.6583454475315381,0.8817216424333439,0.14431693449478036,0.410284830166764,-0.10428874490389983,-0.2046050914713833,0.4111990649737024,0.8191152242545933,0.8190651575354049,0.7953412803722286
7762,0.21531387578511957,-1.5681864291091574,1.1952052836879563,-1.2448467036897353,1.0125554695901813,0.6904618077371967,0.19492110715613878,0.3288100500890057,0.27621696173737037,0.4269087524709683
7763,-1.050490614918933,0.8817216424333439,-1.4320155892949833,1.6516334805591384,-0.38349979852741883,1.5855287069457766,0.03883546724751634,-1.2758250653620058,-1.2297490007991119,-1.2735490686117723
7764,-0.03784702235569092,-1.5681864291091574,-0.38112724010180754,0.8240677136308887,0.1051195453137382,-0.15985174651095369,0.15162301439727993,0.12377334089248797,0.1886608011247845,0.17184007930855758
7765,-0.8817166828250593,-1.5681864291091574,-0.9065714146983955,0.410284830166764,0.9427527061843003,-1.0996719906799632,0.05339212665356213,-1.0083858794535039,-1.002102983206388,-0.9051165407105121
7766,-0.5863623016607803,-1.5681864291091574,-1.4320155892949833,-1.2448467036897353,0.7333444159666572,-0.6521385410756733,0.0737927004196993,-0.5359099843484837,-0.5117884837759049,-0.43749063991275816
7767,-0.1855242129378305,-1.5681864291091574,-0.9065714146983955,0.410284830166764,0.035316781907857205,-1.0996719906799632,0.16384210805928917,-0.009946252061763314,0.0047928638383535295,0.0017942972002833347
7768,1.1224737607896906,-1.5681864291091574,1.7206494582845442,0.8240677136308887,-0.03448598149801883,-1.0996719906799632,0.3422408755246241,1.1935300845264958,1.213067880292043,1.192114771958202
7769,0.46847477392593007,0.8817216424333439,-1.4320155892949833,0.410284830166764,-0.5231053253391809,-0.6521385410756733,0.4369654146522871,0.7121395498911923,0.6789753005552669,0.6252954982639549
7770,-1.1137808394541355,-1.5681864291091574,-1.4320155892949833,0.410284830166764,-0.31369703512154284,0.2429283581329067,0.024969452265844978,-1.4273739373768235,-1.3785944738405085,-1.4152538870353342
7771,-0.1644274714260963,0.06508561858584352,-0.9065714146983955,0.410284830166764,-1.081527432586219,1.1379952573414867,0.16177017478616587,0.025712306059370308,0.06608217626716334,-0.0832285938538538
7772,-0.9872003903837303,0.8817216424333439,0.6697611090913683,-0.4172809367614856,-0.24389427171566183,-0.6521385410756733,0.036869786962758326,-1.1777640305288881,-1.1246816080640083,-1.1601852138729227
7773,0.5950552229963354,-1.5681864291091574,-1.4320155892949833,-0.8310638202256104,-1.5701467764273809,0.6904618077371967,0.2571322318440206,0.8726030614362933,0.9153769342092499,0.6678069437910232
7774,-0.9872003903837303,-1.5681864291091574,1.1952052836879563,1.2378505970950135,0.035316781907857205,-1.0996719906799632,0.04223556287520586,-1.1510201119380377,-1.0984147598802323,-1.1035032865034986
7775,-0.5019753356138434,1.6983576662808442,-1.4320155892949833,0.410284830166764,2.0595969206783815,1.1379952573414867,0.09228072039526111,-0.5359099843484837,-0.5205440998371641,-0.3099563033315528
7776,0.32079758334379044,-1.5681864291091574,1.1952052836879563,-0.8310638202256104,0.5937388891549003,0.2429283581329067,0.22281251660202944,0.3912125268009897,0.43381805084002606,0.4835906798403931
7777,0.21531387578511957,0.06508561858584352,0.14431693449478036,-0.8310638202256104,-1.2909357228038618,0.6904618077371967,0.2020400573766137,0.524932119755241,0.4688405150850598,0.32771537957447533
7778,0.4473780324141958,0.8817216424333439,0.6697611090913683,-1.2448467036897353,-1.0117246691803428,0.2429283581329067,0.24656005950167348,0.685395631300342,0.7227533808615598,0.5686135708945302
7779,-0.3964916280551725,-1.5681864291091574,0.14431693449478036,0.410284830166764,0.035316781907857205,-0.6521385410756733,0.10566859692928864,-0.2773854379702651,-0.24036438587688802,-0.25327437596212804
7780,-1.155974322477604,-0.751550405261657,-1.4320155892949833,1.2378505970950135,-0.24389427171566183,2.033062156550067,0.026456994102959146,-1.516520332679657,-1.4749062505143535,-1.5002767780894712
7781,1.481118366489172,0.06508561858584352,-1.4320155892949833,0.410284830166764,0.1051195453137382,-0.2046050914713833,0.7833501567231579,1.4698839099652807,1.3794245854559561,1.4330129632782567
7782,0.6161519645080696,0.8817216424333439,0.14431693449478036,0.410284830166764,-0.38349979852741883,-0.6521385410756733,0.38452956489401263,0.8458591428454428,0.8015539254128881,0.7670003166875169
7783,-1.050490614918933,0.06508561858584352,0.6697611090913683,1.2378505970950135,-0.38349979852741883,1.1379952573414867,0.03766668437549806,-1.2847397048922888,-1.282282697166664,-1.3018900322964846
7784,1.5655053325361088,0.06508561858584352,-0.9065714146983955,0.410284830166764,-1.639949539833262,0.6904618077371967,0.6266269988843436,1.6749206191617994,1.5895593709261633,1.362160554066476
7785,-0.9450069073602619,0.8817216424333439,0.6697611090913683,1.2378505970950135,-0.10428874490389983,-1.0996719906799632,0.0333634383467035,-1.0529590771049209,-1.0108585992676464,-1.0326508772917173
7786,0.8482161211371456,0.06508561858584352,0.14431693449478036,-0.8310638202256104,0.8031471793725382,-0.2046050914713833,0.3034585347712904,0.9528348172088437,0.8628432378416978,1.0078985080075717
7787,0.02544320217951176,-1.5681864291091574,0.14431693449478036,0.8240677136308887,0.6635416525607812,-0.6521385410756733,0.19598363703979174,0.1683465385439048,0.2149276493085606,0.2710334522050506
7788,-0.1855242129378305,-0.751550405261657,0.14431693449478036,0.8240677136308887,0.035316781907857205,-0.2046050914713833,0.19662115496998353,-0.0010316125314793153,0.022304095960870397,0.015964779042639207
7789,0.5739584814846012,-1.5681864291091574,0.6697611090913683,-1.2448467036897353,-1.8493578300509,0.6904618077371967,0.25118206449556396,0.8458591428454428,0.8540876217804394,0.5969545345792426
7790,-0.45978185259037524,0.06508561858584352,-1.4320155892949833,0.8240677136308887,0.035316781907857205,-1.0996719906799632,0.11645327524836636,-0.3041293565611155,-0.3366761625507331,-0.3099563033315528
7791,0.4262812909024616,-1.5681864291091574,0.14431693449478036,-1.2448467036897353,0.035316781907857205,0.6904618077371967,0.25033204058864156,0.5338467592855243,0.5651522917589049,0.5544430890521743
7792,0.5950552229963354,0.8817216424333439,-1.4320155892949833,1.2378505970950135,-0.17409150830978082,0.2429283581329067,0.7434521595919885,0.7477981080123259,0.7927983093516288,0.7386593530028038
7793,-0.8817166828250593,0.06508561858584352,-0.9065714146983955,-1.2448467036897353,-1.8493578300509,0.2429283581329067,0.04329809275885884,-0.8568370074386863,-0.8707687422875084,-1.0326508772917173
7794,0.4262812909024616,0.06508561858584352,1.1952052836879563,0.8240677136308887,-1.430541249615619,0.6904618077371967,0.38059820432449665,0.7477981080123259,0.6702196844940084,0.5119316435251055
7795,-0.9872003903837303,0.8817216424333439,-1.4320155892949833,0.410284830166764,0.4541333623431382,-1.5472054402842532,0.036232269032566544,-1.1510201119380377,-1.1071703759414915,-1.0751623228187863
7796,-0.8817166828250593,0.8817216424333439,1.1952052836879563,1.6516334805591384,-0.17409150830978082,-1.010165300759104,0.04935451309568081,-0.9459834027415199,-0.8970355904712844,-0.9192870225528679
7797,-0.8395231998015908,0.8817216424333439,1.7206494582845442,0.410284830166764,0.38433059893725724,-1.0996719906799632,0.031769643521224036,-0.9014102050901031,-0.8620131262262499,-0.8342641314987308
7798,-1.0293938734071988,0.06508561858584352,-0.38112724010180754,0.8240677136308887,-0.24389427171566183,1.5855287069457766,0.03708229293948892,-1.2223372281803049,-1.2297490007991119,-1.231037623084704
7799,-0.7762329752663882,-1.5681864291091574,0.14431693449478036,1.2378505970950135,-0.17409150830978082,-0.6521385410756733,0.0721457791000372,-0.776605251666135,-0.7306788853073704,-0.7634117222869502
7800,0.4473780324141958,-0.751550405261657,-1.4320155892949833,-1.2448467036897353,1.7803858670548574,0.6904618077371967,0.21813738511395633,0.4892735616341074,0.5038629793300943,0.7244888711604479
7801,-0.9872003903837303,0.8817216424333439,0.14431693449478036,0.410284830166764,-0.8721191423685809,-1.0996719906799632,0.04537002603198215,-1.0529590771049209,-1.1071703759414915,-1.146014732030567
7802,-0.9872003903837303,0.06508561858584352,-1.4320155892949833,0.410284830166764,-0.03448598149801883,1.1379952573414867,0.038410455294055144,-1.1866786700591714,-1.1246816080640083,-1.146014732030567
7803,0.8060226381136772,0.06508561858584352,0.6697611090913683,-0.8310638202256104,-0.6627108521509428,0.2429283581329067,0.24326621686234925,0.9884933753299773,0.9153769342092499,0.8520232077416533
7804,-1.0293938734071988,0.8817216424333439,-0.9065714146983955,1.6516334805591384,-0.4533025619332999,-0.6521385410756733,0.05493279498485895,-1.2045079491197386,-1.1772153044315605,-1.2168671412423475
7805,-0.6285557846842488,0.8817216424333439,-0.9065714146983955,-0.8310638202256104,0.38433059893725724,-1.5472054402842532,0.06640811772831111,-0.5537392634090501,-0.5905890283272331,-0.5225135309668953
7806,-0.5863623016607803,0.8817216424333439,-0.9065714146983955,0.410284830166764,0.035316781907857205,-0.2046050914713833,0.10194974233650321,-0.4735075076364996,-0.5030328677146465,-0.4800020854398264
7807,0.23641061729685378,1.6983576662808442,-1.4320155892949833,-1.2448467036897353,2.2690052108960193,2.033062156550067,0.22610635924135367,0.3198954105587225,0.26746134567611196,0.5686135708945302
7808,-0.5863623016607803,0.8817216424333439,1.1952052836879563,-1.2448467036897353,-0.4533025619332999,-1.0996719906799632,0.06359241353663071,-0.4556782285759332,-0.4154767071020606,-0.4800020854398264
7809,-0.9028134243367935,0.8817216424333439,0.14431693449478036,-1.2448467036897353,-0.31369703512154284,-1.0996719906799632,0.0309727461084843,-0.99947123992322,-0.9495692868388359,-0.9901394317646491
7810,2.6414391496345533,0.8817216424333439,-0.38112724010180754,0.410284830166764,-0.10428874490389983,-0.2046050914713833,0.9912872549540456,2.200884351448519,2.1061407185404226,2.113196091711354
7811,0.6583454475315381,-0.751550405261657,0.6697611090913683,0.410284830166764,1.2917665232137003,0.2429283581329067,0.26850130159910746,0.7477981080123259,0.6877309166165253,0.8803641714263664
7812,-0.20662095444956474,0.06508561858584352,0.6697611090913683,-0.8310638202256104,-1.5701467764273809,0.2429283581329067,0.10040907400520639,0.05245622465022072,-0.003962752222904903,-0.1540810030656344
7813,-0.5230720771255777,0.8817216424333439,-0.38112724010180754,0.410284830166764,0.035316781907857205,-1.5472054402842532,0.07448334484407373,-0.40219039139423235,-0.38045424285702606,-0.3808087125433334
7814,0.7638291550902088,0.8817216424333439,1.7206494582845442,-1.2448467036897353,0.035316781907857205,-1.0996719906799632,0.2722201561918929,0.9082616195574269,0.9153769342092499,0.9087051351110781
7815,-1.0293938734071988,-0.751550405261657,-1.4320155892949833,-1.2448467036897353,1.5011748134313383,-0.6521385410756733,0.03708229293948892,-1.2669104258317225,-1.282282697166664,-1.1318442501882104
7816,-0.7973297167781225,0.8817216424333439,1.1952052836879563,1.6516334805591384,-0.31369703512154284,-0.6521385410756733,0.054773415502311004,-0.8211784493175527,-0.8007238137974394,-0.8342641314987308
7817,1.1013770192779564,0.8817216424333439,0.14431693449478036,-1.2448467036897353,-0.10428874490389983,-0.6521385410756733,0.37608245231897147,1.2291886426476295,1.1517785678632324,1.16377380827349
7818,-1.0082971318954645,0.06508561858584352,-0.38112724010180754,-0.8310638202256104,-0.9419219057744619,0.6904618077371967,0.02677575306805504,-1.1688493909986049,-1.1772153044315605,-1.24520810492706
7819,1.0380867947427537,0.8817216424333439,1.1952052836879563,1.6516334805591384,0.4541333623431382,-0.2046050914713833,0.5638846092546352,1.0776397706328118,1.0817336393731634,1.1354328445887771
7820,-0.5441688186373119,0.8817216424333439,0.14431693449478036,-1.2448467036897353,-0.8721191423685809,-0.2046050914713833,0.0735801944429687,-0.4289343099850828,-0.4067210910408021,-0.5083430491245388
7821,0.4262812909024616,0.06508561858584352,-0.9065714146983955,0.8240677136308887,0.6635416525607812,-1.5472054402842532,0.41502417255485313,0.578419956936941,0.5388854435751288,0.6394659801063115
7822,-0.14333072991436205,0.8817216424333439,-0.9065714146983955,0.8240677136308887,-0.17409150830978082,0.2429283581329067,0.22291876959039472,0.025712306059370308,0.04857094414464647,0.015964779042639207
7823,0.7216356720667403,0.8817216424333439,1.7206494582845442,-1.2448467036897353,-0.17409150830978082,-0.6521385410756733,0.27487648090102534,0.86368842190601,0.8803544699642155,0.8378527258992975
7824,-1.155974322477604,0.8817216424333439,-0.38112724010180754,1.2378505970950135,0.4541333623431382,-1.0996719906799632,0.027891409445890667,-1.507605693149374,-1.4486394023305773,-1.4294243688776906
7825,0.9115063456723483,0.06508561858584352,-0.38112724010180754,0.410284830166764,-1.5701467764273809,0.6904618077371967,0.3947829782712639,1.202444724056779,1.1167561036181979,0.9228756169534352
7826,0.8693128626488799,0.06508561858584352,1.1952052836879563,0.410284830166764,0.3145278355313812,0.2429283581329067,0.38888593741698985,0.9350055381482772,1.0029330948218358,1.0078985080075717
7827,-1.0293938734071988,0.06508561858584352,1.1952052836879563,0.8240677136308887,0.4541333623431382,0.6904618077371967,0.042607448334484405,-1.240166507240872,-1.2385046168603704,-1.1885261775576352
7828,0.8904096041606141,0.06508561858584352,0.14431693449478036,-1.2448467036897353,0.035316781907857205,0.6904618077371967,0.3658821654359029,1.0063226543905446,0.9591550145155429,0.97955754432286
7829,2.5359554420758825,0.8817216424333439,0.14431693449478036,-0.8310638202256104,0.8031471793725382,-0.6521385410756733,0.9315199489985656,1.9691037236611515,1.9923177097440596,2.0990256098689968
7830,-0.9450069073602619,0.06508561858584352,-0.38112724010180754,-1.2448467036897353,0.4541333623431382,0.2429283581329067,0.02677575306805504,-1.124276193347188,-1.045881063512681,-1.0326508772917173
7831,1.481118366489172,0.8817216424333439,0.6697611090913683,0.8240677136308887,0.7333444159666572,-0.2046050914713833,0.5064548690431918,1.3450789565413135,1.353157737272181,1.4471834451206125
7832,-1.050490614918933,0.8817216424333439,-0.38112724010180754,0.410284830166764,0.1051195453137382,-1.2786853705216787,0.02581947617276736,-1.3025689839528563,-1.2297490007991119,-1.231037623084704
7833,-0.9872003903837303,0.8817216424333439,-0.38112724010180754,1.2378505970950135,0.24472507212550018,-1.0996719906799632,0.05126706688625617,-1.1510201119380377,-1.1509484562477845,-1.1176737683458546
7834,-0.7129427507311856,1.6983576662808442,1.1952052836879563,0.8240677136308887,-2.617188227515581,3.8231959549672268,0.0549859214790416,-0.5804831819999005,-0.6168558765110084,-0.8626050951834432
7835,-1.0293938734071988,0.8817216424333439,0.14431693449478036,-0.4172809367614856,0.24472507212550018,-1.0996719906799632,0.05201083780481326,-1.240166507240872,-1.212237768676595,-1.1885261775576352
7836,-0.3964916280551725,0.8817216424333439,0.6697611090913683,0.410284830166764,0.1749223087196192,-0.2046050914713833,0.08643680603516973,-0.2684707984399819,-0.24036438587688802,-0.23910389411977154
7837,-1.0293938734071988,-1.5681864291091574,-1.4320155892949833,-1.2448467036897353,1.2219637598078192,-0.2046050914713833,0.03708229293948892,-1.2579957863014386,-1.273527081105405,-1.146014732030567
7838,2.5570521835876163,0.06508561858584352,-1.4320155892949833,-0.8310638202256104,-0.38349979852741883,0.2429283581329067,0.7941348350422356,2.0849940375548357,2.027340173989095,1.9714912732877912
7839,-0.20662095444956474,-1.5681864291091574,0.14431693449478036,0.8240677136308887,0.7333444159666572,0.6904618077371967,0.16219518673962705,-0.07234872877374655,-0.03898521646793941,0.03013526088499571
7840,-0.03784702235569092,0.8817216424333439,1.7206494582845442,-1.2448467036897353,-0.4533025619332999,-0.6521385410756733,0.11523136588216544,0.1950904571347552,0.20617203324730138,0.1434991156238452
7841,-0.14333072991436205,0.8817216424333439,1.7206494582845442,-1.2448467036897353,0.1749223087196192,-1.0996719906799632,0.11602826329490516,0.0167976665290871,0.10986025657345705,0.08681718825442046
7842,-0.8606199413133251,-0.751550405261657,0.14431693449478036,1.6516334805591384,-2.826596517733219,1.5855287069457766,0.05620783084524252,-0.7320320540147182,-0.818235045919957,-1.0468213591340738
7843,0.4473780324141958,-1.5681864291091574,0.6697611090913683,-1.2448467036897353,1.0125554695901813,-1.0996719906799632,0.1952929926154173,0.5962492359975082,0.5126185953913535,0.681977425633379
7844,0.004346460667777534,0.8817216424333439,-0.38112724010180754,-0.4172809367614856,-0.4533025619332999,-0.6521385410756733,0.2004993890453169,0.25749293384673844,0.19741641718604294,0.17184007930855758
7845,-0.9872003903837303,-1.5681864291091574,1.7206494582845442,0.8240677136308887,-0.17409150830978082,1.5855287069457766,0.023056898475269618,-1.1955933095894553,-1.11592599200275,-1.1601852138729227
7846,1.5022151080009063,0.06508561858584352,0.6697611090913683,-0.8310638202256104,-0.31369703512154284,-1.0996719906799632,0.32794984858949155,1.4966278285561312,1.4232026657622499,1.404671999593545
7847,1.6287955570713115,-1.5681864291091574,0.6697611090913683,0.410284830166764,-1.081527432586219,0.2429283581329067,0.5016734845667534,1.585774223858965,1.607070603048681,1.4188424814359009
7848,0.4262812909024616,-0.751550405261657,-0.38112724010180754,1.6516334805591384,1.3615692866195812,-2.4422723394928334,0.3290655049673272,0.6051638755277915,0.547641059636388,0.752829834845161
7849,-0.9872003903837303,0.8817216424333439,1.1952052836879563,0.410284830166764,-0.10428874490389983,-1.0996719906799632,0.03947298517770812,-1.1331908328774714,-1.142192840186526,-1.1318442501882104
7850,-1.155974322477604,1.6983576662808442,-0.9065714146983955,0.8240677136308887,-0.38349979852741883,-1.0996719906799632,0.029910216224831324,-1.463032495497957,-1.4223725541468013,-1.4577653325624031
7851,0.8482161211371456,0.06508561858584352,-0.38112724010180754,-0.8310638202256104,0.24472507212550018,-0.2046050914713833,0.21064654943420283,0.9884933753299773,0.8365763896579225,0.951216580638147
7852,1.8819564552121217,0.06508561858584352,0.14431693449478036,0.410284830166764,-2.128568883674419,0.6904618077371967,0.8809966530308665,1.9067012469491675,1.790938540335112,1.4896948906476815
7853,-1.0082971318954645,-1.5681864291091574,0.14431693449478036,1.2378505970950135,-1.639949539833262,0.6904618077371967,0.04707007384582691,-1.1421054724077544,-1.1071703759414915,-1.2593785867694165
7854,0.27860410032032223,0.8817216424333439,0.14431693449478036,-0.8310638202256104,0.1749223087196192,-0.2046050914713833,0.17351113000053126,0.5160174802249571,0.477596131146319,0.5119316435251055
7855,-0.9239101658485277,0.8817216424333439,1.1952052836879563,1.6516334805591384,-0.17409150830978082,-1.0996719906799632,0.04218243638102322,-1.0262151585140704,-0.9758361350226119,-1.004309913607005
7856,-0.20662095444956474,-1.5681864291091574,-1.4320155892949833,-0.8310638202256104,0.9427527061843003,-1.5472054402842532,0.1097593369813526,-0.0010316125314793153,-0.07400768071297392,0.07264670641206396
7857,0.4473780324141958,-1.5681864291091574,-0.9065714146983955,0.410284830166764,0.6635416525607812,-0.2046050914713833,0.40652393348562926,0.5605906778763746,0.5739079078201633,0.6536364619486673
7858,1.903053196723856,-1.5681864291091574,-0.38112724010180754,1.6516334805591384,1.0125554695901813,-0.6521385410756733,0.5914572597354301,1.6570913401012322,1.5983149869874218,1.7731045274948052
7859,-0.5652655601490462,-1.5681864291091574,1.7206494582845442,0.8240677136308887,-0.24389427171566183,-0.6521385410756733,0.05875790256600967,-0.48242214716678283,-0.44174355528583586,-0.4800020854398264
7860,1.2279574683483612,-0.751550405261657,1.7206494582845442,-0.8310638202256104,1.3615692866195812,0.2429283581329067,0.2442756202518196,1.1846154449962119,1.1167561036181979,1.3338195903817645
7861,-1.1348775809658698,0.8817216424333439,-0.38112724010180754,1.2378505970950135,0.3145278355313812,-1.0996719906799632,0.028953939329543644,-1.463032495497957,-1.4223725541468013,-1.4010834051929784
7862,2.6836326326580218,0.06508561858584352,-0.38112724010180754,-1.2448467036897353,-0.4533025619332999,0.2429283581329067,0.7354831854645912,2.2632868281605028,2.158674414907973,2.113196091711354
7863,-0.5652655601490462,0.8817216424333439,-0.38112724010180754,1.2378505970950135,0.3145278355313812,-0.6521385410756733,0.09429952717420177,-0.5091660657576332,-0.4680104034696119,-0.451661121755114
7864,-0.8395231998015908,0.06508561858584352,-0.38112724010180754,1.2378505970950135,0.035316781907857205,0.2429283581329067,0.05780162567072199,-0.9014102050901031,-0.9145468225938014,-0.8909460588681556
7865,-1.0293938734071988,0.8817216424333439,0.14431693449478036,0.410284830166764,0.035316781907857205,-0.6521385410756733,0.042607448334484405,-1.2134225886500216,-1.2297490007991119,-1.2026966593999917
7866,1.0169900532310194,0.06508561858584352,0.6697611090913683,-1.2448467036897353,0.5937388891549003,-1.0996719906799632,0.32369972905487965,1.1043836892236614,1.0467111751281288,1.149603326431133
7867,0.7216356720667403,0.8817216424333439,0.14431693449478036,1.6516334805591384,0.1051195453137382,-0.2046050914713833,0.5730223662540509,0.8904323404968605,0.8278207735966633,0.8661936895840104
7868,-0.20662095444956474,-1.5681864291091574,-0.38112724010180754,0.410284830166764,0.24472507212550018,-1.0996719906799632,0.11188439674865856,-0.06343408924346336,-0.021473984345422546,-0.012376184642073167
7869,2.092923870329464,0.06508561858584352,1.1952052836879563,0.8240677136308887,-0.03448598149801883,0.6904618077371967,0.9785368963502098,1.8888719678886003,1.7559160760900774,1.801445491179517
7870,-0.9239101658485277,0.06508561858584352,0.14431693449478036,0.410284830166764,-0.24389427171566183,0.2429283581329067,0.03856983477660309,-1.0440444375746376,-0.9933473671451296,-1.0326508772917173
7871,-0.9872003903837303,0.8817216424333439,-0.38112724010180754,0.8240677136308887,0.3145278355313812,-1.8604788550072575,0.03145088455612814,-1.1421054724077544,-1.0984147598802323,-1.0893328046611421
7872,0.4473780324141958,0.06508561858584352,1.1952052836879563,-1.2448467036897353,-1.221132959397981,0.2429283581329067,0.2764702757265048,0.7210541894214756,0.6702196844940084,0.5261021253674619
7873,-0.3964916280551725,-0.751550405261657,1.1952052836879563,0.8240677136308887,-1.081527432586219,1.5855287069457766,0.09483079211602827,-0.23281224031884826,-0.18783068950933665,-0.33829726701626517
7874,0.5950552229963354,0.06508561858584352,-0.38112724010180754,-1.2448467036897353,-0.03448598149801883,0.6904618077371967,0.25181958242575575,0.738883468482042,0.7577758451065942,0.7386593530028038
7875,0.4473780324141958,0.06508561858584352,1.1952052836879563,0.8240677136308887,-0.38349979852741883,0.2429283581329067,0.3365563406470807,0.6586517127094915,0.521374211452612,0.5402726072098178
7876,-0.7762329752663882,0.06508561858584352,-0.9065714146983955,-1.2448467036897353,-1.1513301959920998,0.2429283581329067,0.044094990171598576,-0.7498613330752854,-0.704412037123595,-0.8342641314987308
7877,-1.0082971318954645,0.8817216424333439,-0.38112724010180754,0.410284830166764,-0.31369703512154284,-0.6521385410756733,0.027785156457525367,-1.1688493909986049,-1.1246816080640083,-1.1601852138729227
7878,-0.1855242129378305,0.06508561858584352,-1.4320155892949833,0.410284830166764,-0.5231053253391809,1.1379952573414867,0.15183552037401052,0.025712306059370308,-0.03898521646793941,-0.0690581120114973
7879,-0.20662095444956474,-1.5681864291091574,-1.4320155892949833,-0.8310638202256104,-1.5701467764273809,-0.6521385410756733,0.12118153323062211,0.05245622465022072,0.06608217626716334,-0.12574003938092204
7880,-0.5441688186373119,0.06508561858584352,-1.4320155892949833,-1.2448467036897353,-0.24389427171566183,1.1379952573414867,0.07554587472772671,-0.4645928681062164,-0.424232323163319,-0.46583160359747056
7881,0.7216356720667403,0.8817216424333439,-0.9065714146983955,-0.8310638202256104,-0.24389427171566183,-0.6521385410756733,0.3001646921319662,0.9260908986179933,0.8365763896579225,0.8378527258992975
7882,-0.5441688186373119,0.8817216424333439,-1.4320155892949833,-1.2448467036897353,-0.8023163789626999,0.2429283581329067,0.0765021516230144,-0.4111050309245164,-0.38920985891828447,-0.4800020854398264
7883,-1.0293938734071988,0.8817216424333439,0.14431693449478036,-1.2448467036897353,0.8031471793725382,-0.2046050914713833,0.035222865643096214,-1.240166507240872,-1.2472602329216296,-1.1601852138729227
7884,-0.438685111078641,-1.5681864291091574,1.1952052836879563,-1.2448467036897353,-1.7097523032391428,0.2429283581329067,0.08261169845401901,-0.2506415193794147,-0.1965863055705951,-0.40914967622804577
7885,0.4473780324141958,-1.5681864291091574,-0.38112724010180754,0.8240677136308887,-0.5929080887450618,-1.0996719906799632,0.30213037241672425,0.7121395498911923,0.731508996922819,0.6394659801063115
7886,-0.6074590431725145,0.06508561858584352,1.1952052836879563,0.8240677136308887,-0.5231053253391809,0.2429283581329067,0.08452425224459438,-0.4735075076364996,-0.5030328677146465,-0.5366840128092512
7887,2.5359554420758825,0.06508561858584352,1.7206494582845442,0.410284830166764,-0.6627108521509428,2.033062156550067,0.6992509164320246,2.1295672352062516,2.062362638234129,1.9714912732877912
7888,-0.8184264582898567,1.6983576662808442,-1.4320155892949833,-0.8310638202256104,2.0595969206783815,-1.0996719906799632,0.04345747224140679,-0.9192394841506695,-0.932058054716319,-0.7209002767598819
7889,0.10983016822644844,1.6983576662808442,-0.38112724010180754,-0.0034980532973608127,6.5967765420605815,-1.5472054402842532,0.06768315358869469,0.03462694558965351,-0.07400768071297392,0.752829834845161
7890,0.4262812909024616,-0.751550405261657,1.1952052836879563,0.410284830166764,1.2917665232137003,0.2429283581329067,0.26573872390160974,0.4714442825735402,0.5388854435751288,0.6678069437910232
7891,2.662535891146288,0.8817216424333439,0.6697611090913683,-1.2448467036897353,0.1749223087196192,-0.6521385410756733,0.9010253413377252,2.1295672352062516,2.132407566724198,2.1415370553960655
7892,-0.9028134243367935,0.06508561858584352,-0.9065714146983955,-1.2448467036897353,0.3145278355313812,0.2429283581329067,0.04643255591563513,-0.9905566003929368,-1.0108585992676464,-0.9617984680799367
7893,-0.9661036488719961,0.8817216424333439,0.14431693449478036,-1.2448467036897353,-0.4533025619332999,-0.6521385410756733,0.028528927376082452,-1.079702995695771,-1.0371254474514224,-1.0893328046611421
7894,-0.8395231998015908,0.8817216424333439,-0.9065714146983955,-1.2448467036897353,-1.5003440130215,-0.2046050914713833,0.0525952292408224,-0.8122638097872686,-0.8445018941037331,-0.9617984680799367
7895,-0.8395231998015908,0.8817216424333439,0.6697611090913683,1.2378505970950135,0.38433059893725724,-0.6521385410756733,0.04537002603198215,-0.9459834027415199,-0.9057912065325429,-0.8767755770257997
7896,-1.155974322477604,0.8817216424333439,1.1952052836879563,-0.4172809367614856,-0.4533025619332999,-0.2046050914713833,0.030919619614301654,-1.4897764140888075,-1.4573950183918358,-1.5002767780894712
7897,0.6372487060198039,0.8817216424333439,1.7206494582845442,-1.2448467036897353,-0.17409150830978082,-1.0996719906799632,0.23322530946182862,0.8191152242545933,0.8278207735966633,0.7953412803722286
7898,0.3418943248555247,0.8817216424333439,1.1952052836879563,-0.8310638202256104,0.24472507212550018,-0.2046050914713833,0.20565265898103385,0.524932119755241,0.4688405150850598,0.5261021253674619
7899,-0.438685111078641,0.8817216424333439,1.1952052836879563,1.6516334805591384,0.3145278355313812,-0.6521385410756733,0.10444668756308771,-0.3219586356216819,-0.2928980822444394,-0.2674448578044839
7900,0.02544320217951176,-1.5681864291091574,1.1952052836879563,-0.8310638202256104,0.6635416525607812,-0.6521385410756733,0.1407320830898369,0.1594318990136216,0.19741641718604294,0.25686297036269473
7901,-0.14333072991436205,0.8817216424333439,-1.4320155892949833,0.8240677136308887,0.38433059893725724,-0.6521385410756733,0.17590182223875048,0.06137086418050393,0.013548479899611962,0.08681718825442046
7902,-1.0293938734071988,0.06508561858584352,0.14431693449478036,0.410284830166764,-0.24389427171566183,0.2429283581329067,0.033204058864155554,-1.2223372281803049,-1.1684596883703013,-1.2026966593999917
7903,0.5106682569493985,0.06508561858584352,0.6697611090913683,0.8240677136308887,-0.10428874490389983,-0.6521385410756733,0.25989480954151833,0.7656273870728924,0.6877309166165253,0.7103183893180921
7904,2.029633645794261,0.06508561858584352,-0.9065714146983955,-1.2448467036897353,-0.5231053253391809,1.1379952573414867,0.6408648993252936,1.8086402121160499,1.7033823797225252,1.7447635638100922
7905,-1.0293938734071988,0.06508561858584352,0.6697611090913683,0.410284830166764,0.38433059893725724,-0.2046050914713833,0.02964458375391808,-1.2312518677105888,-1.2385046168603704,-1.1885261775576352
7906,-0.8395231998015908,0.8817216424333439,1.1952052836879563,0.8240677136308887,-0.24389427171566183,-1.0996719906799632,0.05774849917653934,-0.8568370074386863,-0.8357462780424739,-0.8626050951834432
7907,-0.7973297167781225,0.8817216424333439,-1.4320155892949833,1.6516334805591384,-0.31369703512154284,-0.6521385410756733,0.06763002709451203,-0.785519891196419,-0.8094794298586986,-0.8200936496563749
7908,-0.05894376386742515,1.6983576662808442,-0.9065714146983955,-0.8310638202256104,2.3388079743018952,2.4805956061543566,0.08771184189555331,-0.018860891592046524,-0.07400768071297392,0.22852200667798234
7909,-1.050490614918933,-0.751550405261657,-0.38112724010180754,-1.2448467036897353,1.5011748134313383,-1.0996719906799632,0.022366254050895183,-1.3293129025437058,-1.282282697166664,-1.1601852138729227
7910,1.586602074047843,-1.5681864291091574,-0.38112724010180754,-0.8310638202256104,0.5239361257490193,1.5855287069457766,0.434255963448972,1.4074814332532968,1.4056914336397324,1.4755244088053256
7911,-0.5441688186373119,0.06508561858584352,0.14431693449478036,-1.2448467036897353,0.8729499427784192,-0.2046050914713833,0.07166764065239335,-0.4467635890456492,-0.4855216355921296,-0.36663823070097756
7912,0.8693128626488799,0.06508561858584352,0.14431693449478036,0.8240677136308887,-0.10428874490389983,0.2429283581329067,0.43542474632099026,1.0241519334511109,0.9503993984542844,0.9653870624805029
7913,0.4473780324141958,0.06508561858584352,0.14431693449478036,-0.8310638202256104,-2.058766120268543,2.033062156550067,0.22297189608457738,0.6764809917700587,0.6351972202489738,0.38439730694390006
7914,-1.050490614918933,-1.5681864291091574,-1.4320155892949833,0.410284830166764,0.4541333623431382,-0.2046050914713833,0.03495723317218297,-1.3293129025437058,-1.2647714650441464,-1.24520810492706
7915,-0.016750280843956692,-1.5681864291091574,-1.4320155892949833,-1.2448467036897353,-0.9419219057744619,0.6904618077371967,0.16347022260001062,0.21291973619532162,0.223683265369819,0.10098767009677634
7916,0.21531387578511957,-1.5681864291091574,-0.38112724010180754,-1.2448467036897353,0.38433059893725724,2.4805956061543566,0.1831270254475907,0.2931514919678721,0.3462618902274394,0.3702268251015436
7917,0.4473780324141958,-1.5681864291091574,1.1952052836879563,-1.2448467036897353,-1.081527432586219,0.2429283581329067,0.2507039260479201,0.685395631300342,0.7490202290453358,0.5686135708945302
7918,0.4262812909024616,0.06508561858584352,1.1952052836879563,0.410284830166764,0.8729499427784192,0.6904618077371967,0.3084524252244594,0.5962492359975082,0.547641059636388,0.681977425633379
7919,-0.9239101658485277,0.8817216424333439,0.14431693449478036,-1.2448467036897353,0.1749223087196192,-0.6521385410756733,0.040907400520639646,-1.0173005189837871,-1.045881063512681,-1.004309913607005
7920,-0.8817166828250593,0.8817216424333439,1.1952052836879563,1.2378505970950135,-1.430541249615619,1.1379952573414867,0.05201083780481326,-0.9103248446203863,-0.8707687422875084,-1.0184803954493615
7921,-0.1855242129378305,0.8817216424333439,1.1952052836879563,0.410284830166764,0.1051195453137382,-0.2046050914713833,0.14721351538012006,-0.0010316125314793153,0.031059712022128826,0.03013526088499571
7922,1.5022151080009063,-0.751550405261657,-1.4320155892949833,-0.8310638202256104,0.9427527061843003,0.2429283581329067,0.49636083514848856,1.3807375146624472,1.3794245854559561,1.5038653724900373
7923,-1.050490614918933,0.8817216424333439,-0.38112724010180754,0.8240677136308887,-0.10428874490389983,-1.0996719906799632,0.027944535940073314,-1.3025689839528563,-1.256015848982888,-1.2735490686117723
7924,-1.050490614918933,-0.751550405261657,-0.9065714146983955,-0.8310638202256104,-0.6627108521509428,3.3756625053629365,0.021994368591616638,-1.3114836234831393,-1.2647714650441464,-1.330230995981197
7925,2.5359554420758825,0.06508561858584352,0.6697611090913683,0.410284830166764,-2.268174410486181,1.5855287069457766,0.7843064336184455,2.272201467690786,2.1499187988467146,1.8156159730218742
7926,-0.8606199413133251,0.8817216424333439,1.1952052836879563,0.410284830166764,-0.7325136155568189,-1.5472054402842532,0.03957923816607342,-0.8835809260295359,-0.8445018941037331,-0.9192870225528679
7927,-0.6074590431725145,-1.5681864291091574,1.1952052836879563,1.6516334805591384,1.0823582329960573,0.2429283581329067,0.10067470647611965,-0.5893978215301837,-0.60810026044975,-0.4800020854398264
7928,-0.5230720771255777,0.8817216424333439,0.14431693449478036,1.2378505970950135,0.3145278355313812,-0.2046050914713833,0.136481963555225,-0.4289343099850828,-0.4067210910408021,-0.3808087125433334
7929,-0.9872003903837303,0.8817216424333439,-0.38112724010180754,-0.4172809367614856,0.1749223087196192,-1.0996719906799632,0.044520002125059764,-1.1331908328774714,-1.0984147598802323,-1.0893328046611421
7930,-0.2699111789847672,-0.751550405261657,-1.4320155892949833,0.410284830166764,-0.10428874490389983,1.5855287069457766,0.12059714179461298,-0.14366584501601382,-0.11778576101926763,-0.13991052122327854
7931,1.5022151080009063,-1.5681864291091574,0.14431693449478036,0.8240677136308887,-1.988963356862662,1.1379952573414867,0.7693247622589385,1.5412010262075482,1.5808037548649048,1.2487966993276265
7932,-1.0082971318954645,0.06508561858584352,0.14431693449478036,0.410284830166764,-0.7325136155568189,0.2429283581329067,0.03426658874780853,-1.1777640305288881,-1.1246816080640083,-1.2026966593999917
7933,1.5022151080009063,-1.5681864291091574,1.7206494582845442,-1.2448467036897353,-0.5929080887450618,0.6904618077371967,0.41502417255485313,1.425310712313864,1.466980746068543,1.3479900722241203
7934,-0.20662095444956474,0.8817216424333439,-0.9065714146983955,-1.2448467036897353,-0.24389427171566183,-0.2046050914713833,0.14338840779896936,-0.045604810182896936,-0.012718368284164113,-0.054887630169141416
7935,-0.8395231998015908,-1.5681864291091574,-0.38112724010180754,-1.2448467036897353,0.24472507212550018,2.033062156550067,0.03538224512564416,-0.9192394841506695,-0.8795243583487669,-0.8626050951834432
7936,-0.8184264582898567,-1.5681864291091574,1.1952052836879563,0.410284830166764,-0.24389427171566183,0.779968497658056,0.04319183977049355,-0.8657516469689694,-0.8357462780424739,-0.8626050951834432
7937,2.8735033062636304,0.8817216424333439,1.1952052836879563,-0.8310638202256104,0.5239361257490193,-1.457698750363394,0.9563300217818627,2.22762827003937,2.2199637273367836,2.297412355661984
7938,-0.20662095444956474,-0.751550405261657,1.7206494582845442,1.6516334805591384,1.0125554695901813,-1.0996719906799632,0.10210912181905116,-0.09017800783431376,-0.14405260920304294,0.0017942972002833347
7939,-0.5863623016607803,0.8817216424333439,1.1952052836879563,-0.8310638202256104,-0.17409150830978082,-0.6521385410756733,0.062157998193699195,-0.5180807052879165,-0.4767660195308704,-0.5083430491245388
7940,0.8482161211371456,0.8817216424333439,-1.4320155892949833,1.2378505970950135,-0.10428874490389983,-0.2046050914713833,0.7223609414014769,0.9795787357996941,0.9153769342092499,0.9228756169534352
7941,-1.050490614918933,0.8817216424333439,-0.9065714146983955,0.8240677136308887,0.3145278355313812,-0.6521385410756733,0.044360622642511824,-1.2669104258317225,-1.282282697166664,-1.231037623084704
7942,-0.20662095444956474,0.8817216424333439,0.6697611090913683,-0.8310638202256104,-0.31369703512154284,-0.2046050914713833,0.10418105509217447,-0.02777553112232973,-0.003962752222904903,-0.054887630169141416
7943,-0.5652655601490462,0.8817216424333439,-1.4320155892949833,1.2378505970950135,-0.03448598149801883,-0.2046050914713833,0.12787547149763587,-0.5002514262273501,-0.4592547874083535,-0.4800020854398264
7944,3.379825102545251,-1.5681864291091574,0.6697611090913683,-0.8310638202256104,-0.8023163789626999,0.4666950829350517,0.9538862030494608,2.548555293129572,2.570188369787129,2.4107762104008335
7945,-0.1644274714260963,0.8817216424333439,-1.4320155892949833,-0.8310638202256104,-0.03448598149801883,-0.2046050914713833,0.12415661690485044,-0.009946252061763314,0.03981532808338804,0.015964779042639207
7946,0.5106682569493985,0.06508561858584352,-0.9065714146983955,0.410284830166764,-0.4533025619332999,1.1379952573414867,0.41714923232215906,0.6943102708306251,0.6527084523714916,0.6111250164215991
7947,-1.050490614918933,0.8817216424333439,-0.38112724010180754,0.8240677136308887,0.8031471793725382,-0.2046050914713833,0.035860383573287996,-1.2847397048922888,-1.2910383132279224,-1.2026966593999917
7948,0.9115063456723483,0.8817216424333439,-0.9065714146983955,0.410284830166764,0.38433059893725724,-0.2046050914713833,0.5225521967805344,1.0063226543905446,0.9503993984542844,1.0220689898499276
7949,-0.3542981450317041,-1.5681864291091574,-0.38112724010180754,1.6516334805591384,1.0125554695901813,1.1379952573414867,0.10264038676087765,-0.21498296125828106,-0.3016536983056986,-0.13991052122327854
7950,0.21531387578511957,-0.751550405261657,-1.4320155892949833,-1.2448467036897353,-0.6627108521509428,3.3756625053629365,0.1925835414121022,0.5160174802249571,0.39003997053373235,0.3702268251015436
7951,-1.050490614918933,0.06508561858584352,1.1952052836879563,1.6516334805591384,-0.38349979852741883,0.2429283581329067,0.03633852202093184,-1.2579957863014386,-1.2209933847378536,-1.2593785867694165
7952,-0.1855242129378305,0.8817216424333439,-1.4320155892949833,-0.8310638202256104,-0.38349979852741883,-0.2046050914713833,0.12739733304999204,0.007883026998803893,0.07483779232842254,0.0017942972002833347
7953,1.5022151080009063,0.06508561858584352,-0.38112724010180754,-0.8310638202256104,0.8031471793725382,0.2429283581329067,0.3459066036232269,1.4074814332532968,1.3356465051496633,1.4755244088053256
7954,1.5655053325361088,0.8817216424333439,1.1952052836879563,0.8240677136308887,-0.38349979852741883,-0.6521385410756733,0.7585400839398608,1.532286386677265,1.510758826374836,1.4613539269629696
7955,-0.438685111078641,0.8817216424333439,-1.4320155892949833,0.410284830166764,0.38433059893725724,-1.0996719906799632,0.104552940551453,-0.3397879146822491,-0.31040931436695707,-0.28161533964684043
7956,0.32079758334379044,0.06508561858584352,1.7206494582845442,-0.0034980532973608127,-0.03448598149801883,0.6904618077371967,0.11661265473091431,0.524932119755241,0.46008489902380134,0.4835906798403931
7957,1.67098904009478,0.8817216424333439,1.7206494582845442,0.410284830166764,0.8031471793725382,0.2429283581329067,0.461191095999575,1.532286386677265,1.4494695139460252,1.588888263544175
7958,-0.4808785941021094,0.8817216424333439,0.6697611090913683,0.410284830166764,0.1051195453137382,-0.2046050914713833,0.07490835679753494,-0.38436111233366593,-0.35418739467325,-0.35246774885862103
7959,-0.9872003903837303,0.8817216424333439,-1.4320155892949833,0.8240677136308887,0.38433059893725724,-0.6521385410756733,0.04515752005525155,-1.1777640305288881,-1.1246816080640083,-1.1176737683458546
7960,-0.5652655601490462,0.8817216424333439,1.1952052836879563,1.6516334805591384,-0.9419219057744619,-0.6521385410756733,0.10349041066780003,-0.437848949515366,-0.38920985891828447,-0.5083430491245388
7961,-1.050490614918933,0.06508561858584352,0.14431693449478036,-1.2448467036897353,-0.5929080887450618,0.2429283581329067,0.03203527599213728,-1.2134225886500216,-1.256015848982888,-1.2735490686117723
7962,1.481118366489172,1.6983576662808442,1.7206494582845442,-0.8310638202256104,2.618019027925419,1.1379952573414867,0.27987037135419435,1.1935300845264958,1.1342673357407154,1.5322063361747504
7963,-0.5441688186373119,0.8817216424333439,1.1952052836879563,-0.8310638202256104,0.6635416525607812,-0.6521385410756733,0.06837379801306911,-0.4467635890456492,-0.4680104034696119,-0.3808087125433334
7964,-0.8817166828250593,0.8817216424333439,0.14431693449478036,1.6516334805591384,0.6635416525607812,-0.6521385410756733,0.05865164957764437,-0.9727273213323704,-0.9845917510838703,-0.9051165407105121
7965,-0.7973297167781225,0.8817216424333439,0.14431693449478036,1.6516334805591384,-0.8023163789626999,-0.2046050914713833,0.06067045635658503,-0.8122638097872686,-0.7744569656136641,-0.8626050951834432
7966,-0.9661036488719961,0.06508561858584352,0.14431693449478036,0.410284830166764,0.5937388891549003,0.6904618077371967,0.04675131488073102,-1.115361553816904,-1.1334372241252668,-1.0609918409764298
7967,-1.0293938734071988,0.8817216424333439,-0.9065714146983955,0.410284830166764,-0.31369703512154284,-0.2046050914713833,0.03299155288742496,-1.2223372281803049,-1.1597040723090428,-1.2026966593999917
7968,-0.9661036488719961,0.8817216424333439,0.14431693449478036,1.2378505970950135,-0.03448598149801883,-1.0996719906799632,0.050948307921160285,-1.0886176352260544,-1.0809035277577155,-1.0751623228187863
7969,-0.1855242129378305,-1.5681864291091574,-1.4320155892949833,-0.8310638202256104,0.3145278355313812,0.2429283581329067,0.11889709398076821,-0.045604810182896936,0.0047928638383535295,0.015964779042639207
7970,0.8060226381136772,1.6983576662808442,-0.9065714146983955,-0.8310638202256104,-3.315215861574381,3.8231959549672268,0.20714020081814802,1.095469049693378,1.029199943005612,0.6252954982639549
7971,1.5022151080009063,0.06508561858584352,0.6697611090913683,0.410284830166764,0.8729499427784192,1.1379952573414867,0.4843011209690273,1.3985667937230135,1.3268908890884048,1.4755244088053256
7972,-0.8395231998015908,0.8817216424333439,-0.9065714146983955,1.2378505970950135,-1.0117246691803428,-0.2046050914713833,0.07655527811719705,-0.8211784493175527,-0.8357462780424739,-0.9192870225528679
7973,-1.1981678055010725,-1.5681864291091574,-0.9065714146983955,1.6516334805591384,0.4541333623431382,-1.9947388898885432,0.02433193433565319,-1.596752088452208,-1.5624624111269394,-1.5286177417741837
7974,0.046539943691245755,1.6983576662808442,-0.38112724010180754,-0.8310638202256104,2.3388079743018952,0.2429283581329067,0.1252722732826861,0.11485870136220476,0.06608217626716334,0.3702268251015436
7975,-0.12223398840262782,0.06508561858584352,-1.4320155892949833,-0.8310638202256104,-1.8493578300509,1.1379952573414867,0.1356319396483026,0.22183437572560563,0.17990518506352607,-0.026546666484429042
7976,-0.20662095444956474,0.8817216424333439,1.1952052836879563,0.8240677136308887,-0.17409150830978082,-0.6521385410756733,0.16283270466981883,-0.02777553112232973,0.013548479899611962,-0.026546666484429042
7977,-0.8184264582898567,0.06508561858584352,1.1952052836879563,0.410284830166764,-0.31369703512154284,-0.2046050914713833,0.05636721032779047,-0.8300930888478358,-0.8532575101649915,-0.8626050951834432
7978,-0.6074590431725145,0.8817216424333439,-0.38112724010180754,0.8240677136308887,0.6635416525607812,-1.5472054402842532,0.0763958986346491,-0.5448246238787668,-0.5117884837759049,-0.451661121755114
7979,0.4262812909024616,1.6983576662808442,0.14431693449478036,-0.0034980532973608127,4.363088113072419,-0.2046050914713833,0.12112840673643946,0.3644686082101393,0.27621696173737037,0.8661936895840104
7980,-0.5441688186373119,0.8817216424333439,-1.4320155892949833,-0.8310638202256104,0.24472507212550018,-0.6521385410756733,0.06178611273442065,-0.4913367866970668,-0.45049917134709505,-0.43749063991275816
7981,-0.9872003903837303,0.06508561858584352,1.1952052836879563,0.410284830166764,-0.4533025619332999,0.6904618077371967,0.03947298517770812,-1.124276193347188,-1.142192840186526,-1.1601852138729227
7982,-1.050490614918933,-1.5681864291091574,-0.38112724010180754,-1.2448467036897353,0.8031471793725382,0.6904618077371967,0.022950645486904318,-1.3293129025437058,-1.273527081105405,-1.2168671412423475
7983,-1.0082971318954645,0.8817216424333439,0.6697611090913683,0.410284830166764,0.38433059893725724,-1.0996719906799632,0.02475694628911438,-1.1955933095894553,-1.1597040723090428,-1.1318442501882104
7984,0.784925896601943,-1.5681864291091574,0.6697611090913683,-1.2448467036897353,0.5937388891549003,0.2429283581329067,0.2563884609254635,0.8102005847243092,0.8540876217804394,0.9087051351110781
7985,-0.14333072991436205,0.06508561858584352,0.14431693449478036,-0.8310638202256104,-0.24389427171566183,0.2429283581329067,0.1167189077192796,0.08811478277135434,0.0573265602059049,0.044305742727351584
7986,2.5359554420758825,-0.751550405261657,0.6697611090913683,0.8240677136308887,-2.058766120268543,3.3756625053629365,0.8421080592891675,2.111737956145685,2.0098289418665765,1.7022521182830246
7987,0.7216356720667403,-1.5681864291091574,1.7206494582845442,0.8240677136308887,-0.17409150830978082,0.6904618077371967,0.2605854539658928,0.8102005847243092,0.8891100860254739,0.8095117622145858
7988,0.8693128626488799,-1.5681864291091574,1.1952052836879563,1.6516334805591384,-0.9419219057744619,-0.6521385410756733,0.5247835095362057,1.095469049693378,1.029199943005612,0.9228756169534352
7989,0.46847477392593007,0.8817216424333439,0.14431693449478036,0.410284830166764,0.5937388891549003,-0.2046050914713833,0.4054614036019763,0.5962492359975082,0.6439528363102324,0.6961479074757362
7990,0.7638291550902088,0.8817216424333439,1.7206494582845442,-1.2448467036897353,-0.7325136155568189,-0.2046050914713833,0.2139935185677097,0.9795787357996941,0.9066213181479907,0.8378527258992975
7991,-1.050490614918933,0.8817216424333439,0.6697611090913683,0.410284830166764,0.6635416525607812,-1.5472054402842532,0.023269404452000212,-1.293654344422572,-1.256015848982888,-1.2026966593999917
7992,0.6372487060198039,0.8817216424333439,1.1952052836879563,1.6516334805591384,-0.03448598149801883,-0.6521385410756733,0.48600116878287203,0.8369445033151597,0.7840426932903704,0.7953412803722286
7993,-0.20662095444956474,-1.5681864291091574,-0.38112724010180754,-1.2448467036897353,-0.17409150830978082,-1.0996719906799632,0.11687828720182755,-0.009946252061763314,0.022304095960870397,-0.012376184642073167
7994,-0.9028134243367935,-1.5681864291091574,-0.9065714146983955,-1.2448467036897353,0.38433059893725724,-0.6521385410756733,0.03617914253838389,-0.99947123992322,-0.9583249029000951,-0.9334575043952245
7995,-0.9872003903837303,0.8817216424333439,0.14431693449478036,0.410284830166764,0.1051195453137382,-0.2046050914713833,0.04537002603198215,-1.1688493909986049,-1.1684596883703013,-1.146014732030567
7996,-1.0293938734071988,0.8817216424333439,1.1952052836879563,0.8240677136308887,0.4541333623431382,-1.0996719906799632,0.042607448334484405,-1.2312518677105888,-1.2297490007991119,-1.1743556957152792
7997,-0.8817166828250593,-1.5681864291091574,-1.4320155892949833,-1.2448467036897353,-2.407779937297943,1.5855287069457766,0.03400095627689529,-0.8746662864992527,-0.7657013495524049,-1.0468213591340738
7998,-0.3964916280551725,0.8817216424333439,-0.9065714146983955,1.6516334805591384,0.4541333623431382,0.2429283581329067,0.16129203633852202,-0.3130439960913987,-0.27538685012192254,-0.23910389411977154
7999,-0.7129427507311856,0.8817216424333439,0.14431693449478036,0.8240677136308887,0.6635416525607812,-0.6521385410756733,0.07533336875099612,-0.7320320540147182,-0.6956564210623358,-0.6358773857057448
8000,0.8693128626488799,0.8817216424333439,0.6697611090913683,0.8240677136308887,-0.17409150830978082,0.2429283581329067,0.3554693725761037,0.9884933753299773,1.0029330948218358,0.9653870624805029
8001,0.32079758334379044,-1.5681864291091574,-1.4320155892949833,-1.2448467036897353,0.7333444159666572,0.6904618077371967,0.2502789140944589,0.4268710849221234,0.45132928296254293,0.5261021253674619
8002,-1.0082971318954645,0.8817216424333439,-1.4320155892949833,-0.4172809367614856,-0.4533025619332999,-0.6521385410756733,0.05408277107793657,-1.1688493909986049,-1.0984147598802323,-1.1601852138729227
8003,0.21531387578511957,0.06508561858584352,-0.38112724010180754,0.8240677136308887,0.8729499427784192,0.6904618077371967,0.21590607235828507,0.3555539686798561,0.3199950420436633,0.44107923431332485
8004,0.8060226381136772,0.06508561858584352,0.6697611090913683,-1.2448467036897353,0.035316781907857205,0.2429283581329067,0.2984115178239388,0.9350055381482772,0.8803544699642155,0.9087051351110781
8005,-0.8395231998015908,0.06508561858584352,0.14431693449478036,-1.2448467036897353,0.38433059893725724,1.1379952573414867,0.03915422621261223,-0.9192394841506695,-0.8707687422875084,-0.8484346133410873
8006,-1.050490614918933,-0.751550405261657,1.1952052836879563,0.8240677136308887,1.1521609964019384,-1.0996719906799632,0.03001646921319662,-1.3114836234831393,-1.2385046168603704,-1.1601852138729227
8007,-0.20662095444956474,0.06508561858584352,-0.38112724010180754,0.8240677136308887,-0.8721191423685809,0.2429283581329067,0.12559103224778198,0.03462694558965351,-0.003962752222904903,-0.0832285938538538
8008,2.0085369042825274,0.8817216424333439,1.7206494582845442,-1.2448467036897353,1.0823582329960573,0.6904618077371967,0.46963820857461613,1.6927498982223659,1.607070603048681,1.801445491179517
8009,2.114020611841198,0.8817216424333439,-0.9065714146983955,-0.8310638202256104,0.8031471793725382,-1.5472054402842532,0.41768049726398554,1.8175548516463331,1.7559160760900774,1.9006388640760106
8010,-1.0293938734071988,0.8817216424333439,0.14431693449478036,-0.4172809367614856,-0.31369703512154284,-0.2046050914713833,0.048557615682941084,-1.240166507240872,-1.1947265365540773,-1.231037623084704
8011,0.5317649984611327,0.06508561858584352,1.1952052836879563,0.8240677136308887,-0.4533025619332999,0.6904618077371967,0.4060989215321681,0.7745420266031756,0.7139977648003013,0.681977425633379
8012,0.5317649984611327,-1.5681864291091574,0.6697611090913683,0.410284830166764,1.0125554695901813,0.6904618077371967,0.26488869999468734,0.6586517127094915,0.617685988126457,0.7670003166875169
8013,0.23641061729685378,1.6983576662808442,-0.38112724010180754,-0.8310638202256104,-0.31369703512154284,4.270729404571517,0.1500823460659831,0.4536150035129738,0.39879558659499154,0.38439730694390006
8014,0.21531387578511957,-0.751550405261657,1.1952052836879563,-1.2448467036897353,0.3145278355313812,2.2568288813522117,0.20273070180098815,0.3109807710284393,0.3199950420436633,0.3418858614168312
8015,0.3418943248555247,0.8817216424333439,1.1952052836879563,-1.2448467036897353,0.8729499427784192,-1.5472054402842532,0.2313658821654359,0.4803589221038234,0.44257366690128447,0.5686135708945302
8016,-1.0293938734071988,0.06508561858584352,0.14431693449478036,0.410284830166764,-0.24389427171566183,-1.0996719906799632,0.042607448334484405,-1.240166507240872,-1.2385046168603704,-1.24520810492706
8017,0.6583454475315381,0.06508561858584352,-0.38112724010180754,-0.8310638202256104,-1.7097523032391428,0.6904618077371967,0.20474950857992882,0.9528348172088437,0.8978657020867323,0.681977425633379
8018,-1.0293938734071988,-0.751550405261657,-0.38112724010180754,0.8240677136308887,1.0125554695901813,-0.2046050914713833,0.028900812835360994,-1.2847397048922888,-1.2385046168603704,-1.1601852138729227
8019,0.4262812909024616,0.06508561858584352,-0.38112724010180754,1.2378505970950135,0.38433059893725724,1.1379952573414867,0.325771662328003,0.5605906778763746,0.477596131146319,0.5686135708945302
8020,-0.9450069073602619,-1.5681864291091574,0.6697611090913683,0.8240677136308887,-0.7325136155568189,2.033062156550067,0.029325824788822185,-1.0707883561654872,-1.002102983206388,-1.0893328046611421
8021,-1.0082971318954645,0.8817216424333439,1.1952052836879563,1.2378505970950135,-0.24389427171566183,-0.2046050914713833,0.04324496626467619,-1.1688493909986049,-1.1334372241252668,-1.1601852138729227
8022,-0.45978185259037524,0.8817216424333439,-1.4320155892949833,-1.2448467036897353,-0.10428874490389983,-1.0996719906799632,0.08691494448281357,-0.35761719374281553,-0.31040931436695707,-0.33829726701626517
8023,-1.050490614918933,0.8817216424333439,0.14431693449478036,0.410284830166764,0.035316781907857205,-0.6521385410756733,0.04122615948573553,-1.2669104258317225,-1.256015848982888,-1.24520810492706
8024,-0.9661036488719961,-1.5681864291091574,-0.9065714146983955,-1.2448467036897353,0.9427527061843003,-0.2046050914713833,0.04266057482866706,-1.1331908328774714,-1.1334372241252668,-1.0326508772917173
8025,-1.050490614918933,-0.751550405261657,1.7206494582845442,0.8240677136308887,1.1521609964019384,-0.2046050914713833,0.02093183870796366,-1.338227542073989,-1.2910383132279224,-1.2026966593999917
8026,-0.8395231998015908,-1.5681864291091574,-0.9065714146983955,-1.2448467036897353,0.8729499427784192,-0.2046050914713833,0.0382510758115072,-0.9548980422718031,-0.9057912065325429,-0.8342641314987308
8027,0.4262812909024616,0.8817216424333439,0.6697611090913683,0.410284830166764,0.4541333623431382,-2.4422723394928334,0.2571853583382033,0.6051638755277915,0.6264416041877154,0.681977425633379
8028,-0.8184264582898567,0.8817216424333439,-1.4320155892949833,1.2378505970950135,-0.17409150830978082,-0.6521385410756733,0.076714657599745,-0.8211784493175527,-0.8007238137974394,-0.8200936496563749
8029,2.599245666611085,-1.5681864291091574,0.6697611090913683,-1.2448467036897353,0.8031471793725382,-0.2046050914713833,0.8050257663496786,2.040420839903418,2.0360957900503536,2.1557075372384213
8030,-1.1770710639893383,0.8817216424333439,0.14431693449478036,1.6516334805591384,0.035316781907857205,-0.6521385410756733,0.029325824788822185,-1.5700081698613575,-1.5011730986981295,-1.5144472599318273
8031,1.5022151080009063,1.6983576662808442,0.6697611090913683,0.410284830166764,1.9897941572724953,0.2429283581329067,0.4402592572916113,1.3005057588898967,1.239334728475819,1.5463768180171062
8032,0.5106682569493985,0.8817216424333439,-0.38112724010180754,-0.8310638202256104,-0.03448598149801883,-0.2046050914713833,0.23699729054879667,0.6764809917700587,0.7052421487390429,0.681977425633379
8033,-0.5441688186373119,0.8817216424333439,-0.38112724010180754,1.6516334805591384,-0.5929080887450618,-0.2046050914713833,0.10534983796419274,-0.4200196704547996,-0.45049917134709505,-0.4941725672821829
8034,-0.8817166828250593,0.8817216424333439,-1.4320155892949833,1.6516334805591384,0.1749223087196192,-0.2046050914713833,0.06247675715879509,-0.9905566003929368,-0.9845917510838703,-0.9617984680799367
8035,-0.12223398840262782,0.8817216424333439,1.1952052836879563,1.6516334805591384,-0.03448598149801883,-1.0996719906799632,0.20836211018434894,0.06137086418050393,0.08359340838968098,0.07264670641206396
8036,0.700538930555006,0.8817216424333439,0.14431693449478036,0.8240677136308887,-0.5929080887450618,-0.2046050914713833,0.5321149657334112,0.8904323404968605,0.8978657020867323,0.8095117622145858
8037,-1.050490614918933,0.8817216424333439,0.6697611090913683,0.410284830166764,0.1749223087196192,-1.0996719906799632,0.023269404452000212,-1.2758250653620058,-1.212237768676595,-1.2168671412423475
8038,-0.9450069073602619,0.8817216424333439,0.14431693449478036,0.410284830166764,-0.6627108521509428,-0.2046050914713833,0.04813260372947989,-1.0440444375746376,-1.0633922956351987,-1.1035032865034986
8039,1.481118366489172,-1.5681864291091574,-0.9065714146983955,-1.2448467036897353,0.6635416525607812,0.6904618077371967,0.6078733464378686,1.3183350379504633,1.3181352730271465,1.404671999593545
8040,-1.050490614918933,-1.5681864291091574,-1.4320155892949833,0.410284830166764,-0.17409150830978082,0.2429283581329067,0.03400095627689529,-1.293654344422572,-1.2472602329216296,-1.2735490686117723
8041,0.48957151543766425,-1.5681864291091574,0.14431693449478036,0.8240677136308887,-0.03448598149801883,-0.6521385410756733,0.3539287042448069,0.6586517127094915,0.66146406843275,0.6536364619486673
8042,2.5359554420758825,1.6983576662808442,0.6697611090913683,0.8240677136308887,-2.268174410486181,4.718262854175807,0.6014981671359507,2.25437218863022,2.114896334601681,1.787275009337161
8043,-1.050490614918933,0.06508561858584352,-0.38112724010180754,0.410284830166764,0.38433059893725724,0.2429283581329067,0.025128831748392925,-1.2669104258317225,-1.2297490007991119,-1.2026966593999917
8044,-1.0082971318954645,0.8817216424333439,0.14431693449478036,1.2378505970950135,-0.24389427171566183,-0.6521385410756733,0.0525952292408224,-1.1688493909986049,-1.185970920492819,-1.1885261775576352
8045,-0.4808785941021094,0.06508561858584352,-1.4320155892949833,0.410284830166764,0.8031471793725382,-0.2046050914713833,0.08882749827338894,-0.39327575186394914,-0.43298793922457746,-0.3241267851739087
8046,-1.050490614918933,0.06508561858584352,-1.4320155892949833,1.6516334805591384,-0.24389427171566183,0.6904618077371967,0.04191680391010997,-1.2579957863014386,-1.2209933847378536,-1.24520810492706
8047,-1.0926840979424013,0.06508561858584352,-1.4320155892949833,1.6516334805591384,-2.128568883674419,1.1379952573414867,0.041438665462466134,-1.240166507240872,-1.2472602329216296,-1.4152538870353342
8048,-0.1644274714260963,0.06508561858584352,-0.9065714146983955,-1.2448467036897353,0.5937388891549003,0.6904618077371967,0.14514158210699676,0.007883026998803893,-0.03022960040668098,0.058476224569708087
8049,-0.20662095444956474,-0.751550405261657,1.7206494582845442,-0.8310638202256104,-0.38349979852741883,2.928129055758647,0.09690272538915157,-0.045604810182896936,-0.003962752222904903,-0.0690581120114973
8050,-0.5863623016607803,0.8817216424333439,1.1952052836879563,1.6516334805591384,-0.03448598149801883,-1.0996719906799632,0.1242097433990331,-0.4645928681062164,-0.44174355528583586,-0.451661121755114
8051,0.4473780324141958,-0.751550405261657,1.1952052836879563,0.410284830166764,1.4313720500254572,-0.2046050914713833,0.2804547627902035,0.4803589221038234,0.5301298275138704,0.681977425633379
8052,-0.6918460092194515,0.8817216424333439,0.14431693449478036,1.2378505970950135,0.1051195453137382,-1.0996719906799632,0.09451203315093237,-0.6696295773027342,-0.6431227246947845,-0.6358773857057448
8053,-0.1855242129378305,-1.5681864291091574,0.6697611090913683,0.8240677136308887,0.8031471793725382,0.6904618077371967,0.11825957605057642,-0.045604810182896936,-0.021473984345422546,0.058476224569708087
8054,0.5739584814846012,-1.5681864291091574,0.6697611090913683,-1.2448467036897353,-0.7325136155568189,1.5855287069457766,0.22509695585188333,0.7299688289517587,0.7577758451065942,0.6394659801063115
8055,0.5950552229963354,0.8817216424333439,-0.38112724010180754,-0.8310638202256104,-1.7097523032391428,-0.2046050914713833,0.24098177761249534,0.8993469800271436,0.8540876217804394,0.6394659801063115
8056,-1.0082971318954645,-1.5681864291091574,-1.4320155892949833,0.8240677136308887,0.8031471793725382,-0.2046050914713833,0.035116612654730914,-1.2223372281803049,-1.1772153044315605,-1.1176737683458546
8057,-0.8184264582898567,0.06508561858584352,-1.4320155892949833,1.6516334805591384,-0.5929080887450618,-0.6521385410756733,0.06539871433884079,-0.7944345307267022,-0.8357462780424739,-0.8626050951834432
8058,-0.1644274714260963,0.8817216424333439,0.14431693449478036,-1.2448467036897353,-0.03448598149801883,-1.5472054402842532,0.14540721457791,0.03462694558965351,0.0573265602059049,0.044305742727351584
8059,-0.9028134243367935,0.06508561858584352,-1.4320155892949833,-1.2448467036897353,0.035316781907857205,0.2429283581329067,0.034479094724539125,-1.0173005189837871,-0.9583249029000951,-0.9759689499222927
8060,-0.5652655601490462,0.06508561858584352,-0.9065714146983955,-1.2448467036897353,-0.24389427171566183,-0.2046050914713833,0.0931307443021835,-0.4200196704547996,-0.4680104034696119,-0.46583160359747056
8061,-0.12223398840262782,-1.5681864291091574,0.14431693449478036,-0.8310638202256104,0.9427527061843003,0.2429283581329067,0.10141847739467673,0.025712306059370308,-0.012718368284164113,0.11515815193913284
8062,0.8060226381136772,0.8817216424333439,-1.4320155892949833,-0.0034980532973608127,-0.10428874490389983,-0.6521385410756733,0.22467194389842216,0.970664096269411,0.9241325502705084,0.9228756169534352
8063,-0.45978185259037524,0.8817216424333439,-0.38112724010180754,1.2378505970950135,0.4541333623431382,-1.0996719906799632,0.10418105509217447,-0.36653183327309874,-0.3279205464894739,-0.2957858214891963
8064,0.9326030871840826,0.8817216424333439,0.14431693449478036,0.8240677136308887,-0.17409150830978082,-1.5472054402842532,0.5385963980236944,1.0687251311025279,1.0116887108830943,1.0078985080075717
8065,-0.8395231998015908,0.8817216424333439,-1.4320155892949833,-1.2448467036897353,0.6635416525607812,-0.2046050914713833,0.03915422621261223,-0.9281541236809527,-0.888279974410026,-0.8342641314987308
8066,-0.1855242129378305,-1.5681864291091574,1.7206494582845442,-1.2448467036897353,1.2219637598078192,0.2429283581329067,0.10184348934813792,-0.09017800783431376,-0.056496448590457056,0.07264670641206396
8067,0.9747965702075511,-1.5681864291091574,1.1952052836879563,-1.2448467036897353,-0.03448598149801883,1.1379952573414867,0.35770068533177496,0.9974080148602605,1.0204443269443535,0.9937280261652158
8068,-0.5863623016607803,0.8817216424333439,-0.9065714146983955,-1.2448467036897353,0.6635416525607812,-0.6521385410756733,0.08500239069223822,-0.5269953448182004,-0.49427725165338804,-0.43749063991275816
8069,-0.7973297167781225,0.8817216424333439,0.14431693449478036,1.6516334805591384,-0.8023163789626999,-0.2046050914713833,0.06486744939701429,-0.785519891196419,-0.8007238137974394,-0.8626050951834432
8070,-0.1855242129378305,0.06508561858584352,-1.4320155892949833,-1.2448467036897353,0.035316781907857205,0.6904618077371967,0.14832917175795568,-0.02777553112232973,0.013548479899611962,0.0017942972002833347
8071,-0.5019753356138434,-1.5681864291091574,0.14431693449478036,-1.2448467036897353,1.0823582329960573,-0.6521385410756733,0.07108324921638422,-0.4200196704547996,-0.45049917134709505,-0.3099563033315528
8072,0.8693128626488799,-1.5681864291091574,-1.4320155892949833,-1.2448467036897353,0.8031471793725382,0.2429283581329067,0.33597194921107154,0.9350055381482772,0.9241325502705084,1.0362394716922834
8073,2.6203424081228195,0.8817216424333439,0.6697611090913683,-1.2448467036897353,0.7333444159666572,-0.2046050914713833,0.7849439515486373,2.1028233166154022,2.001073325805318,2.1557075372384213
8074,-0.8184264582898567,0.8817216424333439,1.1952052836879563,0.410284830166764,0.6635416525607812,-0.6521385410756733,0.05636721032779047,-0.8568370074386863,-0.8707687422875084,-0.7917526859716626
8075,-1.050490614918933,0.8817216424333439,1.1952052836879563,0.410284830166764,0.3145278355313812,-0.2046050914713833,0.035860383573287996,-1.2579957863014386,-1.2910383132279224,-1.231037623084704
8076,-0.3964916280551725,0.8817216424333439,1.1952052836879563,0.8240677136308887,0.24472507212550018,-0.6521385410756733,0.11512511289380013,-0.2773854379702651,-0.2578756179994049,-0.23910389411977154
8077,0.7427324135784745,-1.5681864291091574,0.14431693449478036,-0.8310638202256104,0.9427527061843003,2.4805956061543566,0.26111671890771926,0.8369445033151597,0.731508996922819,0.9087051351110781
8078,2.5570521835876163,0.8817216424333439,-1.4320155892949833,-0.8310638202256104,0.3145278355313812,-0.2046050914713833,0.9482547946661,2.1028233166154022,2.018584557927835,2.0990256098689968
8079,-1.0293938734071988,0.8817216424333439,-0.38112724010180754,-0.4172809367614856,0.035316781907857205,-0.6521385410756733,0.05557031291505073,-1.2045079491197386,-1.2034821526153359,-1.1885261775576352
8080,-0.5863623016607803,0.8817216424333439,-1.4320155892949833,0.8240677136308887,0.5937388891549003,-0.2046050914713833,0.09525580406948946,-0.5180807052879165,-0.5468109480209394,-0.46583160359747056
8081,-1.050490614918933,0.8817216424333439,0.14431693449478036,1.2378505970950135,-0.8721191423685809,-0.6521385410756733,0.04584816447962599,-1.240166507240872,-1.1246816080640083,-1.24520810492706
8082,2.5570521835876163,-0.751550405261657,-1.4320155892949833,-0.8310638202256104,-1.221132959397981,2.928129055758647,0.8809435265366838,2.1028233166154022,2.132407566724198,1.9006388640760106
8083,-1.0082971318954645,0.8817216424333439,-1.4320155892949833,0.410284830166764,0.1051195453137382,-1.0996719906799632,0.03729479891621952,-1.1688493909986049,-1.142192840186526,-1.1318442501882104
8084,0.9326030871840826,0.8817216424333439,0.6697611090913683,-1.2448467036897353,-0.8023163789626999,0.6904618077371967,0.3390001593794825,1.1043836892236614,1.1342673357407154,0.9937280261652158
8085,-0.20662095444956474,1.6983576662808442,-1.4320155892949833,-1.2448467036897353,2.4086107377077814,0.2429283581329067,0.12314721351538012,-0.14366584501601382,-0.170319457386819,0.11515815193913284
8086,1.903053196723856,0.06508561858584352,1.7206494582845442,1.2378505970950135,0.8031471793725382,1.1379952573414867,0.5846570684800511,1.6749206191617994,1.5983149869874218,1.7447635638100922
8087,3.6329860006860613,0.06508561858584352,0.14431693449478036,-0.8310638202256104,-0.8023163789626999,1.1379952573414867,0.9657865377463741,2.717933444204956,2.596455217970904,2.4957991014549696
8088,-1.050490614918933,0.8817216424333439,-1.4320155892949833,0.410284830166764,0.5937388891549003,-0.6521385410756733,0.04483876109015566,-1.240166507240872,-1.2647714650441464,-1.1885261775576352
8089,-0.4808785941021094,0.8817216424333439,-1.4320155892949833,1.6516334805591384,-0.8023163789626999,-0.5626318511548141,0.14445093768262232,-0.33087327515196513,-0.2928980822444394,-0.3949791943856899
8090,-0.1644274714260963,0.06508561858584352,0.14431693449478036,0.410284830166764,0.24472507212550018,-0.2046050914713833,0.14471657015353556,-0.0010316125314793153,-0.021473984345422546,0.015964779042639207
8091,-0.6918460092194515,0.8817216424333439,-0.38112724010180754,0.410284830166764,0.6635416525607812,-1.0996719906799632,0.05620783084524252,-0.5804831819999005,-0.6869008050010774,-0.5508544946516076
8092,0.4262812909024616,-1.5681864291091574,0.14431693449478036,0.8240677136308887,1.3615692866195812,-0.2046050914713833,0.39047973224246935,0.5338467592855243,0.5388854435751288,0.7103183893180921
8093,-1.0293938734071988,0.06508561858584352,1.1952052836879563,1.2378505970950135,-0.38349979852741883,0.6904618077371967,0.05557031291505073,-1.240166507240872,-1.2385046168603704,-1.2593785867694165
8094,0.700538930555006,-0.751550405261657,0.14431693449478036,-0.8310638202256104,1.5709775768372194,0.2429283581329067,0.21383413908516177,0.7567127475426092,0.6877309166165253,0.9228756169534352
8095,-0.9872003903837303,0.06508561858584352,1.1952052836879563,-1.2448467036897353,0.38433059893725724,0.6904618077371967,0.03352281782925145,-1.1510201119380377,-1.1772153044315605,-1.1176737683458546
8096,-0.6074590431725145,0.8817216424333439,0.14431693449478036,0.8240677136308887,-0.10428874490389983,-1.0996719906799632,0.09934654412155342,-0.5269953448182004,-0.4855216355921296,-0.5083430491245388
8097,-0.8606199413133251,-1.5681864291091574,0.6697611090913683,1.6516334805591384,0.6635416525607812,0.2429283581329067,0.04340434574722414,-0.9638126818020863,-0.932058054716319,-0.8767755770257997
8098,0.3418943248555247,-0.751550405261657,-0.38112724010180754,0.8240677136308887,1.5011748134313383,-1.5472054402842532,0.24092865111831271,0.4357857244524066,0.4688405150850598,0.6394659801063115
8099,0.257507358808588,1.6983576662808442,-0.38112724010180754,-0.8310638202256104,3.0368356083606955,-0.2046050914713833,0.1212877862189874,0.4357857244524066,0.23243888143107744,0.7244888711604479
8100,1.5022151080009063,-0.751550405261657,1.7206494582845442,0.8240677136308887,1.2219637598078192,1.1379952573414867,0.41693672634542844,1.3361643170110304,1.3619133533334393,1.5180358543323944
8101,2.810213081728427,0.06508561858584352,1.1952052836879563,-0.8310638202256104,-0.7325136155568189,1.1379952573414867,0.8994846730064283,2.3524332234633367,2.2199637273367836,2.1415370553960655
8102,-0.9872003903837303,0.06508561858584352,-0.9065714146983955,-0.8310638202256104,-0.10428874490389983,0.6904618077371967,0.03352281782925145,-1.1688493909986049,-1.1597040723090428,-1.1601852138729227
8103,-0.7762329752663882,0.06508561858584352,0.14431693449478036,-0.8310638202256104,0.035316781907857205,-0.2046050914713833,0.04627317643308718,-0.7587759726055686,-0.791968197736181,-0.7634117222869502
8104,-0.8184264582898567,-0.751550405261657,1.1952052836879563,-0.8310638202256104,1.2917665232137003,-1.5472054402842532,0.03246028794559847,-0.9192394841506695,-0.8707687422875084,-0.7634117222869502
8105,-0.12223398840262782,0.8817216424333439,0.14431693449478036,1.6516334805591384,-0.03448598149801883,-0.2046050914713833,0.22084683631727142,0.05245622465022072,0.09234902445093941,0.07264670641206396
8106,-1.1981678055010725,-1.5681864291091574,-1.4320155892949833,1.6516334805591384,-1.221132959397981,-0.6521385410756733,0.02815704191680391,-1.516520332679657,-1.4573950183918358,-1.5711291873012518
8107,-0.14333072991436205,-1.5681864291091574,0.14431693449478036,-1.2448467036897353,-0.31369703512154284,-0.6521385410756733,0.16060139191414757,0.04354158511993751,0.09234902445093941,0.03013526088499571
8108,1.5233118495126405,0.06508561858584352,1.7206494582845442,0.8240677136308887,-0.38349979852741883,0.6904618077371967,0.4444562503320406,1.478798549495564,1.4232026657622499,1.3763310359088319
8109,-1.0293938734071988,0.8817216424333439,-1.4320155892949833,0.8240677136308887,0.035316781907857205,-0.6521385410756733,0.05004515752005525,-1.2134225886500216,-1.2209933847378536,-1.2026966593999917
8110,-0.8395231998015908,-1.5681864291091574,1.1952052836879563,-1.2448467036897353,-1.221132959397981,2.4805956061543566,0.03729479891621952,-0.8657516469689694,-0.818235045919957,-0.9476279862375803
8111,2.599245666611085,-1.5681864291091574,-1.4320155892949833,-0.8310638202256104,-2.058766120268543,0.6904618077371967,0.9623864421186846,2.22762827003937,2.228719343398042,1.8581274185489418
8112,0.48957151543766425,0.8817216424333439,1.1952052836879563,0.8240677136308887,-0.24389427171566183,-1.0996719906799632,0.3974393029803963,0.685395631300342,0.6964865326777845,0.6536364619486673
8113,0.700538930555006,0.06508561858584352,0.6697611090913683,-1.2448467036897353,-0.17409150830978082,1.1379952573414867,0.2578760027625777,0.8815177009665764,0.8278207735966633,0.8236822440569416
8114,-0.9239101658485277,0.8817216424333439,-0.9065714146983955,-1.2448467036897353,-1.5701467764273809,-0.6521385410756733,0.035222865643096214,-0.9816419608626535,-0.9233024386550606,-1.0893328046611421
8115,-0.1011372468908936,0.8817216424333439,-0.9065714146983955,-1.2448467036897353,0.1749223087196192,0.2429283581329067,0.1674547096637093,0.07028550371078714,0.09234902445093941,0.10098767009677634
8116,0.5950552229963354,-1.5681864291091574,1.1952052836879563,-0.8310638202256104,1.0125554695901813,-0.2046050914713833,0.2294002018806779,0.7210541894214756,0.6702196844940084,0.8236822440569416
8117,1.5233118495126405,1.6983576662808442,-0.38112724010180754,0.410284830166764,0.24472507212550018,3.8231959549672268,0.46081921054029645,1.425310712313864,1.2218234963533012,1.362160554066476
8118,-1.0293938734071988,-1.5681864291091574,1.1952052836879563,-1.2448467036897353,0.4541333623431382,-1.0996719906799632,0.024544440312383786,-1.2669104258317225,-1.2209933847378536,-1.1885261775576352
8119,-0.9661036488719961,0.8817216424333439,1.1952052836879563,-0.4172809367614856,-0.24389427171566183,-0.6521385410756733,0.051745205333900014,-1.0975322747563376,-1.0546366795739395,-1.0893328046611421
8120,-0.20662095444956474,0.8817216424333439,0.6697611090913683,0.8240677136308887,0.9427527061843003,-1.5472054402842532,0.11379695053923392,-0.10800728689488018,-0.056496448590457056,0.03013526088499571
8121,0.23641061729685378,0.06508561858584352,-1.4320155892949833,-1.2448467036897353,0.24472507212550018,0.2429283581329067,0.22610635924135367,0.40012716633127293,0.36377312234995707,0.41273827062861246
8122,-0.7973297167781225,-1.5681864291091574,0.14431693449478036,-1.2448467036897353,0.8031471793725382,-0.2046050914713833,0.041066780003187586,-0.8924955655598191,-0.8445018941037331,-0.777582204129306
8123,0.02544320217951176,-0.751550405261657,0.14431693449478036,-1.2448467036897353,1.7803858670548574,-1.9947388898885432,0.14439781118843967,0.1594318990136216,0.20617203324730138,0.38439730694390006
8124,0.7427324135784745,0.8817216424333439,0.14431693449478036,0.8240677136308887,-0.4533025619332999,-1.0996719906799632,0.5480529139882059,0.91717625908771,0.9503993984542844,0.8661936895840104
8125,-1.0293938734071988,-1.5681864291091574,-1.4320155892949833,0.8240677136308887,0.1051195453137382,-0.6521385410756733,0.03378845030016469,-1.2579957863014386,-1.1947265365540773,-1.2026966593999917
8126,-0.8817166828250593,-0.751550405261657,-0.9065714146983955,1.2378505970950135,-0.31369703512154284,1.5855287069457766,0.06157360675769006,-0.9370687632112367,-0.888279974410026,-0.9334575043952245
8127,1.5444085910243748,0.06508561858584352,1.7206494582845442,-0.4172809367614856,-0.4533025619332999,0.2429283581329067,0.5006640811772831,1.4966278285561312,1.5020032103135774,1.4188424814359009
8128,-0.8184264582898567,0.8817216424333439,-1.4320155892949833,1.6516334805591384,0.5239361257490193,-0.2046050914713833,0.05381713860702332,-0.9103248446203863,-0.8532575101649915,-0.8200936496563749
8129,-0.1855242129378305,-1.5681864291091574,-0.38112724010180754,-0.4172809367614856,-1.081527432586219,1.5855287069457766,0.18296764596504278,0.025712306059370308,0.0573265602059049,-0.0832285938538538
8130,1.481118366489172,-0.751550405261657,1.7206494582845442,-0.8310638202256104,1.3615692866195812,0.2429283581329067,0.2713170057907879,1.3005057588898967,1.2218234963533012,1.4471834451206125
8131,0.4262812909024616,0.06508561858584352,0.14431693449478036,-1.2448467036897353,-0.6627108521509428,0.6904618077371967,0.2249375763693354,0.6408224336489251,0.5914191399426809,0.5261021253674619
8132,-0.9661036488719961,0.06508561858584352,1.1952052836879563,0.410284830166764,-0.10428874490389983,0.2429283581329067,0.031663390532858736,-1.1421054724077544,-1.072147911696457,-1.1035032865034986
8133,-0.5863623016607803,0.06508561858584352,0.6697611090913683,0.8240677136308887,-1.5003440130215,1.1379952573414867,0.06061732986240238,-0.5002514262273501,-0.5205440998371641,-0.6642183493904572
8134,-0.45978185259037524,-1.5681864291091574,1.7206494582845442,0.410284830166764,-1.5701467764273809,2.033062156550067,0.06093608882749827,-0.2863000775005483,-0.2578756179994049,-0.43749063991275816
8135,0.4473780324141958,0.06508561858584352,1.1952052836879563,1.6516334805591384,-0.38349979852741883,0.2429283581329067,0.43367157201296286,0.6764809917700587,0.6264416041877154,0.5969545345792426
8136,-0.4808785941021094,0.8817216424333439,-0.38112724010180754,0.410284830166764,-0.03448598149801883,-1.0996719906799632,0.09164320246506932,-0.3219586356216819,-0.34543177861199154,-0.33829726701626517
8137,-1.0082971318954645,0.8817216424333439,1.1952052836879563,-1.2448467036897353,-0.31369703512154284,-0.6521385410756733,0.02534133772512352,-1.1955933095894553,-1.1509484562477845,-1.1885261775576352
8138,0.4262812909024616,-1.5681864291091574,-0.9065714146983955,1.6516334805591384,-0.31369703512154284,0.2429283581329067,0.50401105031079,0.5695053174066579,0.6001747560039394,0.5402726072098178
8139,2.8524065647518957,0.8817216424333439,1.1952052836879563,-0.8310638202256104,0.5937388891549003,-1.5472054402842532,0.9982999521861552,2.2811161072210693,2.2900086558268526,2.3682647648737642
8140,1.5233118495126405,0.06508561858584352,0.14431693449478036,0.410284830166764,-0.8721191423685809,0.2429283581329067,0.7113106306114859,1.5679449447983984,1.5720481388036465,1.4188424814359009
8141,0.8060226381136772,0.8817216424333439,0.14431693449478036,1.2378505970950135,-0.17409150830978082,-0.8311519209173887,0.7042979333793763,0.9439201776785605,0.9591550145155429,0.9228756169534352
8142,0.9326030871840826,0.8817216424333439,1.1952052836879563,1.6516334805591384,-0.38349979852741883,-0.6521385410756733,0.5200021250597673,1.0598104915722446,1.0029330948218358,0.9653870624805029
8143,-0.08004050537915937,-1.5681864291091574,-0.38112724010180754,-0.8310638202256104,-1.360738486209743,0.2429283581329067,0.128459862933645,0.186175817604472,0.19741641718604294,0.03013526088499571
8144,0.8482161211371456,-0.751550405261657,0.6697611090913683,0.8240677136308887,-0.03448598149801883,2.033062156550067,0.3090899431546512,0.8191152242545933,0.8803544699642155,0.8378527258992975
8145,-1.050490614918933,0.8817216424333439,-1.4320155892949833,0.410284830166764,0.24472507212550018,-0.6521385410756733,0.04483876109015566,-1.2669104258317225,-1.299793929289181,-1.24520810492706
8146,-0.7973297167781225,-1.5681864291091574,1.1952052836879563,0.8240677136308887,-0.8023163789626999,0.2429283581329067,0.048929501142219625,-0.8122638097872686,-0.6869008050010774,-0.8200936496563749
8147,-0.1855242129378305,0.8817216424333439,-1.4320155892949833,-1.2448467036897353,-0.8721191423685809,-0.6521385410756733,0.18737714498220262,0.07028550371078714,0.09234902445093941,-0.012376184642073167
8148,0.8482161211371456,0.06508561858584352,0.6697611090913683,-1.2448467036897353,-0.03448598149801883,-0.6521385410756733,0.25883227965786537,0.970664096269411,0.8978657020867323,0.9228756169534352
8149,-0.1855242129378305,-0.751550405261657,-0.9065714146983955,-0.8310638202256104,1.0823582329960573,-1.0996719906799632,0.12941613982893269,-0.07234872877374655,-0.012718368284164113,0.08681718825442046
8150,-0.8606199413133251,0.06508561858584352,1.1952052836879563,1.2378505970950135,-0.9419219057744619,0.6904618077371967,0.05817351113000053,-0.9014102050901031,-0.8620131262262499,-0.9617984680799367
8151,1.903053196723856,0.8817216424333439,1.1952052836879563,1.2378505970950135,-0.5231053253391809,-0.6521385410756733,0.971099187164639,1.6838352586920826,1.6946267636612669,1.588888263544175
8152,-0.5441688186373119,0.8817216424333439,-0.38112724010180754,0.8240677136308887,-0.5929080887450618,-1.0996719906799632,0.09360888274982734,-0.40219039139423235,-0.38045424285702606,-0.451661121755114
8153,-1.050490614918933,-1.5681864291091574,-1.4320155892949833,1.6516334805591384,-0.31369703512154284,0.6904618077371967,0.04191680391010997,-1.2758250653620058,-1.2385046168603704,-1.2735490686117723
8154,-1.0293938734071988,0.06508561858584352,1.1952052836879563,0.410284830166764,-0.7325136155568189,1.5855287069457766,0.03708229293948892,-1.2134225886500216,-1.2297490007991119,-1.2735490686117723
8155,0.257507358808588,0.8817216424333439,1.7206494582845442,0.410284830166764,-0.4533025619332999,-0.2046050914713833,0.17080167879721617,0.5160174802249571,0.4250624347787669,0.41273827062861246
8156,-0.7762329752663882,-1.5681864291091574,0.14431693449478036,0.410284830166764,-0.31369703512154284,0.6904618077371967,0.04807947723529724,-0.8211784493175527,-0.7832125816749225,-0.8200936496563749
8157,0.46847477392593007,0.8817216424333439,-1.4320155892949833,-0.4172809367614856,0.5937388891549003,-0.2046050914713833,0.6109546831004622,0.6051638755277915,0.6439528363102324,0.6961479074757362
8158,-0.8395231998015908,-1.5681864291091574,0.14431693449478036,-0.8310638202256104,0.5937388891549003,-1.9947388898885432,0.030760240131753706,-0.9192394841506695,-0.8620131262262499,-0.8200936496563749
8159,-1.0293938734071988,0.8817216424333439,0.14431693449478036,-0.4172809367614856,-0.17409150830978082,-1.0996719906799632,0.05636721032779047,-1.240166507240872,-1.1947265365540773,-1.2168671412423475
8160,-0.1855242129378305,-1.5681864291091574,0.14431693449478036,-1.2448467036897353,0.24472507212550018,0.6904618077371967,0.12463475535249428,-0.08126336830403057,-0.003962752222904903,-0.012376184642073167
8161,-0.8395231998015908,0.06508561858584352,-1.4320155892949833,0.8240677136308887,-1.0117246691803428,0.2429283581329067,0.05594219837432928,-0.8300930888478358,-0.8007238137974394,-0.9051165407105121
8162,-0.5441688186373119,0.8817216424333439,1.1952052836879563,1.6516334805591384,-0.6627108521509428,-0.6521385410756733,0.09839026722626573,-0.40219039139423235,-0.37169862679576765,-0.451661121755114
8163,-0.20662095444956474,-1.5681864291091574,-0.9065714146983955,1.6516334805591384,-0.4533025619332999,-0.2046050914713833,0.19242416192955428,-0.02777553112232973,0.013548479899611962,-0.054887630169141416
8164,0.4262812909024616,-1.5681864291091574,-0.9065714146983955,-0.8310638202256104,-0.8721191423685809,1.1379952573414867,0.2776921850927057,0.6051638755277915,0.617685988126457,0.4977611616827496
8165,-0.1855242129378305,0.8817216424333439,0.6697611090913683,0.8240677136308887,0.035316781907857205,-0.6521385410756733,0.15752005525155394,-0.045604810182896936,-0.012718368284164113,-0.026546666484429042
8166,-0.5863623016607803,0.06508561858584352,0.6697611090913683,-1.2448467036897353,0.8031471793725382,0.2429283581329067,0.05870477607182702,-0.5269953448182004,-0.60810026044975,-0.4800020854398264
8167,-0.20662095444956474,-1.5681864291091574,1.1952052836879563,-0.8310638202256104,1.0125554695901813,-0.2046050914713833,0.1124687881846677,-0.02777553112232973,-0.06525206465171549,0.07264670641206396
8168,-0.8184264582898567,0.06508561858584352,-1.4320155892949833,-1.2448467036897353,-0.5231053253391809,0.6904618077371967,0.04011050310789991,-0.8479223679084023,-0.8007238137974394,-0.8626050951834432
8169,-1.0293938734071988,-0.751550405261657,-0.9065714146983955,-0.8310638202256104,1.5011748134313383,-0.2046050914713833,0.03150401105031079,-1.2490811467711553,-1.273527081105405,-1.1176737683458546
8170,1.5655053325361088,0.06508561858584352,-0.38112724010180754,-1.2448467036897353,0.3145278355313812,0.2429283581329067,0.5560218881156033,1.532286386677265,1.3881802015172156,1.4896948906476815
8171,-0.8606199413133251,-0.751550405261657,1.7206494582845442,0.8240677136308887,0.9427527061843003,-0.6521385410756733,0.03272592041651171,-0.9905566003929368,-0.9057912065325429,-0.8484346133410873
8172,-1.050490614918933,-0.751550405261657,1.1952052836879563,-0.8310638202256104,1.0823582329960573,-0.2046050914713833,0.02093183870796366,-1.3203982630134226,-1.273527081105405,-1.1885261775576352
8173,-0.6074590431725145,0.8817216424333439,0.14431693449478036,-1.2448467036897353,-0.4533025619332999,-1.0996719906799632,0.08463050523295967,-0.4556782285759332,-0.5030328677146465,-0.5225135309668953
8174,-0.6074590431725145,-0.751550405261657,1.1952052836879563,-1.2448467036897353,1.2917665232137003,-1.0996719906799632,0.06481432290283164,-0.6250563796513173,-0.5905890283272331,-0.46583160359747056
8175,1.5233118495126405,1.6983576662808442,-0.38112724010180754,-0.0034980532973608127,2.548216264519543,2.033062156550067,0.24693194496095203,1.2202740031173456,1.1255117196794562,1.5322063361747504
8176,0.4473780324141958,0.8817216424333439,1.1952052836879563,0.410284830166764,0.24472507212550018,0.2429283581329067,0.34994421718110824,0.578419956936941,0.6089303720651978,0.6252954982639549
8177,-0.5441688186373119,-0.751550405261657,-1.4320155892949833,1.2378505970950135,-1.0117246691803428,1.5855287069457766,0.14328215481060405,-0.38436111233366593,-0.3629430107345084,-0.4800020854398264
8178,-0.4808785941021094,0.8817216424333439,-1.4320155892949833,0.410284830166764,-0.6627108521509428,-0.6521385410756733,0.10194974233650321,-0.3487025542125323,-0.3191649304282155,-0.3949791943856899
8179,-0.8184264582898567,0.06508561858584352,1.1952052836879563,1.2378505970950135,-1.221132959397981,0.6904618077371967,0.06534558784465813,-0.7944345307267022,-0.791968197736181,-0.9051165407105121
8180,1.6287955570713115,0.06508561858584352,-0.9065714146983955,-0.8310638202256104,0.8031471793725382,1.5855287069457766,0.5246241300536577,1.4966278285561312,1.4319582818235084,1.5747177817018192
8181,0.4262812909024616,0.8817216424333439,0.6697611090913683,-0.8310638202256104,-0.5929080887450618,-0.2046050914713833,0.2024650693300749,0.6229931545883579,0.6439528363102324,0.5544430890521743
8182,-0.4808785941021094,0.8817216424333439,1.1952052836879563,-1.2448467036897353,0.3145278355313812,-1.0996719906799632,0.07655527811719705,-0.35761719374281553,-0.3366761625507331,-0.3099563033315528
8183,-0.8606199413133251,-1.5681864291091574,1.1952052836879563,1.2378505970950135,0.6635416525607812,0.2429283581329067,0.04537002603198215,-0.9638126818020863,-0.9145468225938014,-0.8626050951834432
8184,-0.5230720771255777,0.8817216424333439,1.7206494582845442,-1.2448467036897353,-0.38349979852741883,-1.0996719906799632,0.05217021728736121,-0.39327575186394914,-0.38045424285702606,-0.4233201580704017
8185,-1.0293938734071988,-1.5681864291091574,1.1952052836879563,0.410284830166764,0.5937388891549003,-0.2046050914713833,0.028900812835360994,-1.2758250653620058,-1.2385046168603704,-1.1885261775576352
8186,-1.0293938734071988,0.06508561858584352,0.6697611090913683,-1.2448467036897353,-0.7325136155568189,0.2429283581329067,0.03150401105031079,-1.1688493909986049,-1.185970920492819,-1.231037623084704
8187,-0.20662095444956474,0.06508561858584352,-1.4320155892949833,0.410284830166764,0.8729499427784192,1.1379952573414867,0.14971046060670457,-0.08126336830403057,-0.11778576101926763,0.0017942972002833347
8188,-0.9872003903837303,0.8817216424333439,-0.9065714146983955,0.410284830166764,-1.0117246691803428,-1.0996719906799632,0.0454231525261648,-1.079702995695771,-1.0809035277577155,-1.1601852138729227
8189,-0.7973297167781225,-0.751550405261657,-1.4320155892949833,1.6516334805591384,1.6407803402430954,-0.2046050914713833,0.06741752111778143,-0.9192394841506695,-0.8795243583487669,-0.7350707586022378
8190,-0.5230720771255777,0.8817216424333439,-1.4320155892949833,-1.2448467036897353,-1.1513301959920998,-0.2046050914713833,0.08611804707007385,-0.33087327515196513,-0.31040931436695707,-0.451661121755114
8191,-0.3964916280551725,0.8817216424333439,-1.4320155892949833,0.8240677136308887,-0.03448598149801883,-1.0996719906799632,0.12139403920735271,-0.2506415193794147,-0.23160876981562958,-0.23910389411977154
8192,0.21531387578511957,-0.751550405261657,0.14431693449478036,0.410284830166764,1.0823582329960573,-0.2046050914713833,0.23545662221749986,0.3377246896192897,0.36377312234995707,0.4835906798403931
8193,0.9536998286958168,0.8817216424333439,-1.4320155892949833,-0.8310638202256104,0.38433059893725724,-0.2046050914713833,0.35435371619826805,0.9795787357996941,1.0029330948218358,1.0362394716922834
8194,0.4473780324141958,1.6983576662808442,-0.9065714146983955,-1.2448467036897353,2.0595969206783815,-0.2046050914713833,0.28847686341178347,0.5338467592855243,0.45132928296254293,0.752829834845161
8195,0.48957151543766425,0.8817216424333439,-1.4320155892949833,-1.2448467036897353,-0.31369703512154284,-0.2046050914713833,0.2909206821441853,0.6675663522397756,0.6789753005552669,0.6252954982639549
8196,-0.6918460092194515,1.6983576662808442,0.6697611090913683,0.410284830166764,-3.2454130981685,1.5855287069457766,0.048823248153854325,-0.5537392634090501,-0.5117884837759049,-0.8626050951834432
8197,0.4473780324141958,0.8817216424333439,0.14431693449478036,0.410284830166764,0.5239361257490193,-1.0996719906799632,0.38984221431227756,0.578419956936941,0.5914191399426809,0.6536364619486673
8198,0.21531387578511957,0.8817216424333439,0.6697611090913683,0.8240677136308887,0.035316781907857205,-0.6521385410756733,0.19784306433618445,0.4179564453918402,0.43381805084002606,0.4269087524709683
8199,0.21531387578511957,0.06508561858584352,-0.38112724010180754,-0.8310638202256104,0.24472507212550018,0.6904618077371967,0.1766987196514902,0.3555539686798561,0.26746134567611196,0.3418858614168312
8200,0.8904096041606141,-1.5681864291091574,1.1952052836879563,-1.2448467036897353,0.035316781907857205,0.2429283581329067,0.353609945279711,0.970664096269411,1.0029330948218358,0.97955754432286
8201,-0.8817166828250593,0.06508561858584352,-0.9065714146983955,0.8240677136308887,0.4541333623431382,0.6904618077371967,0.056685969292886364,-1.0083858794535039,-0.9670805189613535,-0.9334575043952245
8202,1.0802802777662222,0.06508561858584352,-0.38112724010180754,-0.8310638202256104,-0.03448598149801883,0.6904618077371967,0.24161929554268713,1.1578715264053623,1.0904892554344225,1.1070918809040653
8203,-0.20662095444956474,0.06508561858584352,0.14431693449478036,-0.8310638202256104,0.1051195453137382,2.033062156550067,0.1119375232428412,-0.03669017065261294,-0.06525206465171549,-0.040717148326785545
8204,0.23641061729685378,0.06508561858584352,1.1952052836879563,-1.2448467036897353,0.035316781907857205,1.1379952573414867,0.21489666896881474,0.40012716633127293,0.4163068187175084,0.41273827062861246
8205,0.21531387578511957,-0.751550405261657,-1.4320155892949833,0.410284830166764,1.5709775768372194,0.2429283581329067,0.22329065504967327,0.3020661314981561,0.2499501135535943,0.4694201979980372
8206,-0.5230720771255777,0.8817216424333439,0.6697611090913683,0.410284830166764,0.035316781907857205,-1.0996719906799632,0.07299580300695957,-0.40219039139423235,-0.3629430107345084,-0.3808087125433334
8207,0.9326030871840826,0.8817216424333439,-0.38112724010180754,1.2378505970950135,0.38433059893725724,-1.5472054402842532,0.4509908091165064,1.0241519334511109,1.0204443269443535,1.0645804353769965
8208,-0.1644274714260963,0.06508561858584352,1.7206494582845442,-1.2448467036897353,0.24472507212550018,0.6904618077371967,0.10556234394092334,0.0167976665290871,-0.021473984345422546,0.03013526088499571
8209,0.21531387578511957,1.6983576662808442,0.14431693449478036,0.410284830166764,-1.988963356862662,4.270729404571517,0.21208096477713437,0.40012716633127293,0.3812843544724739,0.1434991156238452
8210,-0.1855242129378305,0.8817216424333439,0.6697611090913683,-1.2448467036897353,0.1051195453137382,-0.6521385410756733,0.11570950432980928,-0.02777553112232973,-0.003962752222904903,0.0017942972002833347
8211,0.4473780324141958,-1.5681864291091574,-0.38112724010180754,0.410284830166764,1.0823582329960573,0.2429283581329067,0.24926951070498857,0.5338467592855243,0.4688405150850598,0.6394659801063115
8212,-1.0082971318954645,-0.751550405261657,-1.4320155892949833,0.410284830166764,1.6407803402430954,-1.5472054402842532,0.03495723317218297,-1.2579957863014386,-1.2034821526153359,-1.0751623228187863
8213,-0.8395231998015908,0.06508561858584352,-0.38112724010180754,1.6516334805591384,-0.5929080887450618,0.2429283581329067,0.05976730595548,-0.8390077283781191,-0.8707687422875084,-0.9051165407105121
8214,0.48957151543766425,0.8817216424333439,1.1952052836879563,-1.2448467036897353,-0.5929080887450618,-0.2046050914713833,0.26759815119800245,0.7210541894214756,0.6702196844940084,0.6111250164215991
8215,0.6372487060198039,0.8817216424333439,1.1952052836879563,-1.2448467036897353,0.5239361257490193,-0.2046050914713833,0.2382191999149976,0.7834566661334595,0.7402646129840774,0.8236822440569416
8216,0.9536998286958168,-1.5681864291091574,-1.4320155892949833,0.410284830166764,-0.10428874490389983,-0.2046050914713833,0.4702226000106253,1.041981212511678,1.055466791189388,1.0220689898499276
8217,0.4473780324141958,-0.751550405261657,1.1952052836879563,-1.2448467036897353,-0.7325136155568189,0.6904618077371967,0.2482069808213356,0.5516760383460907,0.5826635238814225,0.4694201979980372
8218,0.8482161211371456,0.8817216424333439,1.1952052836879563,0.410284830166764,-1.2909357228038618,1.5855287069457766,0.44206555809382136,0.9974080148602605,1.0029330948218358,0.8095117622145858
8219,0.700538930555006,0.8817216424333439,0.6697611090913683,-0.8310638202256104,0.1749223087196192,-1.0996719906799632,0.2857142857142857,0.8458591428454428,0.845332005719181,0.8661936895840104
8220,3.295438136498314,0.8817216424333439,-0.38112724010180754,-0.8310638202256104,0.3145278355313812,-1.0996719906799632,0.9333793762949583,2.4772381768873046,2.4738765931132844,2.4957991014549696
8221,-0.1855242129378305,0.8817216424333439,0.14431693449478036,-1.2448467036897353,-0.7325136155568189,-0.6521385410756733,0.1471603888859374,0.03462694558965351,0.0573265602059049,-0.040717148326785545
8222,-1.050490614918933,0.06508561858584352,-1.4320155892949833,1.6516334805591384,-0.24389427171566183,0.6904618077371967,0.05381713860702332,-1.240166507240872,-1.2385046168603704,-1.24520810492706
8223,-0.9872003903837303,0.06508561858584352,1.1952052836879563,0.8240677136308887,0.4541333623431382,0.6904618077371967,0.04537002603198215,-1.124276193347188,-1.1597040723090428,-1.0893328046611421
8224,0.6372487060198039,0.06508561858584352,-0.38112724010180754,-0.8310638202256104,-1.5701467764273809,-0.2046050914713833,0.21271848270732616,0.9617494567391269,0.8803544699642155,0.6961479074757362
8225,-1.0082971318954645,0.8817216424333439,-1.4320155892949833,0.410284830166764,-0.31369703512154284,-1.0996719906799632,0.04494501407852096,-1.1599347514683216,-1.1071703759414915,-1.146014732030567
8226,-0.8184264582898567,0.8817216424333439,-1.4320155892949833,1.2378505970950135,-0.31369703512154284,-1.0996719906799632,0.07262391754768102,-0.8657516469689694,-0.818235045919957,-0.8626050951834432
8227,-0.9661036488719961,0.8817216424333439,-0.38112724010180754,-1.2448467036897353,-0.31369703512154284,-0.2046050914713833,0.027944535940073314,-1.061873716635204,-1.0371254474514224,-1.0751623228187863
8228,0.21531387578511957,1.6983576662808442,-1.4320155892949833,0.410284830166764,2.2690052108960193,-1.0996719906799632,0.21553418689900652,0.3377246896192897,0.26746134567611196,0.5827840527368867
8229,0.40518454939072734,1.6983576662808442,1.7206494582845442,-1.2448467036897353,-4.711271129691981,1.5855287069457766,0.14939170164160867,0.8815177009665764,0.8190651575354049,0.20018104299326997
8230,-0.5652655601490462,0.8817216424333439,-1.4320155892949833,0.410284830166764,-0.6627108521509428,-0.6521385410756733,0.10391542262126122,-0.40219039139423235,-0.424232323163319,-0.46583160359747056
8231,-1.1137808394541355,-1.5681864291091574,0.14431693449478036,1.2378505970950135,0.1749223087196192,0.2429283581329067,0.03293842639324231,-1.3828007397254065,-1.3348163935342154,-1.330230995981197
8232,0.5950552229963354,-1.5681864291091574,-0.38112724010180754,0.410284830166764,-2.5473854641097,2.033062156550067,0.29347075386495247,0.8815177009665764,0.8803544699642155,0.5261021253674619
8233,1.5022151080009063,-0.751550405261657,0.6697611090913683,0.8240677136308887,2.897230081548943,-0.6521385410756733,0.47681028528927377,1.1489568868750781,1.186801032108267,1.5747177817018192
8234,-1.0293938734071988,0.8817216424333439,-0.9065714146983955,0.410284830166764,0.5239361257490193,-0.6521385410756733,0.038994846730064286,-1.2669104258317225,-1.2034821526153359,-1.1743556957152792
8235,-0.1855242129378305,-1.5681864291091574,-0.38112724010180754,-1.2448467036897353,1.2219637598078192,-0.2046050914713833,0.1172501726611061,-0.054519449713180144,-0.08276329677423314,0.07264670641206396
8236,0.46847477392593007,0.06508561858584352,-0.38112724010180754,-0.0034980532973608127,0.5239361257490193,1.1379952573414867,0.16687031822770015,0.5873345964672243,0.5914191399426809,0.6536364619486673
8237,-1.0926840979424013,0.8817216424333439,-1.4320155892949833,1.6516334805591384,0.4541333623431382,-0.6521385410756733,0.043988737183233276,-1.3649714606648393,-1.3785944738405085,-1.316060514138841
8238,-0.4808785941021094,0.8817216424333439,-1.4320155892949833,0.8240677136308887,0.24472507212550018,-1.9947388898885432,0.10317165170270413,-0.33087327515196513,-0.28414246618318095,-0.28161533964684043
8239,-1.050490614918933,-1.5681864291091574,-1.4320155892949833,-0.4172809367614856,-1.1513301959920998,1.1379952573414867,0.05450778303139776,-1.2758250653620058,-1.2385046168603704,-1.3444014778235536
8240,1.6287955570713115,0.06508561858584352,-0.38112724010180754,1.6516334805591384,0.24472507212550018,-0.6521385410756733,0.6427243266216862,1.5501156657378312,1.4844919781910597,1.5463768180171062
8241,-0.20662095444956474,0.06508561858584352,-0.38112724010180754,0.410284830166764,-0.6627108521509428,0.6904618077371967,0.12378473144557191,-0.018860891592046524,0.0047928638383535295,-0.0832285938538538
8242,-0.8395231998015908,0.06508561858584352,-0.9065714146983955,-0.8310638202256104,0.24472507212550018,1.1379952573414867,0.0454231525261648,-0.8746662864992527,-0.9145468225938014,-0.8626050951834432
8243,-1.0715873564306673,-1.5681864291091574,0.14431693449478036,1.2378505970950135,0.24472507212550018,-1.0996719906799632,0.03883546724751634,-1.3114836234831393,-1.273527081105405,-1.2593785867694165
8244,0.5528617399728669,0.8817216424333439,0.6697611090913683,0.8240677136308887,0.1749223087196192,-1.0996719906799632,0.29628645805663284,0.7299688289517587,0.7402646129840774,0.752829834845161
8245,-1.0293938734071988,0.8817216424333439,1.1952052836879563,1.2378505970950135,0.38433059893725724,-1.5472054402842532,0.04191680391010997,-1.2134225886500216,-1.1684596883703013,-1.146014732030567
8246,-1.0293938734071988,0.8817216424333439,-0.9065714146983955,0.410284830166764,-0.38349979852741883,-1.0996719906799632,0.038994846730064286,-1.2312518677105888,-1.185970920492819,-1.231037623084704
8247,0.5317649984611327,0.06508561858584352,-0.38112724010180754,-0.8310638202256104,-0.03448598149801883,0.6904618077371967,0.17808000850023906,0.7656273870728924,0.6964865326777845,0.7244888711604479
8248,-0.20662095444956474,0.06508561858584352,-0.9065714146983955,-1.2448467036897353,0.035316781907857205,0.6904618077371967,0.12511289380013813,-0.08126336830403057,-0.11778576101926763,-0.09739907569620966
8249,-0.6285557846842488,0.06508561858584352,1.1952052836879563,-1.2448467036897353,0.5937388891549003,-0.6521385410756733,0.06832067151888647,-0.562653902939334,-0.5905890283272331,-0.5083430491245388
8250,1.0802802777662222,0.8817216424333439,1.1952052836879563,0.8240677136308887,0.3145278355313812,-0.6521385410756733,0.5254741539605802,1.140042247344795,1.1517785678632324,1.177944290115846
8251,0.5528617399728669,-1.5681864291091574,-0.38112724010180754,-1.2448467036897353,-1.8493578300509,0.2429283581329067,0.2681825426340116,0.8280298637848764,0.8540876217804394,0.5827840527368867
8252,0.5106682569493985,0.06508561858584352,-0.38112724010180754,0.8240677136308887,-1.430541249615619,0.6904618077371967,0.3124900387823408,0.8102005847243092,0.7490202290453358,0.5827840527368867
8253,-0.1644274714260963,-1.5681864291091574,-1.4320155892949833,0.410284830166764,0.8729499427784192,-0.2046050914713833,0.1552887424958827,-0.03669017065261294,-0.003962752222904903,0.08681718825442046
8254,-0.6074590431725145,-1.5681864291091574,-1.4320155892949833,-1.2448467036897353,-0.24389427171566183,0.2429283581329067,0.06821441853052117,-0.5715685424696173,-0.5205440998371641,-0.5650249764939635
8255,-1.050490614918933,0.8817216424333439,-0.9065714146983955,-1.2448467036897353,0.1051195453137382,-1.0996719906799632,0.027838282951708017,-1.2579957863014386,-1.2209933847378536,-1.2168671412423475
8256,-0.8817166828250593,0.06508561858584352,1.1952052836879563,0.8240677136308887,0.1051195453137382,0.6904618077371967,0.05679222228125166,-0.9459834027415199,-0.9670805189613535,-0.9334575043952245
8257,-0.1855242129378305,0.8817216424333439,1.7206494582845442,0.8240677136308887,0.1051195453137382,-1.0996719906799632,0.10805928916750783,0.0167976665290871,-0.03898521646793941,0.0017942972002833347
8258,-1.0926840979424013,-1.5681864291091574,-1.4320155892949833,1.6516334805591384,-2.128568883674419,1.1379952573414867,0.032300908463050525,-1.2669104258317225,-1.2209933847378536,-1.4152538870353342
8259,0.046539943691245755,0.06508561858584352,0.6697611090913683,-1.2448467036897353,0.5937388891549003,-0.2046050914713833,0.12776921850927056,0.22183437572560563,0.17990518506352607,0.2710334522050506
8260,0.8693128626488799,-1.5681864291091574,0.6697611090913683,-1.2448467036897353,1.0823582329960573,1.1379952573414867,0.2339690803803857,0.91717625908771,0.8365763896579225,1.0220689898499276
8261,-0.6285557846842488,0.06508561858584352,-0.9065714146983955,0.410284830166764,0.24472507212550018,0.2429283581329067,0.0980183817669872,-0.5804831819999005,-0.6168558765110084,-0.5650249764939635
8262,1.903053196723856,0.8817216424333439,-0.38112724010180754,0.8240677136308887,0.4541333623431382,-1.0996719906799632,0.7410614673537693,1.7462377354040666,1.6420930672937155,1.7447635638100922
8263,1.5022151080009063,-1.5681864291091574,-1.4320155892949833,-0.8310638202256104,0.38433059893725724,2.033062156550067,0.5278648461987994,1.264847200768763,1.3356465051496633,1.3479900722241203
8264,-0.7129427507311856,0.06508561858584352,-0.9065714146983955,0.410284830166764,-0.5929080887450618,0.2429283581329067,0.07373957392551665,-0.6785442168330181,-0.6956564210623358,-0.7350707586022378
8265,-0.438685111078641,0.8817216424333439,-0.9065714146983955,-0.4172809367614856,-0.5929080887450618,1.1379952573414867,0.2611698454019019,-0.2863000775005483,-0.3016536983056986,-0.35246774885862103
8266,-1.0082971318954645,0.8817216424333439,1.1952052836879563,0.8240677136308887,0.24472507212550018,-1.0996719906799632,0.043988737183233276,-1.1688493909986049,-1.1684596883703013,-1.1318442501882104
8267,-1.155974322477604,0.8817216424333439,-0.9065714146983955,-1.2448467036897353,-0.17409150830978082,-1.0996719906799632,0.024013175370557298,-1.463032495497957,-1.396105705963026,-1.4435948507200465
8268,-0.7762329752663882,0.8817216424333439,-1.4320155892949833,-1.2448467036897353,-0.17409150830978082,-0.6521385410756733,0.05397651808957127,-0.7409466935450014,-0.7744569656136641,-0.7634117222869502
8269,0.48957151543766425,0.06508561858584352,-0.38112724010180754,-1.2448467036897353,-1.5701467764273809,0.2429283581329067,0.27275142113371936,0.8102005847243092,0.7402646129840774,0.5544430890521743
8270,-1.050490614918933,0.06508561858584352,1.1952052836879563,0.410284830166764,-0.8023163789626999,1.1379952573414867,0.035860383573287996,-1.240166507240872,-1.256015848982888,-1.3018900322964846
8271,0.46847477392593007,0.8817216424333439,0.14431693449478036,-0.4172809367614856,0.1749223087196192,0.2429283581329067,0.5905541093343251,0.6319077941186418,0.66146406843275,0.6678069437910232
8272,-1.0082971318954645,0.8817216424333439,-0.9065714146983955,1.6516334805591384,-0.03448598149801883,-1.0996719906799632,0.04196993040429262,-1.1955933095894553,-1.1509484562477845,-1.1601852138729227
8273,0.4473780324141958,0.8817216424333439,0.6697611090913683,0.410284830166764,-0.31369703512154284,-1.9947388898885432,0.2596291770706051,0.7032249103609084,0.7052421487390429,0.6536364619486673
8274,1.5444085910243748,0.8817216424333439,-1.4320155892949833,-1.2448467036897353,0.1749223087196192,0.2429283581329067,0.5756786909631834,1.425310712313864,1.466980746068543,1.4613539269629696
8275,3.590792517662593,0.8817216424333439,1.7206494582845442,-0.8310638202256104,1.4313720500254572,-1.9947388898885432,0.809966530308665,2.5218113745387223,2.4213428967457324,2.708356329090313
8276,-0.6074590431725145,0.8817216424333439,-1.4320155892949833,0.410284830166764,0.4541333623431382,-0.2046050914713833,0.08797747436646655,-0.562653902939334,-0.5292997158984225,-0.4941725672821829
8277,-0.20662095444956474,-0.751550405261657,0.14431693449478036,0.410284830166764,1.5011748134313383,-1.9947388898885432,0.12830048345109707,-0.07234872877374655,-0.10903014495800843,0.08681718825442046
8278,-1.0082971318954645,0.06508561858584352,1.1952052836879563,0.410284830166764,-1.2909357228038618,-0.2046050914713833,0.0382510758115072,-1.0886176352260544,-1.1071703759414915,-1.2026966593999917
8279,0.48957151543766425,-1.5681864291091574,0.6697611090913683,0.8240677136308887,0.8031471793725382,-1.9947388898885432,0.2898050257663497,0.6408224336489251,0.6702196844940084,0.752829834845161
8280,0.7427324135784745,-1.5681864291091574,-0.38112724010180754,0.410284830166764,0.4541333623431382,-0.6521385410756733,0.2999521861552356,0.8280298637848764,0.8278207735966633,0.8803641714263664
8281,-1.0293938734071988,0.06508561858584352,0.6697611090913683,0.8240677136308887,0.38433059893725724,0.6904618077371967,0.0333634383467035,-1.2312518677105888,-1.2647714650441464,-1.2026966593999917
8282,1.481118366489172,0.06508561858584352,0.6697611090913683,0.410284830166764,-2.337977173892062,1.5855287069457766,0.46857567869096317,1.5590303052681154,1.4757363621298014,1.149603326431133
8283,0.9747965702075511,0.8817216424333439,1.1952052836879563,0.8240677136308887,-0.10428874490389983,-0.6521385410756733,0.4822823141900866,1.095469049693378,1.1342673357407154,1.0929213990617082
8284,-0.7973297167781225,0.06508561858584352,-1.4320155892949833,0.410284830166764,-0.5929080887450618,0.6904618077371967,0.05089518142697763,-0.8211784493175527,-0.7744569656136641,-0.8484346133410873
8285,1.5022151080009063,1.6983576662808442,0.6697611090913683,0.410284830166764,-2.058766120268543,2.033062156550067,0.4843011209690273,1.6392620610406659,1.5545369066811288,1.2629671811699825
8286,-0.8395231998015908,0.06508561858584352,0.14431693449478036,1.2378505970950135,-0.6627108521509428,0.6904618077371967,0.06709876215268555,-0.8835809260295359,-0.8532575101649915,-0.9192870225528679
8287,-0.6285557846842488,0.8817216424333439,-0.38112724010180754,-1.2448467036897353,0.035316781907857205,-0.6521385410756733,0.0549859214790416,-0.562653902939334,-0.5380553319596809,-0.5366840128092512
8288,0.4473780324141958,-0.751550405261657,0.14431693449478036,-0.8310638202256104,1.5011748134313383,-1.5472054402842532,0.23460659831057748,0.5338467592855243,0.617685988126457,0.7670003166875169
8289,-0.9872003903837303,-1.5681864291091574,1.1952052836879563,-0.8310638202256104,-1.639949539833262,0.6904618077371967,0.023056898475269618,-1.0975322747563376,-1.0633922956351987,-1.2168671412423475
8290,-0.5863623016607803,0.8817216424333439,-0.38112724010180754,0.8240677136308887,-0.4533025619332999,-0.2046050914713833,0.08755246241300536,-0.5002514262273501,-0.45049917134709505,-0.5225135309668953
8291,1.059183536254488,0.06508561858584352,1.7206494582845442,-1.2448467036897353,0.1051195453137382,-0.6521385410756733,0.29586144610317167,1.1935300845264958,1.1430229518019739,1.177944290115846
8292,0.27860410032032223,0.06508561858584352,1.1952052836879563,0.410284830166764,0.3145278355313812,0.6904618077371967,0.2568134728789247,0.4268710849221234,0.46008489902380134,0.4835906798403931
8293,-0.20662095444956474,0.8817216424333439,-0.38112724010180754,1.6516334805591384,-0.5929080887450618,-0.6521385410756733,0.17664559315730755,0.025712306059370308,0.04857094414464647,-0.026546666484429042
8294,0.21531387578511957,1.6983576662808442,-1.4320155892949833,-0.8310638202256104,2.8274273181430574,0.6904618077371967,0.158423205652659,0.2664075733770225,0.2149276493085606,0.5827840527368867
8295,0.48957151543766425,1.6983576662808442,-1.4320155892949833,-1.2448467036897353,2.3388079743018952,0.2429283581329067,0.29878340328321734,0.5516760383460907,0.44257366690128447,0.7953412803722286
8296,0.4262812909024616,1.6983576662808442,-0.38112724010180754,-1.2448467036897353,2.618019027925419,-0.2046050914713833,0.18652712107528024,0.4714442825735402,0.4163068187175084,0.7670003166875169
8297,1.481118366489172,-1.5681864291091574,0.6697611090913683,1.6516334805591384,1.5709775768372194,-1.5472054402842532,0.510970621048717,1.3005057588898967,1.3444021212109216,1.5463768180171062
8298,-0.8395231998015908,0.8817216424333439,-1.4320155892949833,0.8240677136308887,0.1749223087196192,-1.5472054402842532,0.05976730595548,-0.8568370074386863,-0.8707687422875084,-0.8342641314987308
8299,-0.8184264582898567,0.8817216424333439,-1.4320155892949833,-0.8310638202256104,-0.17409150830978082,0.2429283581329067,0.03474472719545237,-0.8390077283781191,-0.791968197736181,-0.8200936496563749
8300,-0.9872003903837303,-1.5681864291091574,-1.4320155892949833,-1.2448467036897353,-1.0117246691803428,1.1379952573414867,0.030760240131753706,-1.124276193347188,-1.0896591438189738,-1.1885261775576352
8301,0.6372487060198039,0.06508561858584352,0.6697611090913683,-0.8310638202256104,-1.430541249615619,2.033062156550067,0.1914678850342666,0.9528348172088437,0.7927983093516288,0.6678069437910232
8302,-0.6285557846842488,-1.5681864291091574,-1.4320155892949833,-1.2448467036897353,-0.24389427171566183,2.4805956061543566,0.05992668543802795,-0.5983124610604676,-0.5555665640821986,-0.5933659401786759
8303,-0.6285557846842488,0.8817216424333439,-0.9065714146983955,0.410284830166764,0.4541333623431382,-1.0996719906799632,0.08686181798863093,-0.562653902939334,-0.5292997158984225,-0.4941725672821829
8304,0.8693128626488799,0.8817216424333439,-0.38112724010180754,0.8240677136308887,0.6635416525607812,-0.6521385410756733,0.3604101365350901,0.9439201776785605,0.9679106305768014,1.0362394716922834
8305,-0.1855242129378305,0.8817216424333439,-1.4320155892949833,1.2378505970950135,0.1051195453137382,-1.0996719906799632,0.21394039207352708,-0.0010316125314793153,0.031059712022128826,0.03013526088499571
8306,-0.6074590431725145,0.06508561858584352,-1.4320155892949833,-1.2448467036897353,0.5239361257490193,-0.2046050914713833,0.08213356000637517,-0.5715685424696173,-0.5905890283272331,-0.5225135309668953
8307,3.379825102545251,0.8817216424333439,0.6697611090913683,-0.8310638202256104,1.4313720500254572,0.2429283581329067,0.9052223343781544,2.388091781584471,2.3075198879493697,2.5666515106667505
8308,-0.7762329752663882,0.8817216424333439,0.6697611090913683,1.6516334805591384,-0.5929080887450618,-0.2046050914713833,0.04935451309568081,-0.785519891196419,-0.7306788853073704,-0.8059231678140184
8309,2.831309823240162,0.8817216424333439,0.6697611090913683,0.410284830166764,0.3145278355313812,-0.2046050914713833,0.7354831854645912,2.218713630509087,2.1499187988467146,2.212389464607846
8310,-1.0082971318954645,0.06508561858584352,1.1952052836879563,-0.4172809367614856,-1.2909357228038618,0.2429283581329067,0.05418902406630186,-1.1599347514683216,-1.1509484562477845,-1.2593785867694165
8311,-0.12223398840262782,-1.5681864291091574,-1.4320155892949833,-1.2448467036897353,-1.2909357228038618,-0.6521385410756733,0.18578335015672315,0.14160261995305437,0.17114956900226685,0.0017942972002833347
8312,0.9536998286958168,0.8817216424333439,-1.4320155892949833,1.6516334805591384,-0.5929080887450618,1.1379952573414867,0.6909631833395314,1.0687251311025279,1.0817336393731634,0.97955754432286
8313,-0.20662095444956474,-1.5681864291091574,-0.38112724010180754,-0.8310638202256104,1.4313720500254572,-1.0996719906799632,0.10040907400520639,-0.14366584501601382,-0.12654137708052607,0.03013526088499571
8314,-0.8395231998015908,-0.751550405261657,0.6697611090913683,-1.2448467036897353,1.5011748134313383,-0.2046050914713833,0.031663390532858736,-0.9548980422718031,-0.9057912065325429,-0.777582204129306
8315,-1.050490614918933,0.8817216424333439,0.14431693449478036,1.2378505970950135,-0.4533025619332999,-1.0996719906799632,0.05530468044413749,-1.2223372281803049,-1.185970920492819,-1.231037623084704
8316,1.5233118495126405,1.6983576662808442,-0.38112724010180754,-0.8310638202256104,2.1992024474901433,0.2429283581329067,0.325612282845455,1.2737618402990463,1.2218234963533012,1.560547299859462
8317,0.4473780324141958,-1.5681864291091574,1.1952052836879563,0.8240677136308887,0.9427527061843003,0.6904618077371967,0.28125166020294323,0.524932119755241,0.43381805084002606,0.5969545345792426
8318,-0.9872003903837303,0.8817216424333439,-0.9065714146983955,0.410284830166764,0.5239361257490193,-1.0996719906799632,0.053232747171014186,-1.1421054724077544,-1.1597040723090428,-1.0893328046611421
8319,-0.9450069073602619,0.8817216424333439,-1.4320155892949833,1.2378505970950135,-0.7325136155568189,-0.2046050914713833,0.05928916750783616,-1.0351297980443537,-1.0546366795739395,-1.1035032865034986
8320,-0.8395231998015908,-1.5681864291091574,-0.9065714146983955,0.410284830166764,1.0125554695901813,-0.2046050914713833,0.04515752005525155,-0.9548980422718031,-0.8970355904712844,-0.8200936496563749
8321,-0.5441688186373119,0.06508561858584352,1.1952052836879563,-1.2448467036897353,-0.10428874490389983,0.2429283581329067,0.07644902512883175,-0.4200196704547996,-0.4592547874083535,-0.43749063991275816
8322,0.3629910663672589,0.06508561858584352,0.14431693449478036,1.6516334805591384,-2.5473854641097,1.1379952573414867,0.35956011262816767,0.7121395498911923,0.66146406843275,0.3418858614168312
8323,2.5570521835876163,-0.751550405261657,1.7206494582845442,-1.2448467036897353,1.2917665232137003,0.6904618077371967,0.6511714391967274,1.986933002721718,1.9923177097440596,2.1840485009231343
8324,-0.8395231998015908,-1.5681864291091574,1.7206494582845442,0.8240677136308887,1.1521609964019384,0.2429283581329067,0.0430324602879456,-0.9727273213323704,-0.9845917510838703,-0.8626050951834432
8325,-1.0082971318954645,0.8817216424333439,-0.9065714146983955,1.2378505970950135,0.1051195453137382,-0.6521385410756733,0.056685969292886364,-1.2223372281803049,-1.1772153044315605,-1.1743556957152792
8326,-0.8395231998015908,0.8817216424333439,0.14431693449478036,1.2378505970950135,-0.7325136155568189,-0.6521385410756733,0.06709876215268555,-0.8568370074386863,-0.8269906619812155,-0.9051165407105121
8327,-0.9661036488719961,-0.751550405261657,-0.9065714146983955,0.410284830166764,1.2917665232137003,-1.0996719906799632,0.034213462253625884,-1.1866786700591714,-1.142192840186526,-1.0326508772917173
8328,-0.7129427507311856,0.8817216424333439,0.14431693449478036,-1.2448467036897353,0.5239361257490193,-0.6521385410756733,0.05062954895606439,-0.723117414484435,-0.6956564210623358,-0.6500478675481006
8329,1.291247692883564,0.06508561858584352,-1.4320155892949833,0.410284830166764,-0.31369703512154284,0.2429283581329067,0.5986824629442703,1.3896521541927305,1.3268908890884048,1.3054786266970513
8330,0.046539943691245755,-1.5681864291091574,-0.9065714146983955,-1.2448467036897353,0.9427527061843003,0.2429283581329067,0.1569356638155448,0.21291973619532162,0.1886608011247845,0.31354489773211885
8331,-1.0082971318954645,-1.5681864291091574,0.14431693449478036,0.410284830166764,-0.24389427171566183,0.2429283581329067,0.029538330765552782,-1.2134225886500216,-1.1509484562477845,-1.1885261775576352
8332,-0.8184264582898567,0.8817216424333439,-0.9065714146983955,-0.8310638202256104,0.5937388891549003,-0.2046050914713833,0.04467938160760771,-0.8568370074386863,-0.888279974410026,-0.8059231678140184
8333,-0.45978185259037524,0.06508561858584352,1.7206494582845442,0.410284830166764,-1.5701467764273809,2.033062156550067,0.06550496732720608,-0.2595561589096979,-0.28414246618318095,-0.43749063991275816
8334,1.5233118495126405,0.06508561858584352,0.6697611090913683,-0.8310638202256104,0.5239361257490193,-0.6521385410756733,0.39000159379482546,1.4431399913744305,1.3969358175784738,1.4896948906476815
8335,-1.1770710639893383,-1.5681864291091574,-1.4320155892949833,1.6516334805591384,0.7333444159666572,0.2429283581329067,0.02539446421930617,-1.6145813675127747,-1.5624624111269394,-1.5144472599318273
8336,2.5570521835876163,0.8817216424333439,-0.38112724010180754,-1.2448467036897353,-0.8023163789626999,-0.2046050914713833,0.9234978483769856,2.1919697119182358,2.062362638234129,1.9573207914454354
8337,0.21531387578511957,-0.751550405261657,-0.38112724010180754,0.410284830166764,-0.17409150830978082,1.5855287069457766,0.22079370982308877,0.3733832477404233,0.44257366690128447,0.38439730694390006
8338,-0.20662095444956474,0.8817216424333439,1.1952052836879563,0.8240677136308887,-0.31369703512154284,0.6904618077371967,0.15868883812357223,-0.045604810182896936,-0.03022960040668098,-0.0690581120114973
8339,-0.7973297167781225,0.06508561858584352,0.14431693449478036,0.8240677136308887,0.1051195453137382,-1.0996719906799632,0.05859852308346172,-0.8122638097872686,-0.8357462780424739,-0.8059231678140184
8340,-0.9239101658485277,0.8817216424333439,-0.38112724010180754,0.410284830166764,-0.5231053253391809,-0.6521385410756733,0.031185252085214898,-0.99947123992322,-0.9670805189613535,-1.0184803954493615
8341,-1.0082971318954645,0.8817216424333439,-0.38112724010180754,0.410284830166764,0.1749223087196192,-1.0996719906799632,0.026828879562237687,-1.1955933095894553,-1.1509484562477845,-1.146014732030567
8342,-0.5652655601490462,0.8817216424333439,0.14431693449478036,1.2378505970950135,-0.10428874490389983,-0.6521385410756733,0.15385432715295116,-0.4913367866970668,-0.43298793922457746,-0.46583160359747056
8343,2.9367935307988327,-0.751550405261657,0.6697611090913683,-0.8310638202256104,1.3615692866195812,-0.2046050914713833,0.6121234659724805,2.22762827003937,2.1499187988467146,2.3966057285584776
8344,-0.5441688186373119,0.8817216424333439,1.1952052836879563,0.410284830166764,-0.7325136155568189,-0.6521385410756733,0.08696807097699623,-0.39327575186394914,-0.424232323163319,-0.4800020854398264
8345,0.06763668520297998,-1.5681864291091574,-0.9065714146983955,-1.2448467036897353,1.2219637598078192,-1.5472054402842532,0.14933857514742602,0.22183437572560563,0.1886608011247845,0.3560563432591877
8346,0.6161519645080696,0.8817216424333439,0.14431693449478036,-0.8310638202256104,-0.38349979852741883,-0.2046050914713833,0.2646230675237741,0.8102005847243092,0.7577758451065942,0.7244888711604479
8347,-0.8395231998015908,-0.751550405261657,-1.4320155892949833,-1.2448467036897353,1.3615692866195812,-0.2046050914713833,0.036497901503479785,-0.9548980422718031,-0.9145468225938014,-0.7917526859716626
8348,-1.0926840979424013,-1.5681864291091574,1.1952052836879563,1.6516334805591384,-0.24389427171566183,-1.0996719906799632,0.02773202996334272,-1.3560568211345563,-1.3085495453504394,-1.3444014778235536
8349,-0.5863623016607803,-1.5681864291091574,0.6697611090913683,0.8240677136308887,-0.24389427171566183,-0.2046050914713833,0.06810816554215587,-0.5002514262273501,-0.4767660195308704,-0.5083430491245388
8350,-1.1770710639893383,0.8817216424333439,0.6697611090913683,0.8240677136308887,0.1749223087196192,-0.6521385410756733,0.022950645486904318,-1.5432642512705075,-1.509928714759388,-1.5002767780894712
8351,0.9536998286958168,0.06508561858584352,1.1952052836879563,0.410284830166764,0.1051195453137382,0.2429283581329067,0.42841204908888064,1.0508958520419613,0.9766662466380598,1.0220689898499276
8352,0.8060226381136772,-1.5681864291091574,-0.38112724010180754,-1.2448467036897353,1.0823582329960573,-1.0996719906799632,0.30893056367210325,0.9082616195574269,0.8628432378416978,1.0220689898499276
8353,-0.6074590431725145,-0.751550405261657,-0.38112724010180754,-0.8310638202256104,-3.524624151792019,1.1379952573414867,0.05631408383360782,-0.3130439960913987,-0.3366761625507331,-0.7067297949175254
8354,0.21531387578511957,0.8817216424333439,-1.4320155892949833,-0.8310638202256104,0.3145278355313812,-1.0996719906799632,0.22265313711948148,0.409041805861557,0.4250624347787669,0.4552497161556807
8355,-1.1981678055010725,-1.5681864291091574,1.1952052836879563,0.8240677136308887,0.3145278355313812,-1.0996719906799632,0.020772459225415714,-1.6056667279824912,-1.5624624111269394,-1.5427882236165396
8356,-1.1137808394541355,0.8817216424333439,-1.4320155892949833,1.6516334805591384,0.1749223087196192,-1.0996719906799632,0.04244806885193646,-1.4184592978465402,-1.4136169380855428,-1.3869129233506219
8357,0.7427324135784745,0.8817216424333439,0.6697611090913683,0.8240677136308887,0.24472507212550018,-1.0996719906799632,0.29888965627158265,0.91717625908771,0.8190651575354049,0.9087051351110781
8358,-0.8184264582898567,0.8817216424333439,0.14431693449478036,1.6516334805591384,0.38433059893725724,-0.6521385410756733,0.05923604101365351,-0.8924955655598191,-0.8445018941037331,-0.8200936496563749
8359,-1.1770710639893383,0.06508561858584352,-1.4320155892949833,1.2378505970950135,-0.7325136155568189,0.2429283581329067,0.029378951283004835,-1.5343496117402242,-1.4924174826368704,-1.556958705458896
8360,-0.14333072991436205,0.06508561858584352,1.1952052836879563,-0.0034980532973608127,0.5239361257490193,0.2429283581329067,0.0741114593847952,0.07920014324107114,0.0047928638383535295,0.10098767009677634
8361,-0.8817166828250593,0.06508561858584352,-1.4320155892949833,0.8240677136308887,-0.7325136155568189,0.6904618077371967,0.053126494182648885,-0.9638126818020863,-0.9057912065325429,-0.9901394317646491
8362,-0.7973297167781225,0.8817216424333439,1.1952052836879563,0.8240677136308887,-0.24389427171566183,-0.6521385410756733,0.048929501142219625,-0.8122638097872686,-0.7744569656136641,-0.8059231678140184
8363,0.4473780324141958,0.8817216424333439,0.14431693449478036,0.410284830166764,-0.38349979852741883,0.2429283581329067,0.3936141953992456,0.6408224336489251,0.6089303720651978,0.5686135708945302
8364,-0.7973297167781225,0.8817216424333439,0.6697611090913683,-1.2448467036897353,0.035316781907857205,-1.0996719906799632,0.04425436965414652,-0.8211784493175527,-0.791968197736181,-0.7917526859716626
8365,-0.3121046620082356,0.8817216424333439,-0.9065714146983955,1.2378505970950135,-0.5929080887450618,-0.2046050914713833,0.2683950486107422,-0.1347512054857306,-0.10903014495800843,-0.1824219667503468
8366,0.4262812909024616,-1.5681864291091574,0.6697611090913683,-1.2448467036897353,1.0823582329960573,-1.5472054402842532,0.19338043882484196,0.5873345964672243,0.5301298275138704,0.6961479074757362
8367,-0.6074590431725145,0.8817216424333439,0.14431693449478036,-1.2448467036897353,0.8031471793725382,-0.6521385410756733,0.07469585082080434,-0.562653902939334,-0.5993446443884916,-0.4941725672821829
8368,1.5022151080009063,1.6983576662808442,-0.38112724010180754,-1.2448467036897353,-4.1528490224449435,1.5855287069457766,0.3989268448175105,1.7729816539949161,1.6596042994162323,1.0504099535346405
8369,-0.8395231998015908,0.8817216424333439,1.1952052836879563,-1.2448467036897353,-0.5929080887450618,-1.0996719906799632,0.04637942942145248,-0.8300930888478358,-0.8357462780424739,-0.8767755770257997
8370,-0.20662095444956474,0.8817216424333439,1.1952052836879563,0.410284830166764,0.24472507212550018,-1.0996719906799632,0.1259629177070605,-0.09017800783431376,-0.10903014495800843,-0.0690581120114973
8371,0.7427324135784745,0.8817216424333439,1.7206494582845442,-1.2448467036897353,0.035316781907857205,-0.2046050914713833,0.2309408702119747,0.8904323404968605,0.8190651575354049,0.8520232077416533
8372,0.23641061729685378,-0.751550405261657,-0.38112724010180754,-1.2448467036897353,1.4313720500254572,-0.6521385410756733,0.17653934016894224,0.3198954105587225,0.26746134567611196,0.4694201979980372
8373,0.21531387578511957,0.06508561858584352,-0.38112724010180754,1.6516334805591384,-1.0117246691803428,1.5855287069457766,0.2313658821654359,0.462529643043257,0.4250624347787669,0.31354489773211885
8374,-0.5019753356138434,0.06508561858584352,-1.4320155892949833,0.8240677136308887,0.5937388891549003,0.2429283581329067,0.10253413377251235,-0.4467635890456492,-0.39796547497954293,-0.35246774885862103
8375,0.4473780324141958,0.06508561858584352,-1.4320155892949833,0.8240677136308887,-0.6627108521509428,0.6904618077371967,0.4230993996706157,0.6497370731792083,0.6001747560039394,0.5402726072098178
8376,-0.1855242129378305,0.06508561858584352,-0.9065714146983955,1.2378505970950135,-1.779555066645019,0.6904618077371967,0.2249375763693354,0.13268798042277116,0.09234902445093941,-0.09739907569620966
8377,-1.0293938734071988,0.8817216424333439,-1.4320155892949833,0.410284830166764,-0.4533025619332999,-0.6521385410756733,0.033575944323434095,-1.2134225886500216,-1.1684596883703013,-1.2168671412423475
8378,-0.9661036488719961,0.06508561858584352,1.1952052836879563,0.410284830166764,-0.38349979852741883,0.6904618077371967,0.031663390532858736,-1.1599347514683216,-1.0896591438189738,-1.146014732030567
8379,-0.1011372468908936,0.06508561858584352,0.14431693449478036,-1.2448467036897353,-0.17409150830978082,0.2429283581329067,0.14253838389204695,0.08811478277135434,0.11861587263471549,0.08681718825442046
8380,-0.6285557846842488,-1.5681864291091574,0.6697611090913683,-1.2448467036897353,0.5239361257490193,-0.2046050914713833,0.0549859214790416,-0.5983124610604676,-0.564322180143457,-0.5225135309668953
8381,0.6161519645080696,0.8817216424333439,0.14431693449478036,-0.8310638202256104,0.1749223087196192,-0.6521385410756733,0.281889178133135,0.7923713056637428,0.7402646129840774,0.7811707985298727
8382,0.257507358808588,-0.751550405261657,-0.38112724010180754,0.410284830166764,1.1521609964019384,-0.2046050914713833,0.2256282207937098,0.3377246896192897,0.3812843544724739,0.4977611616827496
8383,0.4473780324141958,0.06508561858584352,-0.9065714146983955,0.8240677136308887,-0.4533025619332999,-0.6521385410756733,0.35770068533177496,0.6229931545883579,0.547641059636388,0.5261021253674619
8384,-0.9661036488719961,0.8817216424333439,1.1952052836879563,0.410284830166764,-0.17409150830978082,-0.6521385410756733,0.031663390532858736,-1.124276193347188,-1.0809035277577155,-1.1035032865034986
8385,0.257507358808588,0.8817216424333439,-0.38112724010180754,0.410284830166764,0.3145278355313812,-1.0996719906799632,0.24268182542634012,0.4268710849221234,0.4688405150850598,0.4835906798403931
8386,-0.20662095444956474,-1.5681864291091574,-1.4320155892949833,1.6516334805591384,-0.03448598149801883,-0.2046050914713833,0.2252563353344313,-0.045604810182896936,-0.021473984345422546,-0.040717148326785545
8387,0.21531387578511957,-1.5681864291091574,0.14431693449478036,-1.2448467036897353,-0.9419219057744619,1.1379952573414867,0.2098496520214631,0.4447003639826906,0.48635174720757746,0.3418858614168312
8388,-0.1855242129378305,-1.5681864291091574,-1.4320155892949833,-1.2448467036897353,-2.128568883674419,1.5855287069457766,0.13223184402061308,0.08811478277135434,0.10986025657345705,-0.1540810030656344
8389,-1.0293938734071988,0.06508561858584352,-1.4320155892949833,0.410284830166764,-0.10428874490389983,0.6904618077371967,0.036126016044201244,-1.2579957863014386,-1.212237768676595,-1.231037623084704
8390,-0.6285557846842488,0.06508561858584352,-0.9065714146983955,-1.2448467036897353,-1.8493578300509,1.5855287069457766,0.0645486904319184,-0.4913367866970668,-0.5818334122659738,-0.7209002767598819
8391,-0.20662095444956474,-1.5681864291091574,-0.9065714146983955,0.8240677136308887,0.9427527061843003,0.6904618077371967,0.1463634914731977,-0.054519449713180144,-0.1352969931417845,0.015964779042639207
8392,3.211051170451377,-1.5681864291091574,0.6697611090913683,-1.2448467036897353,1.0125554695901813,0.6904618077371967,0.9759868246294428,2.512896735008439,2.36880920037818,2.5949924743514634
8393,-0.5019753356138434,0.8817216424333439,0.14431693449478036,1.6516334805591384,0.1051195453137382,-0.6521385410756733,0.12314721351538012,-0.36653183327309874,-0.39796547497954293,-0.36663823070097756
8394,0.46847477392593007,0.06508561858584352,0.14431693449478036,-0.8310638202256104,-2.617188227515581,1.1379952573414867,0.21229347075386495,0.86368842190601,0.7927983093516288,0.4694201979980372
8395,-0.08004050537915937,0.8817216424333439,-1.4320155892949833,1.2378505970950135,0.3145278355313812,-1.0996719906799632,0.26860755458747276,0.11485870136220476,0.07483779232842254,0.1293286337814887
8396,0.4262812909024616,0.06508561858584352,-0.9065714146983955,0.8240677136308887,-1.430541249615619,1.1379952573414867,0.43159963873983953,0.6408224336489251,0.6001747560039394,0.4269087524709683
8397,-0.5863623016607803,0.06508561858584352,-1.4320155892949833,-0.8310638202256104,0.035316781907857205,-1.5472054402842532,0.06529246135047548,-0.4913367866970668,-0.5117884837759049,-0.4941725672821829
8398,0.4262812909024616,-1.5681864291091574,-0.9065714146983955,0.410284830166764,-0.17409150830978082,2.4805956061543566,0.37964192742920894,0.5516760383460907,0.5038629793300943,0.4977611616827496
8399,0.5317649984611327,0.8817216424333439,-0.38112724010180754,-1.2448467036897353,-0.31369703512154284,-0.2046050914713833,0.33230622111246877,0.6943102708306251,0.7052421487390429,0.6536364619486673
8400,-0.5441688186373119,-0.751550405261657,-0.9065714146983955,-1.2448467036897353,1.6407803402430954,-1.0996719906799632,0.08601179408170855,-0.5180807052879165,-0.5468109480209394,-0.35246774885862103
8401,-0.6285557846842488,0.8817216424333439,-0.9065714146983955,0.8240677136308887,-0.5231053253391809,-0.6521385410756733,0.10056845348775434,-0.5359099843484837,-0.49427725165338804,-0.5650249764939635
8402,1.903053196723856,0.06508561858584352,1.7206494582845442,0.410284830166764,0.8031471793725382,2.033062156550067,0.490091908834936,1.5501156657378312,1.440713897884767,1.603058745386531
8403,-0.8395231998015908,0.8817216424333439,-0.9065714146983955,0.410284830166764,-0.10428874490389983,-1.0996719906799632,0.06513308186792753,-0.8746662864992527,-0.8269906619812155,-0.8484346133410873
8404,-0.8606199413133251,-1.5681864291091574,-0.9065714146983955,1.6516334805591384,0.8729499427784192,-0.2046050914713833,0.06545184083302343,-0.9638126818020863,-0.9145468225938014,-0.8484346133410873
8405,-0.6074590431725145,-1.5681864291091574,-0.9065714146983955,-1.2448467036897353,0.38433059893725724,2.4805956061543566,0.07368644743133401,-0.5804831819999005,-0.6168558765110084,-0.5508544946516076
8406,-1.0082971318954645,0.8817216424333439,0.6697611090913683,0.410284830166764,-0.10428874490389983,-0.6521385410756733,0.03060086064920576,-1.1955933095894553,-1.1947265365540773,-1.1885261775576352
8407,-1.0293938734071988,0.8817216424333439,-1.4320155892949833,-0.8310638202256104,-0.31369703512154284,-1.0996719906799632,0.02964458375391808,-1.2134225886500216,-1.2209933847378536,-1.231037623084704
8408,2.6414391496345533,0.06508561858584352,1.7206494582845442,0.8240677136308887,0.5239361257490193,1.1379952573414867,0.802688200605642,2.14739651426682,2.062362638234129,2.1698780190807785
8409,-0.1855242129378305,-1.5681864291091574,-0.38112724010180754,0.410284830166764,0.5937388891549003,-0.6521385410756733,0.1292036338522021,-0.045604810182896936,-0.012718368284164113,0.044305742727351584
8410,1.0380867947427537,0.8817216424333439,-1.4320155892949833,-0.8310638202256104,0.7333444159666572,-0.2046050914713833,0.3438877968442862,1.0776397706328118,1.0029330948218358,1.1354328445887771
8411,-0.8606199413133251,0.06508561858584352,1.1952052836879563,0.410284830166764,0.4541333623431382,-0.6521385410756733,0.05360463263029273,-0.9370687632112367,-0.9583249029000951,-0.8909460588681556
8412,0.46847477392593007,-1.5681864291091574,1.1952052836879563,1.6516334805591384,0.9427527061843003,0.6904618077371967,0.42193061679859745,0.6408224336489251,0.5651522917589049,0.7244888711604479
8413,3.4642120685921878,0.06508561858584352,0.6697611090913683,-0.8310638202256104,-0.24389427171566183,-0.6521385410756733,0.6920788397173671,2.6822748860838233,2.596455217970904,2.5666515106667505
8414,0.5317649984611327,0.06508561858584352,1.1952052836879563,-0.4172809367614856,-0.8023163789626999,1.1379952573414867,0.4787759655740318,0.7656273870728924,0.731508996922819,0.6394659801063115
8415,-0.9661036488719961,0.8817216424333439,1.1952052836879563,0.410284830166764,0.035316781907857205,-0.6521385410756733,0.031663390532858736,-1.115361553816904,-1.0633922956351987,-1.0751623228187863
8416,-1.0293938734071988,0.06508561858584352,0.14431693449478036,0.8240677136308887,0.035316781907857205,1.1379952573414867,0.04632630292726983,-1.1955933095894553,-1.212237768676595,-1.1885261775576352
8417,-1.050490614918933,-1.5681864291091574,0.14431693449478036,0.8240677136308887,-0.17409150830978082,-0.6521385410756733,0.03474472719545237,-1.2669104258317225,-1.2209933847378536,-1.24520810492706
8418,-1.0082971318954645,0.8817216424333439,0.14431693449478036,1.2378505970950135,-0.9419219057744619,-0.2046050914713833,0.04537002603198215,-1.1777640305288881,-1.142192840186526,-1.231037623084704
8419,0.5739584814846012,0.8817216424333439,-1.4320155892949833,-0.8310638202256104,0.3145278355313812,-1.0996719906799632,0.28289858152260533,0.7210541894214756,0.7402646129840774,0.7670003166875169
8420,-0.20662095444956474,-1.5681864291091574,-0.9065714146983955,-1.2448467036897353,-1.081527432586219,1.1379952573414867,0.15257929129256761,0.0167976665290871,0.07483779232842254,-0.0832285938538538
8421,-0.8395231998015908,0.8817216424333439,1.1952052836879563,1.2378505970950135,-0.03448598149801883,-1.0996719906799632,0.07299580300695957,-0.8924955655598191,-0.8532575101649915,-0.8626050951834432
8422,-0.9872003903837303,0.8817216424333439,1.1952052836879563,0.410284830166764,0.1749223087196192,-0.2046050914713833,0.030760240131753706,-1.1510201119380377,-1.1071703759414915,-1.1035032865034986
8423,-0.8395231998015908,0.8817216424333439,1.1952052836879563,-0.4172809367614856,0.035316781907857205,-1.0996719906799632,0.06582372629230197,-0.8746662864992527,-0.8269906619812155,-0.8342641314987308
8424,-0.4808785941021094,-1.5681864291091574,0.14431693449478036,0.410284830166764,0.1749223087196192,-1.5472054402842532,0.08696807097699623,-0.3754464728033827,-0.34543177861199154,-0.33829726701626517
8425,0.700538930555006,0.06508561858584352,-1.4320155892949833,-0.8310638202256104,-0.9419219057744619,0.6904618077371967,0.2824204430749615,0.9082616195574269,0.845332005719181,0.7386593530028038
8426,-0.20662095444956474,0.06508561858584352,-0.38112724010180754,-1.2448467036897353,-0.4533025619332999,0.2429283581329067,0.1266004356372523,-0.0010316125314793153,-0.03898521646793941,-0.0690581120114973
8427,-1.050490614918933,-0.751550405261657,1.1952052836879563,0.8240677136308887,1.2917665232137003,-1.5472054402842532,0.04122615948573553,-1.2669104258317225,-1.299793929289181,-1.1601852138729227
8428,-0.03784702235569092,0.8817216424333439,-0.9065714146983955,0.410284830166764,0.1051195453137382,-0.6521385410756733,0.19991499760930775,0.13268798042277116,0.17990518506352607,0.17184007930855758
8429,-1.0293938734071988,0.06508561858584352,1.7206494582845442,-1.2448467036897353,0.1051195453137382,0.6904618077371967,0.024703819794931733,-1.2579957863014386,-1.273527081105405,-1.24520810492706
8430,0.46847477392593007,-1.5681864291091574,0.14431693449478036,0.410284830166764,1.0823582329960573,0.2429283581329067,0.3191308505551719,0.5605906778763746,0.5651522917589049,0.6961479074757362
8431,0.4262812909024616,1.6983576662808442,-1.4320155892949833,-0.8310638202256104,2.8274273181430574,0.2429283581329067,0.1566169048504489,0.4892735616341074,0.3725287384112155,0.7811707985298727
8432,-0.7340394922429198,-1.5681864291091574,1.1952052836879563,1.2378505970950135,-1.1513301959920998,0.2429283581329067,0.06709876215268555,-0.6963734958935845,-0.6693895728785606,-0.7917526859716626
8433,-0.5863623016607803,-1.5681864291091574,-0.9065714146983955,-1.2448467036897353,0.6635416525607812,-0.6521385410756733,0.07028635180364448,-0.5804831819999005,-0.5292997158984225,-0.4800020854398264
8434,1.586602074047843,0.06508561858584352,0.6697611090913683,-1.2448467036897353,0.5239361257490193,1.1379952573414867,0.471019497423365,1.425310712313864,1.4144470497009907,1.4896948906476815
8435,0.5106682569493985,-1.5681864291091574,-0.9065714146983955,-1.2448467036897353,1.1521609964019384,-1.0996719906799632,0.2952239281729799,0.6051638755277915,0.6351972202489738,0.7670003166875169
8436,-0.6285557846842488,0.06508561858584352,-0.38112724010180754,0.410284830166764,-0.5929080887450618,0.6904618077371967,0.07076449025128832,-0.5269953448182004,-0.5468109480209394,-0.5933659401786759
8437,0.9747965702075511,0.06508561858584352,1.7206494582845442,-1.2448467036897353,0.035316781907857205,0.2429283581329067,0.26988259044785634,1.0508958520419613,1.0029330948218358,1.0220689898499276
8438,0.4473780324141958,0.06508561858584352,-1.4320155892949833,-0.8310638202256104,-0.5231053253391809,-0.6521385410756733,0.23221590607235829,0.6140785150580746,0.547641059636388,0.5119316435251055
8439,-0.20662095444956474,0.8817216424333439,0.6697611090913683,-1.2448467036897353,-1.2909357228038618,0.6904618077371967,0.11066248738245762,0.0167976665290871,0.0573265602059049,-0.11156955753856616
8440,-0.8184264582898567,0.06508561858584352,-1.4320155892949833,-1.2448467036897353,-0.9419219057744619,0.2429283581329067,0.04940763958986347,-0.8390077283781191,-0.8620131262262499,-0.9334575043952245
8441,0.4473780324141958,-1.5681864291091574,0.14431693449478036,-0.8310638202256104,0.7333444159666572,0.2429283581329067,0.21882802953833078,0.5160174802249571,0.547641059636388,0.6252954982639549
8442,-1.0926840979424013,0.8817216424333439,0.14431693449478036,0.410284830166764,0.035316781907857205,-1.5472054402842532,0.026031982149497954,-1.3828007397254065,-1.3173051614116977,-1.330230995981197
8443,-0.08004050537915937,0.8817216424333439,0.14431693449478036,-1.2448467036897353,-0.03448598149801883,-1.0996719906799632,0.1424852573978643,0.12377334089248797,0.14488272081849157,0.1293286337814887
8444,0.257507358808588,-1.5681864291091574,-0.9065714146983955,0.8240677136308887,-0.8023163789626999,1.5855287069457766,0.27636402273813954,0.4268710849221234,0.48635174720757746,0.3560563432591877
8445,-0.8184264582898567,0.06508561858584352,0.6697611090913683,1.2378505970950135,-0.17409150830978082,0.6904618077371967,0.05881102906019232,-0.8211784493175527,-0.8620131262262499,-0.8484346133410873
8446,1.6287955570713115,0.8817216424333439,0.6697611090913683,0.410284830166764,-0.17409150830978082,-0.6521385410756733,0.5362057057854752,1.6303474215103817,1.537025674558612,1.5463768180171062
8447,-0.9028134243367935,0.06508561858584352,1.1952052836879563,0.410284830166764,0.7333444159666572,1.1379952573414867,0.04425436965414652,-1.0173005189837871,-1.0371254474514224,-0.9476279862375803
8448,0.4262812909024616,0.06508561858584352,-1.4320155892949833,0.410284830166764,0.24472507212550018,0.6904618077371967,0.3570100409074005,0.578419956936941,0.5301298275138704,0.5827840527368867
8449,0.21531387578511957,-0.751550405261657,0.14431693449478036,1.2378505970950135,1.7105831036489814,-0.6521385410756733,0.3253466503745418,0.3020661314981561,0.2499501135535943,0.4835906798403931
8450,0.5739584814846012,0.06508561858584352,-0.9065714146983955,-0.8310638202256104,0.5937388891549003,1.5855287069457766,0.2629230197099293,0.6764809917700587,0.6001747560039394,0.7103183893180921
8451,-0.1855242129378305,-1.5681864291091574,0.14431693449478036,0.8240677136308887,0.5937388891549003,-1.0996719906799632,0.15369494767040323,-0.06343408924346336,-0.021473984345422546,0.03013526088499571
8452,2.599245666611085,0.8817216424333439,0.6697611090913683,0.410284830166764,0.6635416525607812,-0.2046050914713833,0.8921000903150401,2.040420839903418,2.027340173989095,2.1273665735537097
8453,-0.1644274714260963,-0.751550405261657,-0.38112724010180754,-0.8310638202256104,2.8274273181430574,0.6904618077371967,0.10333103118525208,-0.19715368219771465,-0.1352969931417845,0.15766959746620107
8454,0.6372487060198039,0.8817216424333439,0.14431693449478036,0.410284830166764,-1.221132959397981,-0.2046050914713833,0.32757796313021303,0.91717625908771,0.8540876217804394,0.7103183893180921
8455,-1.0293938734071988,-0.751550405261657,-1.4320155892949833,-1.2448467036897353,1.0125554695901813,0.6904618077371967,0.028900812835360994,-1.293654344422572,-1.2297490007991119,-1.1601852138729227
8456,-1.0082971318954645,0.8817216424333439,0.14431693449478036,1.2378505970950135,-0.10428874490389983,-1.0996719906799632,0.04537002603198215,-1.1866786700591714,-1.142192840186526,-1.1601852138729227
8457,0.48957151543766425,0.06508561858584352,1.7206494582845442,-0.8310638202256104,0.7333444159666572,0.2429283581329067,0.19306167985974607,0.6675663522397756,0.5914191399426809,0.7244888711604479
8458,-0.8184264582898567,0.8817216424333439,0.14431693449478036,-0.4172809367614856,0.24472507212550018,-1.0996719906799632,0.07644902512883175,-0.8657516469689694,-0.8094794298586986,-0.8059231678140184
8459,-0.5441688186373119,0.8817216424333439,-0.9065714146983955,1.6516334805591384,-0.38349979852741883,-1.0996719906799632,0.12229718960845774,-0.4289343099850828,-0.37169862679576765,-0.43749063991275816
8460,0.8060226381136772,0.06508561858584352,0.14431693449478036,-1.2448467036897353,0.38433059893725724,0.6904618077371967,0.347553524942889,0.9082616195574269,0.8190651575354049,0.9087051351110781
8461,0.4473780324141958,-0.751550405261657,0.6697611090913683,-0.8310638202256104,0.5937388891549003,0.6904618077371967,0.18057695372682356,0.4536150035129738,0.5388854435751288,0.5686135708945302
8462,-1.0082971318954645,0.06508561858584352,1.1952052836879563,1.6516334805591384,0.38433059893725724,0.2429283581329067,0.04972639855495936,-1.2045079491197386,-1.212237768676595,-1.1601852138729227
8463,1.059183536254488,-1.5681864291091574,-0.38112724010180754,-0.8310638202256104,0.7333444159666572,0.2429283581329067,0.32619667428146415,1.0687251311025279,1.1167561036181979,1.192114771958202
8464,-0.9661036488719961,0.06508561858584352,-0.9065714146983955,-0.8310638202256104,-0.6627108521509428,1.1379952573414867,0.03453222121872178,-1.0707883561654872,-1.0896591438189738,-1.1318442501882104
8465,-0.03784702235569092,0.06508561858584352,-0.9065714146983955,-1.2448467036897353,0.035316781907857205,0.6904618077371967,0.1648515114487595,0.177261178074188,0.12737148869597392,0.15766959746620107
8466,1.67098904009478,1.6983576662808442,0.6697611090913683,-0.8310638202256104,2.4086107377077814,0.2429283581329067,0.3761355788131541,1.3807375146624472,1.3181352730271465,1.6880816364406688
8467,-1.0293938734071988,0.8817216424333439,-0.9065714146983955,-1.2448467036897353,0.3145278355313812,-1.0996719906799632,0.038888593741698986,-1.2134225886500216,-1.2209933847378536,-1.1743556957152792
8468,0.46847477392593007,-0.751550405261657,-0.9065714146983955,-1.2448467036897353,1.7803858670548574,-1.5472054402842532,0.24215056048451364,0.524932119755241,0.4688405150850598,0.7244888711604479
8469,-1.050490614918933,-1.5681864291091574,1.1952052836879563,1.2378505970950135,0.5937388891549003,2.033062156550067,0.03915422621261223,-1.3560568211345563,-1.2910383132279224,-1.2593785867694165
8470,-0.20662095444956474,0.8817216424333439,1.7206494582845442,0.8240677136308887,0.3145278355313812,-0.6521385410756733,0.09467141263348032,-0.054519449713180144,-0.021473984345422546,0.0017942972002833347
8471,1.5022151080009063,-0.751550405261657,-0.38112724010180754,-0.8310638202256104,-1.2909357228038618,2.928129055758647,0.3899484673006428,1.6036035029195321,1.4494695139460252,1.3196491085394073
8472,0.46847477392593007,0.8817216424333439,-0.38112724010180754,-0.8310638202256104,-0.5231053253391809,0.2429283581329067,0.23163151463634915,0.685395631300342,0.7052421487390429,0.6252954982639549
8473,-1.261458030036275,0.8817216424333439,-1.4320155892949833,0.410284830166764,0.3145278355313812,-0.2046050914713833,0.019497423365032143,-1.7572155999973091,-1.755085964474629,-1.7128340057248137
8474,-1.0293938734071988,0.8817216424333439,0.6697611090913683,0.410284830166764,0.24472507212550018,-1.6814654751655391,0.023747542899644054,-1.2134225886500216,-1.1684596883703013,-1.1601852138729227
8475,0.21531387578511957,0.06508561858584352,0.6697611090913683,1.6516334805591384,-2.407779937297943,1.1379952573414867,0.20884024863199277,0.524932119755241,0.477596131146319,0.18601056115091347
8476,-0.8184264582898567,0.8817216424333439,1.7206494582845442,0.410284830166764,0.4541333623431382,-1.9947388898885432,0.032566540933963765,-0.8390077283781191,-0.791968197736181,-0.7634117222869502
8477,-0.9450069073602619,0.06508561858584352,-0.38112724010180754,-1.2448467036897353,-0.31369703512154284,-1.0996719906799632,0.03437284173617383,-1.0262151585140704,-1.0371254474514224,-1.0468213591340738
8478,-0.7762329752663882,0.8817216424333439,1.1952052836879563,1.6516334805591384,-0.24389427171566183,-1.0996719906799632,0.05610157785687722,-0.8033491702569854,-0.7481901174298881,-0.7917526859716626
8479,-0.5652655601490462,0.8817216424333439,-0.9065714146983955,0.410284830166764,-0.4533025619332999,-0.6521385410756733,0.09695585188333422,-0.40219039139423235,-0.43298793922457746,-0.46583160359747056
8480,0.4473780324141958,-1.5681864291091574,-1.4320155892949833,-1.2448467036897353,0.7333444159666572,-0.2046050914713833,0.2874674600223131,0.5516760383460907,0.5739079078201633,0.6536364619486673
8481,-0.7340394922429198,0.8817216424333439,-0.38112724010180754,1.2378505970950135,0.035316781907857205,-0.2046050914713833,0.06258301014716039,-0.723117414484435,-0.6869008050010774,-0.6925593130751695
8482,0.4473780324141958,-0.751550405261657,1.1952052836879563,-1.2448467036897353,1.7803858670548574,-1.0996719906799632,0.19832120278382828,0.5427613988158074,0.5038629793300943,0.752829834845161
8483,-0.1855242129378305,-1.5681864291091574,0.14431693449478036,-1.2448467036897353,0.8729499427784192,-1.0996719906799632,0.12835360994527972,-0.07234872877374655,-0.021473984345422546,0.058476224569708087
8484,0.6583454475315381,1.6983576662808442,-0.38112724010180754,-0.8310638202256104,1.8501886304607433,0.2429283581329067,0.19816182330128035,0.7299688289517587,0.6702196844940084,0.937046098795791
8485,0.4262812909024616,-1.5681864291091574,-0.9065714146983955,-1.2448467036897353,-0.24389427171566183,2.4805956061543566,0.3208840248631993,0.5516760383460907,0.5914191399426809,0.5402726072098178
8486,-0.8395231998015908,0.06508561858584352,0.14431693449478036,1.6516334805591384,0.3145278355313812,0.6904618077371967,0.05780162567072199,-0.9638126818020863,-0.9057912065325429,-0.8909460588681556
8487,-0.9661036488719961,-0.751550405261657,-1.4320155892949833,-1.2448467036897353,-0.8721191423685809,1.1827486023019163,0.03405408277107794,-1.0975322747563376,-1.0546366795739395,-1.146014732030567
8488,1.5444085910243748,0.8817216424333439,1.7206494582845442,0.410284830166764,-0.24389427171566183,0.2429283581329067,0.4011050310789991,1.4431399913744305,1.4844919781910597,1.4188424814359009
8489,1.5233118495126405,0.06508561858584352,1.1952052836879563,0.8240677136308887,-2.058766120268543,1.5855287069457766,0.5652658981033841,1.6125181424498154,1.5020032103135774,1.2346262174852707
8490,0.4262812909024616,0.06508561858584352,1.7206494582845442,0.410284830166764,0.1749223087196192,2.033062156550067,0.19577113106306115,0.6140785150580746,0.5388854435751288,0.5969545345792426
8491,0.6372487060198039,0.06508561858584352,0.14431693449478036,-1.2448467036897353,-1.5701467764273809,0.6904618077371967,0.3092493226371992,0.9260908986179933,0.845332005719181,0.6678069437910232
8492,0.32079758334379044,1.6983576662808442,1.7206494582845442,-1.2448467036897353,-2.617188227515581,3.8231959549672268,0.1675609626520746,0.685395631300342,0.6351972202489738,0.31354489773211885
8493,1.1013770192779564,-1.5681864291091574,0.14431693449478036,-0.4172809367614856,0.4541333623431382,0.2429283581329067,0.7885034266588747,1.1043836892236614,1.1167561036181979,1.16377380827349
8494,2.578148925099351,-1.5681864291091574,-0.38112724010180754,-1.2448467036897353,-0.4533025619332999,0.2429283581329067,0.9688147479147851,2.0849940375548357,2.123651950662939,2.01400271881486
8495,-1.1137808394541355,-1.5681864291091574,-1.4320155892949833,1.6516334805591384,-0.38349979852741883,1.1379952573414867,0.032194655474685224,-1.400630018785973,-1.36983885777925,-1.4010834051929784
8496,2.5570521835876163,0.8817216424333439,1.1952052836879563,0.410284830166764,0.8729499427784192,-0.6521385410756733,0.9654146522870956,2.0225915608428515,1.9222727812539908,2.0990256098689968
8497,0.8693128626488799,-1.5681864291091574,1.1952052836879563,1.6516334805591384,-0.9419219057744619,-0.6521385410756733,0.503851670828242,1.0241519334511109,1.0379555590668703,0.8945346532687222
8498,0.9958933117192852,0.8817216424333439,0.14431693449478036,-1.2448467036897353,0.035316781907857205,-0.2046050914713833,0.30606173298624023,1.095469049693378,1.0116887108830943,1.0504099535346405
8499,0.4262812909024616,0.06508561858584352,1.1952052836879563,-0.8310638202256104,-0.17409150830978082,-0.6521385410756733,0.1669234447218828,0.6764809917700587,0.617685988126457,0.6111250164215991
8500,-0.8184264582898567,0.06508561858584352,1.1952052836879563,0.410284830166764,-1.430541249615619,0.6904618077371967,0.04393561068905063,-0.8211784493175527,-0.7832125816749225,-0.9334575043952245
8501,-0.03784702235569092,0.8817216424333439,-0.38112724010180754,-1.2448467036897353,-0.38349979852741883,-0.6521385410756733,0.14774478032194654,0.1683465385439048,0.223683265369819,0.1434991156238452
8502,1.481118366489172,0.8817216424333439,0.14431693449478036,0.410284830166764,0.1051195453137382,-0.6521385410756733,0.8279232853424002,1.425310712313864,1.3794245854559561,1.404671999593545
8503,1.1013770192779564,1.6983576662808442,-0.38112724010180754,-0.0034980532973608127,2.8274273181430574,-1.0996719906799632,0.2199436859161664,1.0152372939208278,0.9591550145155429,1.3763310359088319
8504,-0.8395231998015908,-1.5681864291091574,1.1952052836879563,-1.2448467036897353,1.1521609964019384,0.2429283581329067,0.044626255113425065,-0.9103248446203863,-0.9408136707775774,-0.8059231678140184
8505,-0.9872003903837303,-1.5681864291091574,-0.9065714146983955,0.8240677136308887,1.0125554695901813,-0.6521385410756733,0.05891728204855762,-1.1421054724077544,-1.1334372241252668,-1.0326508772917173
8506,-0.5863623016607803,0.8817216424333439,1.1952052836879563,1.6516334805591384,-0.24389427171566183,-0.9654119557986776,0.10396854911544387,-0.4913367866970668,-0.4592547874083535,-0.4941725672821829
8507,-0.1644274714260963,-1.5681864291091574,0.14431693449478036,1.6516334805591384,-1.779555066645019,2.4805956061543566,0.20995590500982841,0.03462694558965351,0.10986025657345705,-0.13991052122327854
8508,-0.9450069073602619,0.8817216424333439,-0.9065714146983955,1.2378505970950135,-0.6627108521509428,-1.0996719906799632,0.07065823726292302,-1.0262151585140704,-0.9933473671451296,-1.0609918409764298
8509,-1.050490614918933,-0.751550405261657,1.1952052836879563,0.410284830166764,1.2219637598078192,-1.0996719906799632,0.027944535940073314,-1.347142181604273,-1.299793929289181,-1.2026966593999917
8510,1.5655053325361088,-1.5681864291091574,1.7206494582845442,0.8240677136308887,1.2219637598078192,-0.2046050914713833,0.4932794984858949,1.3718228751321633,1.4319582818235084,1.5747177817018192
8511,-1.0082971318954645,0.06508561858584352,0.14431693449478036,0.8240677136308887,0.24472507212550018,1.1379952573414867,0.04643255591563513,-1.2134225886500216,-1.2297490007991119,-1.1885261775576352
8512,-0.20662095444956474,0.06508561858584352,0.14431693449478036,-1.2448467036897353,0.5239361257490193,2.033062156550067,0.12049088880624767,-0.09017800783431376,-0.14405260920304294,-0.054887630169141416
8513,-0.14333072991436205,0.06508561858584352,-1.4320155892949833,-1.2448467036897353,0.6635416525607812,0.2429283581329067,0.14360091377569995,0.025712306059370308,-0.03022960040668098,0.07264670641206396
8514,-1.050490614918933,0.8817216424333439,-1.4320155892949833,0.410284830166764,0.4541333623431382,-0.2046050914713833,0.04483876109015566,-1.3114836234831393,-1.3085495453504394,-1.2593785867694165
8515,-0.9028134243367935,-1.5681864291091574,-1.4320155892949833,-1.2448467036897353,-1.2909357228038618,0.6904618077371967,0.034479094724539125,-0.9370687632112367,-0.9057912065325429,-1.0326508772917173
8516,-0.1011372468908936,-1.5681864291091574,0.14431693449478036,-1.2448467036897353,1.1521609964019384,0.2429283581329067,0.14933857514742602,-0.009946252061763314,0.022304095960870397,0.1434991156238452
8517,0.21531387578511957,0.8817216424333439,0.14431693449478036,-1.2448467036897353,0.38433059893725724,-0.6521385410756733,0.21797800563140837,0.3912125268009897,0.3462618902274394,0.41273827062861246
8518,-1.0293938734071988,-1.5681864291091574,-0.38112724010180754,1.2378505970950135,-2.268174410486181,0.6904618077371967,0.04011050310789991,-1.1421054724077544,-1.0809035277577155,-1.3018900322964846
8519,-0.12223398840262782,0.06508561858584352,-1.4320155892949833,-0.8310638202256104,0.3145278355313812,-0.2046050914713833,0.10635924135366308,0.05245622465022072,0.031059712022128826,0.07264670641206396
8520,1.7553760061417165,-1.5681864291091574,1.1952052836879563,-0.8310638202256104,0.5239361257490193,-0.2046050914713833,0.5076767784093927,1.6125181424498154,1.607070603048681,1.6739111545983116
8521,1.903053196723856,0.06508561858584352,1.7206494582845442,0.410284830166764,-0.5231053253391809,0.6904618077371967,0.5260054189024066,1.7194938168132161,1.6508486833549738,1.588888263544175
8522,-0.8184264582898567,-1.5681864291091574,1.1952052836879563,-0.8310638202256104,-1.5003440130215,1.1379952573414867,0.03299155288742496,-0.8122638097872686,-0.7744569656136641,-0.9334575043952245
8523,-0.5019753356138434,0.06508561858584352,-1.4320155892949833,1.6516334805591384,-0.17409150830978082,0.2429283581329067,0.12107528024225682,-0.38436111233366593,-0.35418739467325,-0.3808087125433334
8524,-0.8817166828250593,0.8817216424333439,-1.4320155892949833,-1.2448467036897353,0.1051195453137382,-1.0996719906799632,0.0477075917760187,-0.9192394841506695,-0.9583249029000951,-0.9192870225528679
8525,1.059183536254488,0.8817216424333439,-0.38112724010180754,0.410284830166764,0.7333444159666572,-0.6521385410756733,0.43159963873983953,1.1578715264053623,1.0467111751281288,1.192114771958202
8526,-0.6285557846842488,0.06508561858584352,1.1952052836879563,1.2378505970950135,-0.5231053253391809,1.1379952573414867,0.10444668756308771,-0.5804831819999005,-0.5380553319596809,-0.6075364220210324
8527,3.0633739798692377,-1.5681864291091574,-0.38112724010180754,-0.8310638202256104,-0.38349979852741883,2.4805956061543566,0.7849439515486373,2.459408897826738,2.3162755040106293,2.297412355661984
8528,-0.7973297167781225,0.8817216424333439,1.1952052836879563,1.6516334805591384,0.4541333623431382,-1.0996719906799632,0.054773415502311004,-0.8390077283781191,-0.8007238137974394,-0.7634117222869502
8529,0.4262812909024616,-1.5681864291091574,-0.9065714146983955,-0.4172809367614856,1.0823582329960573,0.6904618077371967,0.8539021409977156,0.5695053174066579,0.521374211452612,0.681977425633379
8530,1.059183536254488,0.8817216424333439,1.7206494582845442,-1.2448467036897353,-0.17409150830978082,-1.0996719906799632,0.3043085586782128,1.1578715264053623,1.1605341839244907,1.1212623627464213
8531,0.6583454475315381,0.06508561858584352,-0.38112724010180754,0.410284830166764,0.5937388891549003,0.2429283581329067,0.3071242628698932,0.801285945194026,0.7490202290453358,0.8520232077416533
8532,0.7638291550902088,0.8817216424333439,0.14431693449478036,-1.2448467036897353,0.5937388891549003,0.2429283581329067,0.35956011262816767,0.8458591428454428,0.871598853902957,0.937046098795791
8533,1.481118366489172,0.06508561858584352,1.1952052836879563,-1.2448467036897353,0.8031471793725382,-1.0996719906799632,0.528821123094087,1.3807375146624472,1.3181352730271465,1.4613539269629696
8534,-0.8184264582898567,0.8817216424333439,0.6697611090913683,-0.4172809367614856,0.5937388891549003,-0.2046050914713833,0.057164107740530205,-0.8479223679084023,-0.8707687422875084,-0.7917526859716626
8535,-0.438685111078641,-1.5681864291091574,-1.4320155892949833,-0.8310638202256104,-0.8721191423685809,0.2429283581329067,0.07039260479200977,-0.2684707984399819,-0.1965863055705951,-0.3241267851739087
8536,-0.5863623016607803,-1.5681864291091574,-0.9065714146983955,-0.8310638202256104,0.8031471793725382,-0.6521385410756733,0.06848005100143442,-0.5269953448182004,-0.49427725165338804,-0.4233201580704017
8537,0.6794421890432724,0.06508561858584352,-1.4320155892949833,-0.8310638202256104,-0.4533025619332999,0.2429283581329067,0.2985708973064867,0.8904323404968605,0.8365763896579225,0.7953412803722286
8538,-0.649652526195983,0.06508561858584352,1.1952052836879563,-1.2448467036897353,0.5239361257490193,0.2429283581329067,0.05450778303139776,-0.6250563796513173,-0.6606339568173013,-0.57919545833632
8539,-0.05894376386742515,0.06508561858584352,0.14431693449478036,-1.2448467036897353,-0.6627108521509428,0.6904618077371967,0.1517292673856452,0.1683465385439048,0.10986025657345705,0.058476224569708087
8540,-1.0293938734071988,-0.751550405261657,-1.4320155892949833,-1.2448467036897353,1.1521609964019384,-1.0996719906799632,0.026935132550602987,-1.3114836234831393,-1.2647714650441464,-1.1743556957152792
8541,1.3756346589305009,0.06508561858584352,0.14431693449478036,0.410284830166764,-0.4533025619332999,0.2429283581329067,0.6189236572278596,1.4074814332532968,1.309379656965888,1.2771376630123397
8542,0.06763668520297998,1.6983576662808442,1.1952052836879563,-0.8310638202256104,1.8501886304607433,-0.2046050914713833,0.12675981511980025,0.177261178074188,0.10986025657345705,0.3702268251015436
8543,-0.755136233754654,0.8817216424333439,-0.9065714146983955,0.8240677136308887,-0.31369703512154284,-0.6521385410756733,0.06561122031557137,-0.7676906121358518,-0.7131676531848535,-0.7634117222869502
8544,0.7216356720667403,0.8817216424333439,0.14431693449478036,1.6516334805591384,-0.24389427171566183,-0.2046050914713833,0.48185730223662543,0.91717625908771,0.8628432378416978,0.8520232077416533
8545,-0.1855242129378305,-1.5681864291091574,-1.4320155892949833,0.410284830166764,1.0823582329960573,0.6904618077371967,0.15523561600170005,-0.09909264736459697,-0.06525206465171549,0.044305742727351584
8546,-0.5230720771255777,0.8817216424333439,-0.9065714146983955,0.410284830166764,-0.24389427171566183,-0.2046050914713833,0.10242788078414705,-0.4111050309245164,-0.37169862679576765,-0.40914967622804577
8547,0.8904096041606141,0.8817216424333439,0.6697611090913683,-1.2448467036897353,0.1051195453137382,-0.6521385410756733,0.27949848589491577,1.0152372939208278,0.9591550145155429,0.9937280261652158
8548,-0.8395231998015908,0.8817216424333439,1.1952052836879563,0.8240677136308887,0.38433059893725724,-0.2046050914713833,0.04351059873558944,-0.9370687632112367,-0.8795243583487669,-0.8626050951834432
8549,-0.6285557846842488,-0.751550405261657,-1.4320155892949833,0.410284830166764,1.0823582329960573,-0.6521385410756733,0.07474897731498699,-0.5537392634090501,-0.6168558765110084,-0.46583160359747056
8550,-0.9872003903837303,0.8817216424333439,1.1952052836879563,0.8240677136308887,0.38433059893725724,-0.2046050914713833,0.03538224512564416,-1.2045079491197386,-1.1509484562477845,-1.1318442501882104
8551,0.5317649984611327,0.8817216424333439,-0.9065714146983955,-0.8310638202256104,0.1051195453137382,-0.6521385410756733,0.2764702757265048,0.7121395498911923,0.6702196844940084,0.6961479074757362
8552,0.257507358808588,-1.5681864291091574,-1.4320155892949833,-1.2448467036897353,1.0823582329960573,-0.2046050914713833,0.1905116081389789,0.4357857244524066,0.3812843544724739,0.5402726072098178
8553,0.4473780324141958,0.8817216424333439,1.1952052836879563,0.8240677136308887,0.8031471793725382,-0.2046050914713833,0.3281092280720395,0.6229931545883579,0.5739079078201633,0.6961479074757362
8554,0.5106682569493985,0.8817216424333439,0.6697611090913683,-1.2448467036897353,0.5937388891549003,-0.6521385410756733,0.2413536630717739,0.7299688289517587,0.6527084523714916,0.7670003166875169
8555,-1.0082971318954645,0.8817216424333439,1.1952052836879563,0.410284830166764,0.035316781907857205,-0.2046050914713833,0.0382510758115072,-1.1688493909986049,-1.185970920492819,-1.1601852138729227
8556,0.4473780324141958,0.8817216424333439,1.1952052836879563,0.8240677136308887,0.6635416525607812,-0.6521385410756733,0.3692822610635924,0.5962492359975082,0.5388854435751288,0.6536364619486673
8557,-0.9239101658485277,0.8817216424333439,0.6697611090913683,0.410284830166764,0.035316781907857205,-1.0996719906799632,0.027785156457525367,-1.0262151585140704,-0.9845917510838703,-0.9901394317646491
8558,-0.5652655601490462,0.06508561858584352,0.6697611090913683,0.410284830166764,-2.268174410486181,1.1379952573414867,0.0642299314668225,-0.3219586356216819,-0.35418739467325,-0.57919545833632
8559,0.004346460667777534,0.06508561858584352,1.7206494582845442,-1.2448467036897353,-1.1513301959920998,-0.2046050914713833,0.11831270254475908,0.2664075733770225,0.2149276493085606,0.10098767009677634
8560,0.5528617399728669,0.06508561858584352,-0.38112724010180754,-1.2448467036897353,-0.5231053253391809,0.2429283581329067,0.26478244700632203,0.7477981080123259,0.7665314611678535,0.681977425633379
8561,1.5444085910243748,0.8817216424333439,-0.38112724010180754,-1.2448467036897353,0.38433059893725724,-0.2046050914713833,0.5393932954364341,1.4966278285561312,1.4232026657622499,1.5038653724900373
8562,0.48957151543766425,-1.5681864291091574,-0.9065714146983955,-1.2448467036897353,0.8729499427784192,0.6904618077371967,0.29490516920788395,0.5873345964672243,0.617685988126457,0.7103183893180921
8563,0.23641061729685378,-1.5681864291091574,-1.4320155892949833,-1.2448467036897353,0.38433059893725724,0.6904618077371967,0.2610635924135366,0.40012716633127293,0.4163068187175084,0.4552497161556807
8564,-1.0082971318954645,-1.5681864291091574,-1.4320155892949833,-1.2448467036897353,0.38433059893725724,-1.0996719906799632,0.03102587260266695,-1.2223372281803049,-1.185970920492819,-1.1601852138729227
8565,-0.7762329752663882,0.8817216424333439,-0.38112724010180754,-1.2448467036897353,0.1051195453137382,-1.0996719906799632,0.04159804494501408,-0.7944345307267022,-0.7481901174298881,-0.7492412404445943
8566,-0.5863623016607803,-1.5681864291091574,-1.4320155892949833,-1.2448467036897353,-0.6627108521509428,-0.6521385410756733,0.07134888168729746,-0.5002514262273501,-0.4680104034696119,-0.5508544946516076
8567,0.46847477392593007,1.6983576662808442,-1.4320155892949833,-1.2448467036897353,2.7576245547371814,0.2429283581329067,0.3018116134516283,0.4447003639826906,0.5038629793300943,0.8236822440569416
8568,-0.9872003903837303,0.8817216424333439,0.6697611090913683,0.410284830166764,0.38433059893725724,-1.5472054402842532,0.025500717207671466,-1.1421054724077544,-1.0984147598802323,-1.0751623228187863
8569,0.8693128626488799,0.8817216424333439,0.14431693449478036,0.410284830166764,-0.17409150830978082,-1.5472054402842532,0.5406683312968177,1.0241519334511109,1.0116887108830943,0.9937280261652158
8570,-0.9661036488719961,0.8817216424333439,1.1952052836879563,1.2378505970950135,0.24472507212550018,-0.2046050914713833,0.047548212293470754,-1.1421054724077544,-1.1071703759414915,-1.0893328046611421
8571,-0.8817166828250593,0.8817216424333439,-1.4320155892949833,1.6516334805591384,0.3145278355313812,-0.6521385410756733,0.06247675715879509,-0.9638126818020863,-1.0108585992676464,-0.9476279862375803
8572,-1.050490614918933,0.06508561858584352,1.1952052836879563,0.410284830166764,0.1051195453137382,0.2429283581329067,0.035860383573287996,-1.2490811467711553,-1.256015848982888,-1.231037623084704
8573,0.4262812909024616,-0.751550405261657,0.14431693449478036,-1.2448467036897353,-1.1513301959920998,3.3756625053629365,0.24857886628061415,0.5962492359975082,0.617685988126457,0.4552497161556807
8574,0.10983016822644844,-1.5681864291091574,-0.9065714146983955,0.410284830166764,0.035316781907857205,-0.6521385410756733,0.22371566700313447,0.2931514919678721,0.3024838099211465,0.29937441588976293
8575,-0.8817166828250593,0.8817216424333439,0.6697611090913683,1.2378505970950135,-0.8023163789626999,0.2429283581329067,0.039526111671890775,-0.9281541236809527,-0.8970355904712844,-0.9759689499222927
8576,0.5528617399728669,0.06508561858584352,0.14431693449478036,-1.2448467036897353,0.24472507212550018,0.2429283581329067,0.2731764330871806,0.685395631300342,0.6877309166165253,0.7103183893180921
8577,2.5570521835876163,1.6983576662808442,-0.38112724010180754,-0.8310638202256104,2.897230081548943,-0.2046050914713833,0.670296977102481,1.8442987702371836,1.7559160760900774,2.2407304282925593
8578,0.4262812909024616,-0.751550405261657,-0.38112724010180754,-0.8310638202256104,1.0125554695901813,1.1379952573414867,0.2120278382829517,0.4803589221038234,0.521374211452612,0.6252954982639549
8579,-1.1770710639893383,-1.5681864291091574,-0.9065714146983955,0.8240677136308887,-0.4533025619332999,1.1379952573414867,0.019497423365032143,-1.5789228093916412,-1.5274399468819049,-1.5711291873012518
8580,0.8693128626488799,0.8817216424333439,0.14431693449478036,-1.2448467036897353,-0.38349979852741883,0.6904618077371967,0.3904266057482867,0.9528348172088437,0.9766662466380598,0.9087051351110781
8581,2.5570521835876163,0.06508561858584352,-0.38112724010180754,-1.2448467036897353,-2.477582700703819,2.033062156550067,0.8652712107528024,2.25437218863022,2.167430030969233,1.7731045274948052
8582,-0.5230720771255777,-1.5681864291091574,0.14431693449478036,-1.2448467036897353,-1.5701467764273809,1.5855287069457766,0.07490835679753494,-0.40219039139423235,-0.28414246618318095,-0.5083430491245388
8583,-1.0293938734071988,0.8817216424333439,1.7206494582845442,0.410284830166764,0.24472507212550018,-1.7262188201259687,0.021250597673059556,-1.2223372281803049,-1.1772153044315605,-1.1601852138729227
8584,0.4473780324141958,0.06508561858584352,1.1952052836879563,0.410284830166764,-2.5473854641097,0.6904618077371967,0.2942145247835095,0.7834566661334595,0.6964865326777845,0.398567788786256
8585,-1.0082971318954645,0.8817216424333439,1.1952052836879563,0.8240677136308887,-0.38349979852741883,-0.6521385410756733,0.03426658874780853,-1.1777640305288881,-1.1246816080640083,-1.1743556957152792
8586,0.5739584814846012,0.06508561858584352,-0.38112724010180754,0.410284830166764,0.24472507212550018,0.6904618077371967,0.28815810444668755,0.738883468482042,0.6877309166165253,0.7386593530028038
8587,0.48957151543766425,0.06508561858584352,-1.4320155892949833,-0.8310638202256104,-2.058766120268543,2.033062156550067,0.21622483132338097,0.7567127475426092,0.6789753005552669,0.44107923431332485
8588,0.23641061729685378,-0.751550405261657,1.1952052836879563,1.6516334805591384,1.6407803402430954,0.2429283581329067,0.23715667003134464,0.3288100500890057,0.28497257779862883,0.5119316435251055
8589,0.4473780324141958,-1.5681864291091574,0.6697611090913683,-1.2448467036897353,0.1749223087196192,-1.5472054402842532,0.20655580938213888,0.5605906778763746,0.6789753005552669,0.6394659801063115
8590,-0.9028134243367935,0.8817216424333439,-1.4320155892949833,0.410284830166764,0.1749223087196192,-0.2046050914713833,0.043085586782128246,-1.0083858794535039,-0.9670805189613535,-0.9617984680799367
8591,1.7131825231182485,0.06508561858584352,-0.38112724010180754,-0.8310638202256104,-0.24389427171566183,2.033062156550067,0.4114646974446156,1.6125181424498154,1.5282700584973534,1.5322063361747504
8592,-0.8395231998015908,-1.5681864291091574,-1.4320155892949833,-1.2448467036897353,0.8031471793725382,0.2429283581329067,0.03756043138713276,-0.9103248446203863,-0.8707687422875084,-0.8059231678140184
8593,-0.8184264582898567,0.8817216424333439,-1.4320155892949833,-0.8310638202256104,0.7333444159666572,-0.2046050914713833,0.046538808904000424,-0.8924955655598191,-0.9057912065325429,-0.8200936496563749
8594,-0.5230720771255777,-0.751550405261657,-1.4320155892949833,0.410284830166764,-1.360738486209743,1.5855287069457766,0.09004940763958987,-0.39327575186394914,-0.3629430107345084,-0.5225135309668953
8595,3.000083755334036,1.6983576662808442,-0.38112724010180754,-0.0034980532973608127,5.828946144595895,-1.0996719906799632,0.3487223078149073,1.8175548516463331,1.7559160760900774,2.694185847247957
8596,-0.9450069073602619,0.8817216424333439,-0.9065714146983955,0.410284830166764,-0.5929080887450618,-0.2046050914713833,0.05647346331615577,-1.0529590771049209,-1.072147911696457,-1.1035032865034986
8597,1.7131825231182485,0.8817216424333439,0.6697611090913683,0.410284830166764,0.5239361257490193,-0.2046050914713833,0.5364713382563885,1.5679449447983984,1.4844919781910597,1.588888263544175
8598,0.8693128626488799,0.8817216424333439,1.1952052836879563,0.410284830166764,0.1749223087196192,-0.6521385410756733,0.4147054135897572,1.0152372939208278,0.9066213181479907,0.97955754432286
8599,1.0380867947427537,0.8817216424333439,0.14431693449478036,-0.8310638202256104,-0.03448598149801883,-1.5472054402842532,0.3458003506348616,1.202444724056779,1.0992448714956808,1.1354328445887771
8600,0.8482161211371456,-0.751550405261657,-0.38112724010180754,-1.2448467036897353,1.2917665232137003,-0.2046050914713833,0.3174308027413271,0.9439201776785605,0.8803544699642155,1.0787509172193523
8601,0.046539943691245755,0.8817216424333439,0.14431693449478036,-0.8310638202256104,0.4541333623431382,-1.5472054402842532,0.15002921957180046,0.25749293384673844,0.20617203324730138,0.28520393404740707
8602,0.21531387578511957,-0.751550405261657,0.14431693449478036,-0.8310638202256104,0.9427527061843003,-0.6521385410756733,0.18695213302874145,0.3466393291495729,0.39003997053373235,0.4835906798403931
8603,-0.9661036488719961,0.06508561858584352,0.14431693449478036,-0.8310638202256104,-0.03448598149801883,1.5855287069457766,0.030494607660840462,-1.115361553816904,-1.1334372241252668,-1.1176737683458546
8604,0.8693128626488799,0.8817216424333439,0.6697611090913683,-1.2448467036897353,0.4541333623431382,-0.2046050914713833,0.29878340328321734,0.9884933753299773,0.9153769342092499,1.0078985080075717
8605,0.8482161211371456,-1.5681864291091574,0.14431693449478036,-0.8310638202256104,1.0125554695901813,0.2429283581329067,0.23917547681028528,0.9350055381482772,0.8803544699642155,1.0362394716922834
8606,0.6161519645080696,-1.5681864291091574,-0.38112724010180754,-1.2448467036897353,-0.03448598149801883,0.6904618077371967,0.25761037029166445,0.7121395498911923,0.7490202290453358,0.7244888711604479
8607,-0.6285557846842488,-0.751550405261657,0.14431693449478036,1.6516334805591384,1.9199913938666193,2.1673221914313525,0.08914625723848484,-0.723117414484435,-0.704412037123595,-0.5225135309668953
8608,-1.0293938734071988,0.8817216424333439,1.1952052836879563,0.410284830166764,0.1749223087196192,-0.2046050914713833,0.03708229293948892,-1.2134225886500216,-1.2209933847378536,-1.1885261775576352
8609,1.5233118495126405,0.06508561858584352,-0.38112724010180754,0.8240677136308887,-0.24389427171566183,0.2429283581329067,0.6118047070073845,1.3985667937230135,1.493247594252319,1.4330129632782567
8610,-1.0293938734071988,0.06508561858584352,0.14431693449478036,0.410284830166764,-1.919160593456781,0.6904618077371967,0.042607448334484405,-1.124276193347188,-1.1334372241252668,-1.2877195504541288
8611,-1.1770710639893383,-1.5681864291091574,-0.9065714146983955,1.2378505970950135,0.1051195453137382,-1.5472054402842532,0.02613823513786325,-1.5521788908007907,-1.5011730986981295,-1.5002767780894712
8612,-0.20662095444956474,-1.5681864291091574,-0.9065714146983955,-1.2448467036897353,-2.477582700703819,1.1379952573414867,0.14243213090368168,0.0167976665290871,0.04857094414464647,-0.25327437596212804
8613,0.5528617399728669,0.8817216424333439,-0.38112724010180754,0.410284830166764,-0.38349979852741883,-1.0996719906799632,0.2803485098018382,0.7477981080123259,0.7665314611678535,0.6961479074757362
8614,-0.5230720771255777,-1.5681864291091574,0.14431693449478036,-1.2448467036897353,1.0823582329960573,0.2429283581329067,0.07698029007065824,-0.4645928681062164,-0.4855216355921296,-0.35246774885862103
8615,0.5528617399728669,0.8817216424333439,1.1952052836879563,0.410284830166764,0.7333444159666572,-1.0996719906799632,0.38038569834776603,0.6764809917700587,0.6789753005552669,0.7670003166875169
8616,0.23641061729685378,0.8817216424333439,0.6697611090913683,-0.8310638202256104,-0.10428874490389983,-0.2046050914713833,0.16118578335015674,0.4447003639826906,0.44257366690128447,0.4269087524709683
8617,-1.0082971318954645,0.8817216424333439,-1.4320155892949833,1.6516334805591384,-0.6627108521509428,-0.6521385410756733,0.04446687563087712,-1.1599347514683216,-1.1246816080640083,-1.1885261775576352
8618,-1.0082971318954645,0.8817216424333439,-0.9065714146983955,-1.2448467036897353,-0.38349979852741883,-0.6521385410756733,0.0379323168464113,-1.1421054724077544,-1.1071703759414915,-1.146014732030567
8619,-1.1348775809658698,-0.751550405261657,-1.4320155892949833,1.6516334805591384,0.9427527061843003,0.6904618077371967,0.03182277001540668,-1.507605693149374,-1.4486394023305773,-1.3869129233506219
8620,-0.6074590431725145,0.8817216424333439,-1.4320155892949833,0.410284830166764,0.7333444159666572,-0.6521385410756733,0.09206821441853053,-0.5269953448182004,-0.5468109480209394,-0.451661121755114
8621,1.6920857816065142,0.8817216424333439,-1.4320155892949833,-0.8310638202256104,0.6635416525607812,-1.591958785244683,0.5736598841842426,1.5144571076166977,1.537025674558612,1.6172292272288868
8622,-0.03784702235569092,0.06508561858584352,0.6697611090913683,-1.2448467036897353,-0.6627108521509428,1.1379952573414867,0.1262816766721564,0.21291973619532162,0.17990518506352607,0.11515815193913284
8623,-1.0293938734071988,0.8817216424333439,-0.9065714146983955,-1.2448467036897353,-0.5231053253391809,-0.2046050914713833,0.030335228178292515,-1.2045079491197386,-1.1597040723090428,-1.2168671412423475
8624,0.21531387578511957,-1.5681864291091574,-0.38112724010180754,-0.8310638202256104,1.6407803402430954,0.6904618077371967,0.17292673856452212,0.21291973619532162,0.293728193859888,0.4552497161556807
8625,-0.8395231998015908,0.8817216424333439,-0.9065714146983955,0.410284830166764,0.7333444159666572,-0.2046050914713833,0.055782818891781334,-0.9014102050901031,-0.9233024386550606,-0.8342641314987308
8626,-1.0082971318954645,0.06508561858584352,1.7206494582845442,-1.2448467036897353,-0.10428874490389983,0.2429283581329067,0.025500717207671466,-1.1866786700591714,-1.2034821526153359,-1.1885261775576352
8627,1.1013770192779564,0.8817216424333439,1.1952052836879563,0.8240677136308887,-0.24389427171566183,-1.5472054402842532,0.5161238909844339,1.2113593635870623,1.2218234963533012,1.177944290115846
8628,-0.9872003903837303,-1.5681864291091574,1.7206494582845442,1.6516334805591384,0.24472507212550018,-0.6521385410756733,0.026510120597141796,-1.1510201119380377,-1.1246816080640083,-1.1035032865034986
8629,-0.8817166828250593,0.06508561858584352,0.6697611090913683,0.8240677136308887,-1.1513301959920998,1.1379952573414867,0.041332412474100834,-0.9014102050901031,-0.9408136707775774,-1.0184803954493615
8630,-0.1855242129378305,-1.5681864291091574,-0.9065714146983955,0.8240677136308887,0.5239361257490193,0.2429283581329067,0.17707060511076875,-0.045604810182896936,-0.021473984345422546,0.03013526088499571
8631,2.5359554420758825,0.06508561858584352,0.14431693449478036,-1.2448467036897353,-2.058766120268543,1.5855287069457766,0.9122881581044466,2.2811161072210693,2.18494126309175,1.872297900391299
8632,0.6583454475315381,0.8817216424333439,1.1952052836879563,0.8240677136308887,-0.31369703512154284,-1.0996719906799632,0.49200446262551134,0.8369445033151597,0.8540876217804394,0.7953412803722286
8633,-0.8184264582898567,0.8817216424333439,0.14431693449478036,1.2378505970950135,-1.0117246691803428,-0.6521385410756733,0.0687988099665303,-0.8300930888478358,-0.7744569656136641,-0.8909460588681556
8634,-1.0293938734071988,0.06508561858584352,1.1952052836879563,0.410284830166764,-1.360738486209743,1.1379952573414867,0.03708229293948892,-1.1599347514683216,-1.1684596883703013,-1.2735490686117723
8635,1.481118366489172,0.06508561858584352,0.14431693449478036,0.410284830166764,-0.5929080887450618,1.1379952573414867,0.735961323912235,1.5055424680864145,1.4144470497009907,1.362160554066476
8636,-0.9239101658485277,0.8817216424333439,-0.9065714146983955,0.410284830166764,-0.4533025619332999,-0.2046050914713833,0.05812038463581788,-0.9905566003929368,-1.0108585992676464,-1.0326508772917173
8637,-0.6074590431725145,0.8817216424333439,0.6697611090913683,0.410284830166764,-0.8023163789626999,-0.2046050914713833,0.05631408383360782,-0.5091660657576332,-0.4592547874083535,-0.5650249764939635
8638,0.21531387578511957,-0.751550405261657,1.1952052836879563,-0.8310638202256104,1.1521609964019384,0.6904618077371967,0.17547681028528928,0.2753222129073057,0.3024838099211465,0.4269087524709683
8639,-0.1011372468908936,0.8817216424333439,0.6697611090913683,0.8240677136308887,0.1051195453137382,-1.5024520953238236,0.13621633108431175,0.07920014324107114,0.10110464051219785,0.10098767009677634
8640,-0.5652655601490462,0.8817216424333439,-0.9065714146983955,-1.2448467036897353,0.3145278355313812,-0.6521385410756733,0.0931307443021835,-0.4467635890456492,-0.4767660195308704,-0.4233201580704017
8641,-0.1855242129378305,-0.751550405261657,-1.4320155892949833,-0.8310638202256104,-2.756793754327343,1.1379952573414867,0.11767518461456729,0.11485870136220476,0.08359340838968098,-0.22493341227741567
8642,2.029633645794261,0.06508561858584352,1.7206494582845442,0.8240677136308887,0.1749223087196192,0.2429283581329067,0.5937948254794666,1.7908109330554836,1.7208936118450429,1.7731045274948052
8643,0.21531387578511957,-0.751550405261657,0.14431693449478036,-1.2448467036897353,1.5011748134313383,0.6904618077371967,0.21208096477713437,0.3198954105587225,0.28497257779862883,0.4835906798403931
8644,0.4262812909024616,1.6983576662808442,-0.38112724010180754,-0.8310638202256104,4.2234825862606575,-1.9947388898885432,0.1344100302821017,0.3109807710284393,0.2499501135535943,0.7953412803722286
8645,2.9789870138223007,0.06508561858584352,1.1952052836879563,-0.8310638202256104,0.4541333623431382,1.1379952573414867,0.9310418105509217,2.325689304872487,2.2374749594593006,2.3399238011890526
8646,-0.20662095444956474,0.8817216424333439,0.14431693449478036,-1.2448467036897353,-0.10428874490389983,-1.0996719906799632,0.14907294267651278,-0.009946252061763314,0.0047928638383535295,-0.012376184642073167
8647,-0.9239101658485277,0.06508561858584352,-0.9065714146983955,0.410284830166764,-0.8721191423685809,0.2429283581329067,0.05812038463581788,-0.9816419608626535,-0.9933473671451296,-1.0609918409764298
8648,-0.12223398840262782,0.06508561858584352,-1.4320155892949833,-0.8310638202256104,-1.919160593456781,-1.0996719906799632,0.13000053126494182,0.2664075733770225,0.17990518506352607,-0.012376184642073167
8649,0.9536998286958168,0.06508561858584352,0.6697611090913683,-1.2448467036897353,0.4541333623431382,0.2429283581329067,0.3049460766084046,1.0330665729813941,0.9766662466380598,1.0645804353769965
8650,-0.5441688186373119,0.06508561858584352,-0.38112724010180754,0.410284830166764,0.5937388891549003,0.2429283581329067,0.07644902512883175,-0.48242214716678283,-0.5030328677146465,-0.4233201580704017
8651,-0.5863623016607803,-1.5681864291091574,0.14431693449478036,0.410284830166764,-0.9419219057744619,-0.6521385410756733,0.08399298730276789,-0.4111050309245164,-0.38920985891828447,-0.4941725672821829
8652,3.6751794837095297,0.8817216424333439,0.6697611090913683,-0.8310638202256104,-0.24389427171566183,-1.5472054402842532,0.6740158316952665,2.7625066418563735,2.666500146460973,2.6516744017208884
8653,-0.12223398840262782,-1.5681864291091574,1.7206494582845442,0.410284830166764,0.38433059893725724,-1.0996719906799632,0.1050842054932795,0.05245622465022072,0.08359340838968098,0.11515815193913284
8654,-0.8606199413133251,0.8817216424333439,1.1952052836879563,-1.2448467036897353,-0.24389427171566183,-1.0996719906799632,0.048823248153854325,-0.9192394841506695,-0.8707687422875084,-0.9051165407105121
8655,-1.050490614918933,0.8817216424333439,1.7206494582845442,0.8240677136308887,0.1749223087196192,-0.2046050914713833,0.021834989109068694,-1.293654344422572,-1.256015848982888,-1.24520810492706
8656,-0.8606199413133251,-1.5681864291091574,0.14431693449478036,0.8240677136308887,0.1749223087196192,-0.6521385410756733,0.05158582585135207,-0.9014102050901031,-0.9583249029000951,-0.9051165407105121
8657,1.1857639853248934,-0.751550405261657,1.1952052836879563,-1.2448467036897353,1.4313720500254572,-1.0996719906799632,0.4058332890612548,1.1043836892236614,1.055466791189388,1.2771376630123397
8658,-0.20662095444956474,-1.5681864291091574,-0.38112724010180754,-0.8310638202256104,-0.7325136155568189,-0.2046050914713833,0.10933432502789141,-0.009946252061763314,0.013548479899611962,-0.0832285938538538
8659,0.8271193796254115,0.06508561858584352,1.7206494582845442,-0.8310638202256104,-2.337977173892062,1.1379952573414867,0.22302502257876003,1.1132983287539453,1.0379555590668703,0.7386593530028038
8660,0.4262812909024616,0.06508561858584352,0.14431693449478036,-0.8310638202256104,0.5937388891549003,0.2429283581329067,0.22074058332890611,0.5695053174066579,0.5038629793300943,0.6111250164215991
8661,-1.0293938734071988,-0.751550405261657,0.14431693449478036,0.410284830166764,1.1521609964019384,-0.6521385410756733,0.033204058864155554,-1.2847397048922888,-1.2385046168603704,-1.146014732030567
8662,-1.0082971318954645,0.8817216424333439,-0.38112724010180754,-0.4172809367614856,-0.4533025619332999,-0.6521385410756733,0.05928916750783616,-1.1331908328774714,-1.1246816080640083,-1.1601852138729227
8663,0.48957151543766425,0.8817216424333439,0.14431693449478036,-1.2448467036897353,0.4541333623431382,-0.2046050914713833,0.3282154810604048,0.6675663522397756,0.617685988126457,0.6961479074757362
8664,0.46847477392593007,0.06508561858584352,1.1952052836879563,1.6516334805591384,0.5937388891549003,0.6904618077371967,0.40386760877649686,0.6051638755277915,0.6351972202489738,0.6961479074757362
8665,-0.22771769596129895,-0.751550405261657,1.1952052836879563,0.8240677136308887,-0.6627108521509428,2.928129055758647,0.11698454019019285,0.03462694558965351,-0.06525206465171549,-0.09739907569620966
8666,-0.6074590431725145,0.8817216424333439,-0.9065714146983955,0.8240677136308887,-0.5929080887450618,-0.2046050914713833,0.0980183817669872,-0.4735075076364996,-0.49427725165338804,-0.5366840128092512
8667,-0.9028134243367935,0.06508561858584352,-0.9065714146983955,0.410284830166764,-0.8721191423685809,0.6904618077371967,0.04218243638102322,-0.9548980422718031,-0.9145468225938014,-1.004309913607005
8668,-0.5652655601490462,0.8817216424333439,0.14431693449478036,0.410284830166764,-0.17409150830978082,-1.0996719906799632,0.08664931201190033,-0.4735075076364996,-0.4067210910408021,-0.451661121755114
8669,-0.14333072991436205,0.8817216424333439,-1.4320155892949833,-0.8310638202256104,0.035316781907857205,0.2429283581329067,0.14901981618233012,0.03462694558965351,0.06608217626716334,0.058476224569708087
8670,-0.9239101658485277,0.06508561858584352,-1.4320155892949833,0.410284830166764,0.5239361257490193,0.2429283581329067,0.046645061892365725,-1.0351297980443537,-1.0633922956351987,-0.9901394317646491
8671,-1.0082971318954645,-1.5681864291091574,1.1952052836879563,-1.2448467036897353,0.8729499427784192,-0.6521385410756733,0.02534133772512352,-1.2312518677105888,-1.185970920492819,-1.1176737683458546
8672,-0.20662095444956474,0.06508561858584352,-1.4320155892949833,0.8240677136308887,0.8031471793725382,1.1379952573414867,0.1477979068161292,-0.09909264736459697,-0.170319457386819,-0.040717148326785545
8673,-0.7973297167781225,0.8817216424333439,-1.4320155892949833,1.6516334805591384,0.035316781907857205,-0.6521385410756733,0.06460181692610105,-0.8479223679084023,-0.818235045919957,-0.8200936496563749
8674,-0.6285557846842488,0.8817216424333439,1.1952052836879563,0.8240677136308887,0.1749223087196192,-1.5472054402842532,0.08335546937257611,-0.5537392634090501,-0.5117884837759049,-0.5083430491245388
8675,-0.1011372468908936,0.8817216424333439,-1.4320155892949833,0.410284830166764,-0.03448598149801883,-0.6521385410756733,0.17032354034957234,0.09702942230163755,0.10986025657345705,0.10098767009677634
8676,0.4473780324141958,0.06508561858584352,-1.4320155892949833,-0.8310638202256104,0.7333444159666572,-0.2046050914713833,0.2153748074164586,0.6051638755277915,0.547641059636388,0.6678069437910232
8677,1.5022151080009063,-0.751550405261657,1.7206494582845442,0.410284830166764,1.3615692866195812,0.6904618077371967,0.38288264357435053,1.2381032821779128,1.283112808782112,1.4471834451206125
8678,0.27860410032032223,0.8817216424333439,-1.4320155892949833,-1.2448467036897353,0.1051195453137382,-0.6521385410756733,0.3183339531424321,0.4536150035129738,0.4688405150850598,0.4694201979980372
8679,-1.0293938734071988,-1.5681864291091574,-1.4320155892949833,0.410284830166764,-0.03448598149801883,0.2429283581329067,0.036126016044201244,-1.2669104258317225,-1.2209933847378536,-1.231037623084704
8680,1.7342792646299827,0.06508561858584352,0.6697611090913683,0.410284830166764,-1.1513301959920998,0.6904618077371967,0.566806566434681,1.6927498982223659,1.6333374512324563,1.4755244088053256
8681,0.48957151543766425,0.06508561858584352,1.1952052836879563,0.8240677136308887,0.3145278355313812,0.6904618077371967,0.3521224034425968,0.6051638755277915,0.6351972202489738,0.6536364619486673
8682,-0.1011372468908936,0.06508561858584352,-0.9065714146983955,-0.8310638202256104,-0.8023163789626999,-0.6521385410756733,0.12415661690485044,0.186175817604472,0.14488272081849157,0.07264670641206396
8683,0.5317649984611327,-1.5681864291091574,1.1952052836879563,-1.2448467036897353,-1.8493578300509,-0.2046050914713833,0.23529724273495192,0.801285945194026,0.871598853902957,0.5827840527368867
8684,-0.9661036488719961,0.8817216424333439,-1.4320155892949833,-1.2448467036897353,0.24472507212550018,-1.0996719906799632,0.0406417680497264,-1.0886176352260544,-1.1071703759414915,-1.0609918409764298
8685,0.4473780324141958,1.6983576662808442,-0.9065714146983955,-1.2448467036897353,0.5937388891549003,-0.2046050914713833,0.29899590925994796,0.3644686082101393,0.4250624347787669,0.4694201979980372
8686,-1.0082971318954645,0.06508561858584352,1.1952052836879563,0.410284830166764,-0.38349979852741883,0.6904618077371967,0.0382510758115072,-1.1777640305288881,-1.185970920492819,-1.2026966593999917
8687,0.4262812909024616,0.06508561858584352,1.1952052836879563,0.410284830166764,0.38433059893725724,0.2429283581329067,0.27848908250544546,0.5516760383460907,0.48635174720757746,0.5686135708945302
8688,-0.7129427507311856,0.8817216424333439,1.7206494582845442,-0.4172809367614856,0.035316781907857205,-0.6521385410756733,0.06486744939701429,-0.6696295773027342,-0.6869008050010774,-0.6642183493904572
8689,0.4473780324141958,0.06508561858584352,0.14431693449478036,1.6516334805591384,0.1749223087196192,0.2429283581329067,0.4532752483663603,0.5605906778763746,0.6264416041877154,0.6111250164215991
8690,-1.0293938734071988,-0.751550405261657,-0.9065714146983955,-1.2448467036897353,1.3615692866195812,-1.5472054402842532,0.038888593741698986,-1.2312518677105888,-1.2472602329216296,-1.1035032865034986
8691,-1.0293938734071988,0.06508561858584352,1.1952052836879563,0.410284830166764,-1.360738486209743,1.1379952573414867,0.028900812835360994,-1.1866786700591714,-1.142192840186526,-1.2735490686117723
8692,1.5233118495126405,0.8817216424333439,1.1952052836879563,-1.2448467036897353,-1.0117246691803428,-0.2046050914713833,0.585878977846252,1.648176700570949,1.5282700584973534,1.4188424814359009
8693,0.6583454475315381,0.8817216424333439,-0.9065714146983955,1.2378505970950135,-0.10428874490389983,-1.0996719906799632,0.7792062901769112,0.86368842190601,0.8278207735966633,0.8236822440569416
8694,-0.1011372468908936,0.8817216424333439,-0.38112724010180754,-1.2448467036897353,0.1051195453137382,-1.0996719906799632,0.1599638739839558,0.07920014324107114,0.10110464051219785,0.10098767009677634
8695,-1.0082971318954645,0.8817216424333439,-0.38112724010180754,-0.4172809367614856,-0.10428874490389983,-1.0996719906799632,0.04324496626467619,-1.1777640305288881,-1.1509484562477845,-1.1601852138729227
8696,0.8693128626488799,-1.5681864291091574,0.6697611090913683,-0.8310638202256104,0.24472507212550018,0.6904618077371967,0.2545290336290708,0.9528348172088437,0.985421862699319,0.9937280261652158
8697,-1.050490614918933,0.8817216424333439,0.6697611090913683,0.8240677136308887,0.1749223087196192,0.2429283581329067,0.026085108643680605,-1.293654344422572,-1.256015848982888,-1.24520810492706
8698,2.5570521835876163,0.8817216424333439,1.7206494582845442,-0.8310638202256104,-0.6627108521509428,-0.2046050914713833,0.7040854274026457,2.1563111537971027,2.097385102479164,1.9998322369725041
8699,-1.0293938734071988,-1.5681864291091574,-0.9065714146983955,-1.2448467036897353,-0.9419219057744619,1.1379952573414867,0.026935132550602987,-1.1866786700591714,-1.1334372241252668,-1.231037623084704
8700,-0.1855242129378305,0.06508561858584352,-0.38112724010180754,-0.4172809367614856,-1.081527432586219,1.5855287069457766,0.17978005631408384,0.06137086418050393,0.022304095960870397,-0.0832285938538538
8701,-0.14333072991436205,0.8817216424333439,1.1952052836879563,-1.2448467036897353,0.38433059893725724,-1.5472054402842532,0.12330659299792807,0.07028550371078714,0.03981532808338804,0.10098767009677634
8702,-0.1855242129378305,-1.5681864291091574,1.1952052836879563,0.410284830166764,0.38433059893725724,2.4805956061543566,0.12405036391648515,-0.02777553112232973,-0.08276329677423314,-0.012376184642073167
8703,0.4473780324141958,-1.5681864291091574,-1.4320155892949833,-1.2448467036897353,0.7333444159666572,1.1379952573414867,0.2726451681453541,0.578419956936941,0.5739079078201633,0.6678069437910232
8704,1.2701509513718297,-0.751550405261657,-0.38112724010180754,-0.8310638202256104,0.5239361257490193,-0.2046050914713833,0.3716729533018116,1.1935300845264958,1.2043122642307844,1.2629671811699825
8705,2.9578902723105673,0.06508561858584352,1.7206494582845442,0.8240677136308887,-0.03448598149801883,0.6904618077371967,0.8002975083674229,2.2900307467513543,2.2812530397655943,2.254900910134915
8706,-0.20662095444956474,1.6983576662808442,-0.9065714146983955,-1.2448467036897353,2.1992024474901433,2.928129055758647,0.12495351431759018,-0.14366584501601382,-0.20534192163185352,0.07264670641206396
8707,-0.9239101658485277,0.8817216424333439,-0.9065714146983955,-1.2448467036897353,-1.0117246691803428,-0.6521385410756733,0.035222865643096214,-0.99947123992322,-0.9495692868388359,-1.0609918409764298
8708,-0.9239101658485277,0.8817216424333439,0.14431693449478036,0.8240677136308887,0.5239361257490193,-0.2046050914713833,0.04191680391010997,-1.0707883561654872,-1.0283698313901641,-0.9901394317646491
8709,-1.0082971318954645,0.06508561858584352,-0.38112724010180754,-0.4172809367614856,0.035316781907857205,0.2429283581329067,0.0405355150613611,-1.2312518677105888,-1.1772153044315605,-1.1885261775576352
8710,1.9241499382355902,-1.5681864291091574,1.7206494582845442,0.8240677136308887,0.1051195453137382,0.6904618077371967,0.5540030813366625,1.6660059796315154,1.7121379957837843,1.6880816364406688
8711,0.004346460667777534,-1.5681864291091574,-0.9065714146983955,0.410284830166764,-0.8023163789626999,2.4805956061543566,0.18163948361047655,0.186175817604472,0.14488272081849157,0.07264670641206396
8712,-0.8395231998015908,0.8817216424333439,1.1952052836879563,0.410284830166764,-0.5929080887450618,0.2429283581329067,0.04382935770068533,-0.8657516469689694,-0.8269906619812155,-0.8909460588681556
8713,-1.050490614918933,0.06508561858584352,-0.9065714146983955,0.8240677136308887,-0.7325136155568189,0.2429283581329067,0.035116612654730914,-1.240166507240872,-1.2034821526153359,-1.2735490686117723
8714,0.5528617399728669,0.8817216424333439,0.14431693449478036,1.6516334805591384,0.24472507212550018,-0.2046050914713833,0.48440737395739253,0.7210541894214756,0.6702196844940084,0.7244888711604479
8715,-0.20662095444956474,-0.751550405261657,0.14431693449478036,-1.2448467036897353,1.4313720500254572,1.1379952573414867,0.12755671253253997,-0.11692192642516418,-0.09151891283549156,0.058476224569708087
8716,0.9326030871840826,0.06508561858584352,-0.9065714146983955,-1.2448467036897353,0.4541333623431382,0.6904618077371967,0.3977049354513096,1.0063226543905446,0.9503993984542844,1.0362394716922834
8717,-0.9872003903837303,0.06508561858584352,-1.4320155892949833,0.410284830166764,-0.4533025619332999,0.6904618077371967,0.038410455294055144,-1.1421054724077544,-1.0896591438189738,-1.146014732030567
8718,-0.1644274714260963,-1.5681864291091574,-0.38112724010180754,-0.8310638202256104,0.4541333623431382,0.6904618077371967,0.1147532274345216,-0.054519449713180144,-0.021473984345422546,0.015964779042639207
8719,-0.8184264582898567,0.8817216424333439,0.14431693449478036,0.410284830166764,-1.221132959397981,-0.6521385410756733,0.04584816447962599,-0.8122638097872686,-0.7481901174298881,-0.8909460588681556
8720,-0.08004050537915937,0.8817216424333439,-1.4320155892949833,-0.8310638202256104,-0.17409150830978082,-0.2046050914713833,0.14237900440949902,0.08811478277135434,0.11861587263471549,0.08681718825442046
8721,0.23641061729685378,0.8817216424333439,-0.38112724010180754,0.410284830166764,0.5937388891549003,-0.2046050914713833,0.21425915103862297,0.4179564453918402,0.43381805084002606,0.4977611616827496
8722,1.5655053325361088,0.8817216424333439,1.1952052836879563,-0.8310638202256104,0.38433059893725724,1.1379952573414867,0.474047707591776,1.3896521541927305,1.4056914336397324,1.4471834451206125
8723,0.19421713427338533,1.6983576662808442,-0.38112724010180754,-0.0034980532973608127,-2.058766120268543,3.8231959549672268,0.07087074323965362,0.4268710849221234,0.3112394259824049,0.11515815193913284
8724,-0.9239101658485277,0.8817216424333439,1.1952052836879563,-1.2448467036897353,0.035316781907857205,-1.0996719906799632,0.038516708282420445,-1.0262151585140704,-0.9845917510838703,-0.9901394317646491
8725,-0.20662095444956474,-1.5681864291091574,-0.38112724010180754,-1.2448467036897353,1.0823582329960573,0.2429283581329067,0.10880306008606493,-0.10800728689488018,-0.08276329677423314,0.03013526088499571
8726,-0.6074590431725145,0.8817216424333439,-0.38112724010180754,-0.8310638202256104,0.1051195453137382,-1.5472054402842532,0.052223343781543856,-0.5359099843484837,-0.5117884837759049,-0.5083430491245388
8727,-1.1137808394541355,-1.5681864291091574,-1.4320155892949833,0.410284830166764,-1.5701467764273809,-0.6521385410756733,0.024969452265844978,-1.3649714606648393,-1.2472602329216296,-1.4294243688776906
8728,-1.0293938734071988,0.8817216424333439,-0.38112724010180754,-0.8310638202256104,-0.4533025619332999,-0.6521385410756733,0.022366254050895183,-1.1866786700591714,-1.1509484562477845,-1.2026966593999917
8729,-0.8817166828250593,0.06508561858584352,0.6697611090913683,-1.2448467036897353,-0.8721191423685809,0.2429283581329067,0.03963236466025607,-0.9014102050901031,-0.932058054716319,-0.9901394317646491
8730,-0.14333072991436205,0.8817216424333439,-0.38112724010180754,-0.4172809367614856,-0.10428874490389983,-1.0996719906799632,0.17946129734898794,0.06137086418050393,0.07483779232842254,0.058476224569708087
8731,-0.5863623016607803,0.8817216424333439,0.14431693449478036,-0.8310638202256104,0.24472507212550018,-1.0996719906799632,0.06327365457153482,-0.5269953448182004,-0.49427725165338804,-0.4800020854398264
8732,-1.0293938734071988,0.06508561858584352,0.14431693449478036,1.2378505970950135,-1.639949539833262,0.2429283581329067,0.05217021728736121,-1.1421054724077544,-1.1597040723090428,-1.2877195504541288
8733,0.9536998286958168,0.06508561858584352,-0.38112724010180754,-0.8310638202256104,-0.10428874490389983,-1.5472054402842532,0.3049460766084046,1.086554410163095,0.9766662466380598,1.0078985080075717
8734,0.4262812909024616,0.06508561858584352,0.14431693449478036,-1.2448467036897353,-0.7325136155568189,1.1379952573414867,0.2811454072145779,0.5962492359975082,0.547641059636388,0.4694201979980372
8735,-0.3964916280551725,-1.5681864291091574,1.1952052836879563,0.410284830166764,0.8729499427784192,0.2429283581329067,0.08898687775593689,-0.2952147170308315,-0.2666312340606641,-0.1824219667503468
8736,0.9115063456723483,-1.5681864291091574,0.14431693449478036,1.6516334805591384,0.4541333623431382,0.2429283581329067,0.5756255644690007,0.8993469800271436,1.0116887108830943,1.0220689898499276
8737,0.5317649984611327,0.06508561858584352,-0.38112724010180754,-1.2448467036897353,-1.7097523032391428,0.2429283581329067,0.2741858364766509,0.8191152242545933,0.7665314611678535,0.5544430890521743
8738,-1.050490614918933,0.06508561858584352,-0.9065714146983955,0.410284830166764,-0.03448598149801883,0.6904618077371967,0.04839823620039314,-1.293654344422572,-1.299793929289181,-1.2877195504541288
8739,1.059183536254488,-1.5681864291091574,0.14431693449478036,-1.2448467036897353,-0.17409150830978082,0.2429283581329067,0.40200818148010414,1.1222129682842286,1.1605341839244907,1.1070918809040653
8740,1.396731400442235,0.06508561858584352,1.1952052836879563,-0.8310638202256104,-1.5701467764273809,0.6904618077371967,0.4213462253625883,1.4342253518441472,1.3619133533334393,1.149603326431133
8741,-0.8395231998015908,0.8817216424333439,-0.9065714146983955,0.410284830166764,-0.31369703512154284,-0.2046050914713833,0.055782818891781334,-0.8568370074386863,-0.8620131262262499,-0.8767755770257997
8742,-0.9872003903837303,-1.5681864291091574,0.14431693449478036,0.410284830166764,0.4541333623431382,-0.2046050914713833,0.03538224512564416,-1.1955933095894553,-1.142192840186526,-1.1176737683458546
8743,-0.12223398840262782,-1.5681864291091574,0.14431693449478036,-0.8310638202256104,-1.5003440130215,1.1379952573414867,0.12208468363172714,0.10594406183192076,0.23243888143107744,-0.012376184642073167
8744,-0.6285557846842488,-0.751550405261657,0.14431693449478036,0.410284830166764,-2.826596517733219,1.5855287069457766,0.0863836795409871,-0.40219039139423235,-0.424232323163319,-0.7067297949175254
8745,-1.0293938734071988,0.8817216424333439,1.1952052836879563,-0.4172809367614856,-0.17409150830978082,-0.2046050914713833,0.044626255113425065,-1.2312518677105888,-1.1947265365540773,-1.2168671412423475
8746,1.6287955570713115,0.8817216424333439,-1.4320155892949833,-0.8310638202256104,-0.24389427171566183,-0.6521385410756733,0.5604845136269457,1.5946888633892482,1.493247594252319,1.4896948906476815
8747,0.8482161211371456,-1.5681864291091574,-0.9065714146983955,-1.2448467036897353,0.5937388891549003,0.6904618077371967,0.42017744249057004,0.8726030614362933,0.8891100860254739,0.951216580638147
8748,-0.08004050537915937,0.8817216424333439,0.6697611090913683,-1.2448467036897353,0.38433059893725724,-0.2046050914713833,0.13143494660787336,0.07028550371078714,0.11861587263471549,0.1434991156238452
8749,0.29970084183205625,0.06508561858584352,-1.4320155892949833,-0.8310638202256104,-0.9419219057744619,0.6904618077371967,0.1996493651383945,0.5695053174066579,0.5301298275138704,0.4269087524709683
8750,0.5528617399728669,0.8817216424333439,-0.9065714146983955,1.6516334805591384,0.1749223087196192,-0.6521385410756733,0.640333634383467,0.7121395498911923,0.731508996922819,0.7386593530028038
8751,-0.9450069073602619,0.8817216424333439,-0.38112724010180754,1.2378505970950135,0.38433059893725724,-1.0996719906799632,0.04239494235775381,-1.0886176352260544,-1.0371254474514224,-1.0184803954493615
8752,0.48957151543766425,-1.5681864291091574,-0.9065714146983955,-1.2448467036897353,0.5239361257490193,0.6904618077371967,0.314721351538012,0.6408224336489251,0.6527084523714916,0.7103183893180921
8753,-0.1644274714260963,0.8817216424333439,1.1952052836879563,0.410284830166764,-0.31369703512154284,-0.6521385410756733,0.1572544227806407,0.03462694558965351,0.06608217626716334,0.015964779042639207
8754,-0.7340394922429198,0.8817216424333439,1.1952052836879563,1.2378505970950135,-0.17409150830978082,-0.2046050914713833,0.06890506295489561,-0.7320320540147182,-0.6869008050010774,-0.7209002767598819
8755,-0.14333072991436205,0.8817216424333439,-1.4320155892949833,0.410284830166764,0.6635416525607812,-0.6521385410756733,0.16347022260001062,0.0167976665290871,0.0573265602059049,0.11515815193913284
8756,0.02544320217951176,0.8817216424333439,-0.9065714146983955,-0.8310638202256104,0.1051195453137382,-1.5472054402842532,0.1678797216171705,0.2040050966650384,0.223683265369819,0.22852200667798234
8757,0.4262812909024616,0.8817216424333439,-1.4320155892949833,-0.0034980532973608127,0.035316781907857205,-0.6521385410756733,0.1904053551506136,0.6229931545883579,0.5651522917589049,0.5969545345792426
8758,-1.050490614918933,0.8817216424333439,-1.4320155892949833,1.2378505970950135,0.5937388891549003,-1.5472054402842532,0.04388248419486798,-1.293654344422572,-1.2472602329216296,-1.2026966593999917
8759,1.5022151080009063,0.8817216424333439,-0.38112724010180754,-1.2448467036897353,0.1051195453137382,0.2429283581329067,0.5363650852680232,1.425310712313864,1.4319582818235084,1.4330129632782567
8760,-0.5863623016607803,-1.5681864291091574,1.1952052836879563,-1.2448467036897353,0.7333444159666572,1.5855287069457766,0.06608935876321521,-0.5537392634090501,-0.5205440998371641,-0.451661121755114
8761,-0.8606199413133251,0.8817216424333439,0.14431693449478036,1.6516334805591384,0.035316781907857205,-1.0996719906799632,0.05827976411836583,-0.9370687632112367,-0.8620131262262499,-0.8767755770257997
8762,-1.050490614918933,0.8817216424333439,1.1952052836879563,1.6516334805591384,0.035316781907857205,-1.5472054402842532,0.03532911863146151,-1.2490811467711553,-1.2209933847378536,-1.2168671412423475
8763,0.23641061729685378,-0.751550405261657,0.14431693449478036,0.8240677136308887,1.2219637598078192,-0.6521385410756733,0.25622908144291556,0.3644686082101393,0.39003997053373235,0.5261021253674619
8764,-0.7762329752663882,0.8817216424333439,1.1952052836879563,0.8240677136308887,-0.4533025619332999,-0.6521385410756733,0.0500982840142379,-0.776605251666135,-0.7306788853073704,-0.7917526859716626
8765,-0.5230720771255777,0.8817216424333439,-1.4320155892949833,-1.2448467036897353,-0.7325136155568189,-0.2046050914713833,0.08239919247728843,-0.4111050309245164,-0.38045424285702606,-0.46583160359747056
8766,0.5528617399728669,-1.5681864291091574,-1.4320155892949833,0.410284830166764,-0.5231053253391809,1.1379952573414867,0.37608245231897147,0.7477981080123259,0.6964865326777845,0.6536364619486673
8767,-0.8606199413133251,-1.5681864291091574,0.14431693449478036,0.410284830166764,-2.337977173892062,2.033062156550067,0.043616851723954735,-0.8657516469689694,-0.8269906619812155,-1.0609918409764298
8768,-0.7762329752663882,0.8817216424333439,0.6697611090913683,1.2378505970950135,0.3145278355313812,-0.2046050914713833,0.05142644636880412,-0.7944345307267022,-0.8094794298586986,-0.7634117222869502
8769,0.21531387578511957,-1.5681864291091574,0.14431693449478036,-1.2448467036897353,0.38433059893725724,-1.0996719906799632,0.2098496520214631,0.3644686082101393,0.39003997053373235,0.4269087524709683
8770,-0.12223398840262782,0.06508561858584352,0.14431693449478036,-1.2448467036897353,-2.058766120268543,1.5855287069457766,0.10848430112096903,0.13268798042277116,0.07483779232842254,-0.13991052122327854
8771,0.48957151543766425,0.06508561858584352,0.14431693449478036,0.410284830166764,0.1749223087196192,0.2429283581329067,0.3444721882802954,0.685395631300342,0.6351972202489738,0.681977425633379
8772,0.8060226381136772,0.06508561858584352,1.7206494582845442,-0.8310638202256104,-0.31369703512154284,1.1379952573414867,0.22706263613664135,0.9795787357996941,0.9153769342092499,0.8945346532687222
8773,0.06763668520297998,0.8817216424333439,-0.9065714146983955,-1.2448467036897353,-0.17409150830978082,-1.9947388898885432,0.20894650162035808,0.3198954105587225,0.293728193859888,0.28520393404740707
8774,-0.08004050537915937,-1.5681864291091574,-1.4320155892949833,0.410284830166764,-0.5231053253391809,0.2429283581329067,0.16527652340222068,0.13268798042277116,0.17114956900226685,0.08681718825442046
8775,-0.3121046620082356,0.8817216424333439,-0.9065714146983955,1.2378505970950135,0.1051195453137382,-0.6521385410756733,0.2295064548690432,-0.17932440313714743,-0.15280822526430216,-0.1540810030656344
8776,-0.9239101658485277,0.8817216424333439,0.14431693449478036,0.8240677136308887,-1.1513301959920998,-0.2046050914713833,0.05381713860702332,-0.9459834027415199,-0.9758361350226119,-1.0609918409764298
8777,-0.1011372468908936,0.8817216424333439,1.1952052836879563,0.8240677136308887,0.38433059893725724,-0.2046050914713833,0.15794506720501514,0.08811478277135434,0.10986025657345705,0.1434991156238452
8778,0.7216356720667403,-0.751550405261657,1.1952052836879563,0.8240677136308887,1.1521609964019384,0.2429283581329067,0.37411677203421345,0.7834566661334595,0.8190651575354049,0.951216580638147
8779,-0.5652655601490462,0.8817216424333439,-0.38112724010180754,0.410284830166764,-0.03448598149801883,-0.6521385410756733,0.07623651915210115,-0.5002514262273501,-0.4592547874083535,-0.4800020854398264
8780,-0.6285557846842488,-1.5681864291091574,1.1952052836879563,1.6516334805591384,-0.8023163789626999,3.8231959549672268,0.10301227222015619,-0.5983124610604676,-0.5555665640821986,-0.6500478675481006
8781,-0.9872003903837303,0.8817216424333439,1.1952052836879563,1.2378505970950135,0.1749223087196192,-0.6521385410756733,0.046113796950539236,-1.1421054724077544,-1.0984147598802323,-1.0893328046611421
8782,1.586602074047843,0.06508561858584352,-0.38112724010180754,0.8240677136308887,-0.6627108521509428,1.1379952573414867,0.4565159645115019,1.6125181424498154,1.5457812906198702,1.4613539269629696
8783,0.046539943691245755,-1.5681864291091574,1.1952052836879563,0.410284830166764,0.24472507212550018,-0.6521385410756733,0.18743027147638527,0.186175817604472,0.2149276493085606,0.22852200667798234
8784,-1.050490614918933,0.06508561858584352,1.7206494582845442,0.410284830166764,0.3145278355313812,0.2429283581329067,0.01955054985921479,-1.293654344422572,-1.256015848982888,-1.231037623084704
8785,-0.41758836956690676,0.8817216424333439,-0.38112724010180754,0.8240677136308887,-0.31369703512154284,-1.0996719906799632,0.11953461191096,-0.23281224031884826,-0.21409753769311196,-0.25327437596212804
8786,1.8608597137003875,0.8817216424333439,1.1952052836879563,-1.2448467036897353,-0.10428874490389983,-1.0996719906799632,0.6415024172554853,1.7462377354040666,1.6683599154774906,1.6739111545983116
8787,-0.20662095444956474,1.6983576662808442,0.14431693449478036,0.410284830166764,2.618019027925419,-0.2046050914713833,0.12585666471869522,-0.161495124076581,-0.28414246618318095,0.07264670641206396
8788,-1.0926840979424013,-1.5681864291091574,0.14431693449478036,1.2378505970950135,0.8031471793725382,-0.2046050914713833,0.034107209265260584,-1.4273739373768235,-1.36983885777925,-1.316060514138841
8789,-0.1855242129378305,0.8817216424333439,0.6697611090913683,0.8240677136308887,-0.31369703512154284,-0.2046050914713833,0.13414439781118845,-0.0010316125314793153,0.013548479899611962,-0.040717148326785545
8790,-0.8395231998015908,0.8817216424333439,0.6697611090913683,-1.2448467036897353,-0.10428874490389983,-0.6521385410756733,0.031663390532858736,-0.9370687632112367,-0.8707687422875084,-0.9051165407105121
8791,0.7638291550902088,0.8817216424333439,-0.9065714146983955,-1.2448467036897353,0.1749223087196192,-0.6521385410756733,0.31403070711363756,0.91717625908771,0.871598853902957,0.9087051351110781
8792,-0.8395231998015908,0.06508561858584352,0.14431693449478036,0.8240677136308887,-0.9419219057744619,1.5855287069457766,0.055782818891781334,-0.8568370074386863,-0.8707687422875084,-0.9476279862375803
8793,-0.8184264582898567,0.06508561858584352,1.1952052836879563,0.410284830166764,-0.24389427171566183,0.6904618077371967,0.05636721032779047,-0.8390077283781191,-0.8620131262262499,-0.8626050951834432
8794,-0.4808785941021094,-1.5681864291091574,1.1952052836879563,0.410284830166764,0.24472507212550018,-0.2046050914713833,0.08542740264569941,-0.4111050309245164,-0.38045424285702606,-0.36663823070097756
8795,-0.8817166828250593,0.8817216424333439,1.1952052836879563,-1.2448467036897353,-0.10428874490389983,-1.5472054402842532,0.03771981086968071,-0.9370687632112367,-0.8970355904712844,-0.9192870225528679
8796,0.4473780324141958,0.8817216424333439,1.1952052836879563,0.410284830166764,-0.17409150830978082,-0.2046050914713833,0.34617223609414016,0.6764809917700587,0.6264416041877154,0.6252954982639549
8797,0.6161519645080696,0.06508561858584352,1.1952052836879563,-1.2448467036897353,0.035316781907857205,0.6904618077371967,0.22961270785740848,0.7656273870728924,0.6964865326777845,0.7386593530028038
8798,0.7216356720667403,0.8817216424333439,0.6697611090913683,-1.2448467036897353,-0.6627108521509428,0.2429283581329067,0.27073261435477874,0.8726030614362933,0.8803544699642155,0.7811707985298727
8799,-0.20662095444956474,0.8817216424333439,-1.4320155892949833,1.2378505970950135,0.1051195453137382,-0.6521385410756733,0.2835892259469798,-0.06343408924346336,-0.03898521646793941,-0.040717148326785545
8800,-0.1855242129378305,1.6983576662808442,-0.9065714146983955,-1.2448467036897353,2.3388079743018952,0.6904618077371967,0.12495351431759018,-0.1258365659554474,-0.15280822526430216,0.1293286337814887
8801,0.9958933117192852,-1.5681864291091574,1.1952052836879563,0.410284830166764,-1.0117246691803428,0.6904618077371967,0.45417839876746535,1.1043836892236614,1.186801032108267,0.9937280261652158
8802,0.4262812909024616,0.8817216424333439,1.1952052836879563,-1.2448467036897353,0.1749223087196192,-0.2046050914713833,0.2632949051692079,0.5873345964672243,0.5126185953913535,0.5686135708945302
8803,0.5528617399728669,-0.751550405261657,-1.4320155892949833,-0.8310638202256104,-2.058766120268543,1.5855287069457766,0.22615948573553632,0.801285945194026,0.8190651575354049,0.5261021253674619
8804,0.5528617399728669,0.8817216424333439,-0.38112724010180754,-1.2448467036897353,0.6635416525607812,-0.2046050914713833,0.2188811560325134,0.6675663522397756,0.6964865326777845,0.7670003166875169
8805,-0.5652655601490462,0.8817216424333439,-0.38112724010180754,0.410284830166764,-0.03448598149801883,-1.5472054402842532,0.08521489666896881,-0.4467635890456492,-0.4680104034696119,-0.451661121755114
8806,0.46847477392593007,-1.5681864291091574,-0.38112724010180754,0.410284830166764,-1.081527432586219,2.033062156550067,0.2834298464644318,0.6497370731792083,0.7052421487390429,0.5261021253674619
8807,-0.20662095444956474,0.06508561858584352,-0.38112724010180754,-1.2448467036897353,0.1051195453137382,0.6904618077371967,0.10035594751102375,-0.054519449713180144,0.0047928638383535295,-0.012376184642073167
8808,0.4473780324141958,1.6983576662808442,-1.4320155892949833,-1.2448467036897353,2.0595969206783815,-0.6521385410756733,0.2674387717154545,0.5427613988158074,0.4688405150850598,0.7670003166875169
8809,3.527502293127391,0.8817216424333439,1.7206494582845442,-0.8310638202256104,0.24472507212550018,-0.2046050914713833,0.8197418052382723,2.5931284907809897,2.4826322091745427,2.5524810288243946
8810,0.21531387578511957,0.8817216424333439,-0.38112724010180754,-1.2448467036897353,0.5239361257490193,-0.6521385410756733,0.2386442118684588,0.3644686082101393,0.39003997053373235,0.44107923431332485
8811,0.9326030871840826,-1.5681864291091574,0.14431693449478036,0.410284830166764,-0.5929080887450618,1.1379952573414867,0.47319768368485365,1.095469049693378,1.0467111751281288,0.97955754432286
8812,-0.8184264582898567,0.8817216424333439,1.1952052836879563,0.410284830166764,-0.24389427171566183,0.6904618077371967,0.05535780693832014,-0.8479223679084023,-0.8532575101649915,-0.8626050951834432
8813,-0.7762329752663882,0.06508561858584352,1.1952052836879563,0.410284830166764,-0.6627108521509428,0.6904618077371967,0.05912978802528821,-0.7320320540147182,-0.7657013495524049,-0.8059231678140184
8814,-0.8817166828250593,0.8817216424333439,0.14431693449478036,-0.8310638202256104,-0.5929080887450618,-0.6521385410756733,0.030175848695744568,-0.9281541236809527,-0.8707687422875084,-0.9476279862375803
8815,0.8693128626488799,1.6983576662808442,-0.38112724010180754,-1.2448467036897353,5.4799323275664955,-1.0996719906799632,0.20517452053339,0.6764809917700587,0.6001747560039394,1.3479900722241203
8816,0.8693128626488799,-1.5681864291091574,0.14431693449478036,0.410284830166764,0.8031471793725382,-1.5472054402842532,0.4464219306167986,0.9350055381482772,0.9503993984542844,1.0504099535346405
8817,-0.9872003903837303,0.8817216424333439,0.14431693449478036,0.8240677136308887,-0.38349979852741883,-0.6521385410756733,0.038410455294055144,-1.1331908328774714,-1.0896591438189738,-1.1318442501882104
8818,0.4262812909024616,-0.751550405261657,0.6697611090913683,-1.2448467036897353,2.687821791331295,-0.6521385410756733,0.2147372894862668,0.4447003639826906,0.49510736326883587,0.8095117622145858
8819,-0.9450069073602619,0.8817216424333439,-0.9065714146983955,-0.8310638202256104,0.3145278355313812,-0.6521385410756733,0.03554162460819211,-1.0529590771049209,-1.0633922956351987,-1.0184803954493615
8820,1.0802802777662222,-1.5681864291091574,1.7206494582845442,-1.2448467036897353,0.5239361257490193,-1.0996719906799632,0.2859267916910163,1.1043836892236614,1.1517785678632324,1.192114771958202
8821,3.12666420440444,-0.751550405261657,1.7206494582845442,-1.2448467036897353,1.3615692866195812,-1.0996719906799632,0.7554587472772671,2.272201467690786,2.2900086558268526,2.4957991014549696
8822,-0.8395231998015908,0.06508561858584352,-0.38112724010180754,0.8240677136308887,-0.31369703512154284,0.6904618077371967,0.054242150560484516,-0.8390077283781191,-0.8707687422875084,-0.8767755770257997
8823,-0.6074590431725145,-0.751550405261657,-1.4320155892949833,-1.2448467036897353,1.5011748134313383,-0.6521385410756733,0.07666153110556234,-0.5537392634090501,-0.5818334122659738,-0.40914967622804577
8824,-0.33320140351996985,-1.5681864291091574,-0.38112724010180754,-0.8310638202256104,1.7105831036489814,0.2429283581329067,0.06863943048398236,-0.2684707984399819,-0.2228531537543704,-0.054887630169141416
8825,-0.12223398840262782,-1.5681864291091574,-0.38112724010180754,0.8240677136308887,0.1051195453137382,0.7352151526976263,0.14391967274079584,0.007883026998803893,0.031059712022128826,0.03013526088499571
8826,-0.8395231998015908,-1.5681864291091574,1.7206494582845442,0.410284830166764,-0.5929080887450618,2.033062156550067,0.031663390532858736,-0.8924955655598191,-0.8532575101649915,-0.9192870225528679
8827,-0.8184264582898567,0.06508561858584352,1.1952052836879563,0.410284830166764,-0.03448598149801883,1.5855287069457766,0.05636721032779047,-0.8835809260295359,-0.9057912065325429,-0.8909460588681556
8828,-0.45978185259037524,0.06508561858584352,1.1952052836879563,1.6516334805591384,-0.17409150830978082,1.1379952573414867,0.10492482601073155,-0.3219586356216819,-0.35418739467325,-0.35246774885862103
8829,0.5317649984611327,0.8817216424333439,-0.38112724010180754,-0.4172809367614856,-0.38349979852741883,-1.0996719906799632,0.3893640758646337,0.7923713056637428,0.7490202290453358,0.7103183893180921
8830,0.4262812909024616,-1.5681864291091574,0.14431693449478036,-1.2448467036897353,-1.0117246691803428,1.5855287069457766,0.24544440312383786,0.578419956936941,0.6089303720651978,0.4552497161556807
8831,1.5655053325361088,0.8817216424333439,1.1952052836879563,0.410284830166764,-0.6627108521509428,-0.2046050914713833,0.8178823779418796,1.5233717471469816,1.510758826374836,1.404671999593545
8832,-0.4808785941021094,0.8817216424333439,-1.4320155892949833,-1.2448467036897353,-0.38349979852741883,-0.2046050914713833,0.08569303511661265,-0.3219586356216819,-0.3629430107345084,-0.3808087125433334
8833,-1.0082971318954645,-1.5681864291091574,-0.38112724010180754,-1.2448467036897353,0.9427527061843003,-1.5472054402842532,0.03060086064920576,-1.1688493909986049,-1.2034821526153359,-1.0893328046611421
8834,1.2701509513718297,0.8817216424333439,1.1952052836879563,0.410284830166764,-0.03448598149801883,-0.6521385410756733,0.5477872815172927,1.30942039842018,1.3268908890884048,1.3054786266970513
8835,-1.1137808394541355,0.8817216424333439,0.6697611090913683,0.8240677136308887,0.1051195453137382,-1.5472054402842532,0.022950645486904318,-1.4184592978465402,-1.3523276256567323,-1.3585719596659094
8836,1.5022151080009063,0.8817216424333439,-0.38112724010180754,-1.2448467036897353,0.38433059893725724,-0.6521385410756733,0.48972002337565745,1.3896521541927305,1.4056914336397324,1.4471834451206125
8837,-0.8606199413133251,-1.5681864291091574,0.14431693449478036,0.410284830166764,-2.058766120268543,0.6904618077371967,0.043616851723954735,-0.8300930888478358,-0.791968197736181,-1.004309913607005
8838,0.48957151543766425,0.06508561858584352,-0.38112724010180754,-0.8310638202256104,0.38433059893725724,0.6904618077371967,0.21664984327684217,0.6140785150580746,0.6351972202489738,0.6678069437910232
8839,0.5106682569493985,0.8817216424333439,0.14431693449478036,1.6516334805591384,0.3145278355313812,-0.6521385410756733,0.4842479944748446,0.6497370731792083,0.6964865326777845,0.7103183893180921
8840,-0.6074590431725145,1.6983576662808442,-0.9065714146983955,-1.2448467036897353,2.4086107377077814,-1.0996719906799632,0.06927694841417414,-0.6072271005907509,-0.6343671086335261,-0.36663823070097756
8841,0.4473780324141958,-0.751550405261657,-1.4320155892949833,0.410284830166764,-0.38349979852741883,2.033062156550067,0.31727142325877916,0.5427613988158074,0.5651522917589049,0.4977611616827496
8842,-0.8395231998015908,-1.5681864291091574,-1.4320155892949833,-1.2448467036897353,-0.03448598149801883,1.1379952573414867,0.036497901503479785,-0.9370687632112367,-0.888279974410026,-0.9051165407105121
8843,1.5444085910243748,0.06508561858584352,0.14431693449478036,-0.8310638202256104,0.6635416525607812,1.1379952573414867,0.5006640811772831,1.3807375146624472,1.4056914336397324,1.4755244088053256
8844,-1.261458030036275,0.06508561858584352,-0.9065714146983955,0.410284830166764,0.38433059893725724,1.1379952573414867,0.019497423365032143,-1.7839595185881592,-1.798864044780922,-1.7411749694095262
8845,0.5106682569493985,0.8817216424333439,1.1952052836879563,-0.8310638202256104,0.1749223087196192,-0.2046050914713833,0.22722201561918928,0.7745420266031756,0.6964865326777845,0.752829834845161
8846,0.5106682569493985,-1.5681864291091574,1.1952052836879563,0.410284830166764,-0.4533025619332999,-0.6521385410756733,0.336503214152898,0.7210541894214756,0.7227533808615598,0.6678069437910232
8847,-0.5652655601490462,0.06508561858584352,-0.38112724010180754,-1.2448467036897353,-0.38349979852741883,1.1379952573414867,0.06157360675769006,-0.4556782285759332,-0.5555665640821986,-0.5366840128092512
8848,-0.9661036488719961,-0.751550405261657,-0.38112724010180754,0.410284830166764,1.3615692866195812,-0.2046050914713833,0.028528927376082452,-1.1688493909986049,-1.1334372241252668,-1.0184803954493615
8849,0.21531387578511957,0.06508561858584352,-0.9065714146983955,-1.2448467036897353,0.8729499427784192,-0.6521385410756733,0.2515539499548425,0.3644686082101393,0.3112394259824049,0.44107923431332485
8850,-0.3964916280551725,-0.751550405261657,1.1952052836879563,-0.0034980532973608127,-0.38349979852741883,-0.11509840155052403,0.049460766084046114,-0.2595561589096979,-0.21409753769311196,-0.28161533964684043
8851,1.9241499382355902,0.8817216424333439,-0.38112724010180754,0.410284830166764,0.24472507212550018,-0.6521385410756733,0.7446740689581894,1.701664537752649,1.7208936118450429,1.7305930819677364
8852,-0.1011372468908936,0.06508561858584352,-0.38112724010180754,0.410284830166764,0.7333444159666572,-0.6521385410756733,0.1356319396483026,0.06137086418050393,0.022304095960870397,0.1293286337814887
8853,0.9326030871840826,0.8817216424333439,0.6697611090913683,-1.2448467036897353,0.4541333623431382,-0.2046050914713833,0.3174839292355098,1.0330665729813941,0.9941774787605774,1.0645804353769965
8854,0.4473780324141958,0.8817216424333439,1.1952052836879563,0.410284830166764,0.5937388891549003,-0.6521385410756733,0.36997290548796685,0.6051638755277915,0.617685988126457,0.681977425633379
8855,-0.5019753356138434,0.8817216424333439,1.1952052836879563,1.6516334805591384,-0.10428874490389983,-1.0996719906799632,0.1097593369813526,-0.36653183327309874,-0.3366761625507331,-0.36663823070097756
8856,-1.0293938734071988,0.8817216424333439,-1.4320155892949833,-1.2448467036897353,-1.1513301959920998,-0.2046050914713833,0.031929023003771984,-1.2223372281803049,-1.1772153044315605,-1.2877195504541288
8857,1.7764727476534508,0.06508561858584352,-0.38112724010180754,-1.2448467036897353,-1.7097523032391428,1.5855287069457766,0.592838548584179,1.7373230958737826,1.6683599154774906,1.4188424814359009
8858,3.738469708244732,0.06508561858584352,-0.9065714146983955,-0.8310638202256104,-1.988963356862662,0.2429283581329067,0.9522392817297987,2.905140874340908,2.806590003441111,2.467458137770258
8859,-1.050490614918933,0.8817216424333439,0.14431693449478036,-1.2448467036897353,0.4541333623431382,-0.6521385410756733,0.025235084736758222,-1.3025689839528563,-1.2385046168603704,-1.2168671412423475
8860,-1.0293938734071988,0.06508561858584352,0.14431693449478036,0.410284830166764,0.4541333623431382,0.2429283581329067,0.042607448334484405,-1.240166507240872,-1.2472602329216296,-1.1885261775576352
8861,0.004346460667777534,-1.5681864291091574,-0.38112724010180754,1.2378505970950135,0.8031471793725382,0.2429283581329067,0.23736917600807522,0.07920014324107114,0.12737148869597392,0.20018104299326997
8862,1.9241499382355902,0.8817216424333439,-0.38112724010180754,-1.2448467036897353,0.035316781907857205,-0.2046050914713833,0.715985762099559,1.7908109330554836,1.7121379957837843,1.7305930819677364
8863,-1.0082971318954645,-1.5681864291091574,-0.38112724010180754,1.6516334805591384,0.24472507212550018,0.2429283581329067,0.03426658874780853,-1.240166507240872,-1.1772153044315605,-1.1743556957152792
8864,-0.1011372468908936,0.06508561858584352,1.7206494582845442,0.8240677136308887,-0.10428874490389983,-0.2046050914713833,0.10614673537693248,0.13268798042277116,0.09234902445093941,0.10098767009677634
8865,0.8904096041606141,0.06508561858584352,1.1952052836879563,-0.8310638202256104,-1.081527432586219,0.2429283581329067,0.29400201880677895,1.0598104915722446,1.0204443269443535,0.8803641714263664
8866,-1.050490614918933,-1.5681864291091574,1.1952052836879563,0.8240677136308887,0.5937388891549003,-0.6521385410756733,0.030866493120119003,-1.2847397048922888,-1.2472602329216296,-1.2026966593999917
8867,0.4473780324141958,-1.5681864291091574,-0.38112724010180754,0.410284830166764,0.5239361257490193,-0.2046050914713833,0.2561228284545503,0.5695053174066579,0.617685988126457,0.6536364619486673
8868,-0.7973297167781225,0.8817216424333439,-0.38112724010180754,0.8240677136308887,0.4541333623431382,-0.2046050914713833,0.05774849917653934,-0.8390077283781191,-0.8532575101649915,-0.7917526859716626
8869,2.599245666611085,0.06508561858584352,0.6697611090913683,0.410284830166764,-2.268174410486181,1.1379952573414867,0.8664399936248207,2.3524332234633367,2.2812530397655943,1.9148093459183664
8870,-1.050490614918933,0.8817216424333439,-0.38112724010180754,0.410284830166764,0.38433059893725724,-0.6521385410756733,0.026085108643680605,-1.3025689839528563,-1.256015848982888,-1.231037623084704
8871,0.21531387578511957,0.06508561858584352,-1.4320155892949833,-0.8310638202256104,-0.7325136155568189,1.5855287069457766,0.16384210805928917,0.4357857244524066,0.3725287384112155,0.31354489773211885
8872,0.8693128626488799,0.8817216424333439,-1.4320155892949833,-1.2448467036897353,0.1051195453137382,-0.2046050914713833,0.39441109281198533,1.0241519334511109,0.9241325502705084,0.97955754432286
8873,0.257507358808588,0.06508561858584352,1.1952052836879563,-0.8310638202256104,0.4541333623431382,-0.2046050914713833,0.18886468681931678,0.4357857244524066,0.39003997053373235,0.4694201979980372
8874,0.46847477392593007,-1.5681864291091574,-0.38112724010180754,-1.2448467036897353,1.0125554695901813,-0.2046050914713833,0.24905700472825798,0.6319077941186418,0.5651522917589049,0.7244888711604479
8875,-1.050490614918933,0.8817216424333439,0.14431693449478036,1.2378505970950135,0.1051195453137382,-0.2046050914713833,0.046113796950539236,-1.2758250653620058,-1.2297490007991119,-1.231037623084704
8876,-0.8184264582898567,0.8817216424333439,-0.9065714146983955,-1.2448467036897353,0.3145278355313812,-0.2046050914713833,0.05392339159538862,-0.8657516469689694,-0.9057912065325429,-0.8484346133410873
8877,1.67098904009478,0.8817216424333439,0.6697611090913683,-0.8310638202256104,-0.10428874490389983,-0.2046050914713833,0.4238431705891728,1.6303474215103817,1.5545369066811288,1.560547299859462
8878,0.6583454475315381,0.8817216424333439,1.1952052836879563,-1.2448467036897353,0.1051195453137382,-0.2046050914713833,0.2873080805397652,0.801285945194026,0.8103095414741465,0.8095117622145858
8879,-0.7973297167781225,0.8817216424333439,0.14431693449478036,1.6516334805591384,-0.10428874490389983,-0.6521385410756733,0.06067045635658503,-0.8033491702569854,-0.7744569656136641,-0.7917526859716626
8880,-1.050490614918933,-1.5681864291091574,1.1952052836879563,0.8240677136308887,0.8031471793725382,-1.0996719906799632,0.03293842639324231,-1.3203982630134226,-1.282282697166664,-1.2168671412423475
8881,-0.8184264582898567,0.06508561858584352,-1.4320155892949833,-1.2448467036897353,0.7333444159666572,0.6904618077371967,0.051479572862986774,-0.8746662864992527,-0.8707687422875084,-0.7917526859716626
8882,-0.20662095444956474,0.8817216424333439,1.1952052836879563,-1.2448467036897353,0.4541333623431382,-0.6521385410756733,0.12091590075970887,-0.06343408924346336,-0.03898521646793941,0.0017942972002833347
8883,0.4473780324141958,0.06508561858584352,1.1952052836879563,0.410284830166764,-0.7325136155568189,1.5855287069457766,0.31153376188705306,0.6497370731792083,0.6001747560039394,0.5261021253674619
8884,-1.050490614918933,-0.751550405261657,1.1952052836879563,0.8240677136308887,1.2917665232137003,-1.0996719906799632,0.04122615948573553,-1.2847397048922888,-1.2910383132279224,-1.1601852138729227
8885,1.1013770192779564,0.06508561858584352,-0.38112724010180754,0.410284830166764,-0.17409150830978082,0.6904618077371967,0.345587844658131,1.1667861659356455,1.1167561036181979,1.1070918809040653
8886,-1.0293938734071988,-0.751550405261657,-0.38112724010180754,0.8240677136308887,1.2917665232137003,-1.0996719906799632,0.028900812835360994,-1.2847397048922888,-1.2385046168603704,-1.1318442501882104
8887,0.32079758334379044,0.06508561858584352,1.1952052836879563,-0.8310638202256104,-1.360738486209743,1.1379952573414867,0.1689953779950061,0.5605906778763746,0.5301298275138704,0.3702268251015436
8888,-0.8395231998015908,0.8817216424333439,0.14431693449478036,-0.8310638202256104,0.5239361257490193,-1.9947388898885432,0.03171651702704138,-0.9103248446203863,-0.8532575101649915,-0.8200936496563749
8889,1.5022151080009063,0.8817216424333439,-1.4320155892949833,0.410284830166764,-0.38349979852741883,-0.2046050914713833,0.7910003718854592,1.4609692704349977,1.5195144424360942,1.4188424814359009
8890,1.5022151080009063,-1.5681864291091574,-0.9065714146983955,0.410284830166764,0.9427527061843003,2.033062156550067,0.7546618498645274,1.3450789565413135,1.3006240409046288,1.4471834451206125
8891,-0.5019753356138434,0.06508561858584352,-1.4320155892949833,0.410284830166764,-0.24389427171566183,1.5855287069457766,0.10173723635977262,-0.3754464728033827,-0.39796547497954293,-0.40914967622804577
8892,0.6583454475315381,-1.5681864291091574,0.14431693449478036,0.8240677136308887,0.24472507212550018,0.2429283581329067,0.4373904266057483,0.801285945194026,0.845332005719181,0.8520232077416533
8893,-0.20662095444956474,0.8817216424333439,1.7206494582845442,0.410284830166764,0.1051195453137382,-0.2046050914713833,0.1048716995165489,-0.07234872877374655,-0.03898521646793941,-0.040717148326785545
8894,-1.0715873564306673,0.8817216424333439,-0.38112724010180754,0.410284830166764,0.7333444159666572,-1.0996719906799632,0.026456994102959146,-1.3293129025437058,-1.282282697166664,-1.231037623084704
8895,0.21531387578511957,0.8817216424333439,1.1952052836879563,-1.2448467036897353,0.1051195453137382,-0.2046050914713833,0.2587791531636827,0.3822978872707065,0.39879558659499154,0.398567788786256
8896,0.21531387578511957,-1.5681864291091574,-0.38112724010180754,0.8240677136308887,0.8729499427784192,2.033062156550067,0.21362163310843119,0.3198954105587225,0.23243888143107744,0.38439730694390006
8897,0.23641061729685378,0.8817216424333439,0.6697611090913683,0.410284830166764,-0.10428874490389983,-1.0996719906799632,0.22934707538649524,0.4268710849221234,0.477596131146319,0.44107923431332485
8898,-1.0293938734071988,0.8817216424333439,0.14431693449478036,-0.4172809367614856,0.035316781907857205,-1.5472054402842532,0.05201083780481326,-1.2490811467711553,-1.1947265365540773,-1.2026966593999917
8899,-0.9450069073602619,0.06508561858584352,1.1952052836879563,-0.4172809367614856,-0.8023163789626999,1.1379952573414867,0.05546405992668544,-1.061873716635204,-1.019614215328905,-1.1035032865034986
8900,-0.1855242129378305,-1.5681864291091574,1.1952052836879563,0.410284830166764,0.9427527061843003,0.2429283581329067,0.13361313286936194,-0.03669017065261294,-0.11778576101926763,0.03013526088499571
8901,-0.05894376386742515,0.8817216424333439,0.6697611090913683,-1.2448467036897353,-0.17409150830978082,-0.6521385410756733,0.15651065186208363,0.15051725948333838,0.17114956900226685,0.1434991156238452
8902,0.9747965702075511,-1.5681864291091574,-1.4320155892949833,0.410284830166764,-1.5701467764273809,-0.2046050914713833,0.5207458959783244,1.1578715264053623,1.239334728475819,0.9653870624805029
8903,-0.14333072991436205,0.8817216424333439,1.7206494582845442,0.410284830166764,0.1749223087196192,-0.6521385410756733,0.11995962386442119,0.025712306059370308,0.04857094414464647,0.058476224569708087
8904,2.5570521835876163,1.6983576662808442,-0.38112724010180754,-0.8310638202256104,-0.38349979852741883,3.8231959549672268,0.7218296764596505,2.2097989909788036,2.062362638234129,2.042343682499573
8905,-0.9239101658485277,0.06508561858584352,1.1952052836879563,-0.4172809367614856,0.5239361257490193,1.1379952573414867,0.057057854752164905,-1.106446914286621,-1.0546366795739395,-1.0184803954493615
8906,-0.4808785941021094,-1.5681864291091574,1.1952052836879563,-0.8310638202256104,-0.8721191423685809,-0.6521385410756733,0.06221112468788185,-0.2863000775005483,-0.2578756179994049,-0.36663823070097756
8907,-0.6285557846842488,1.6983576662808442,1.1952052836879563,0.8240677136308887,-1.0117246691803428,3.8231959549672268,0.07049885778037507,-0.5359099843484837,-0.564322180143457,-0.6500478675481006
8908,0.6583454475315381,0.8817216424333439,1.7206494582845442,-0.8310638202256104,0.5937388891549003,-1.5472054402842532,0.2178717526430431,0.7834566661334595,0.7927983093516288,0.8661936895840104
8909,0.4473780324141958,-1.5681864291091574,-0.38112724010180754,0.410284830166764,-1.081527432586219,1.1379952573414867,0.31328693619508047,0.6497370731792083,0.6702196844940084,0.5119316435251055
8910,-0.5441688186373119,0.8817216424333439,1.1952052836879563,0.8240677136308887,-0.24389427171566183,-1.0996719906799632,0.09924029113318812,-0.4200196704547996,-0.38045424285702606,-0.4233201580704017
8911,0.5528617399728669,-1.5681864291091574,1.1952052836879563,0.8240677136308887,-0.8721191423685809,-0.6521385410756733,0.3563193964830261,0.8191152242545933,0.7577758451065942,0.6678069437910232
8912,2.7258261156814902,0.8817216424333439,1.1952052836879563,-0.8310638202256104,0.5239361257490193,-0.2046050914713833,0.590713488816873,2.2097989909788036,2.1061407185404226,2.226559946450203
8913,1.9663434212590587,-1.5681864291091574,1.1952052836879563,1.6516334805591384,0.5937388891549003,-1.0996719906799632,0.9674865855602188,1.7194938168132161,1.7734273082125942,1.82978645486423
8914,1.481118366489172,-1.5681864291091574,-0.9065714146983955,0.8240677136308887,-0.38349979852741883,2.4805956061543566,0.8716463900547203,1.3807375146624472,1.3881802015172156,1.3196491085394073
8915,3.379825102545251,0.06508561858584352,0.14431693449478036,-0.8310638202256104,0.5937388891549003,0.6904618077371967,0.8923657227859534,2.495067455947871,2.4125872806844737,2.538310546982039
8916,3.0844707213809714,-1.5681864291091574,-0.38112724010180754,-0.8310638202256104,1.0125554695901813,0.2429283581329067,0.6956914413217872,2.3613478629936213,2.2112081112755253,2.439117174085545
8917,-0.7973297167781225,-1.5681864291091574,-0.38112724010180754,1.2378505970950135,1.5011748134313383,-0.6521385410756733,0.05535780693832014,-0.8924955655598191,-0.8620131262262499,-0.7209002767598819
8918,0.5317649984611327,-1.5681864291091574,0.6697611090913683,-1.2448467036897353,0.5937388891549003,-0.6521385410756733,0.24905700472825798,0.6764809917700587,0.6264416041877154,0.7244888711604479
8919,-0.45978185259037524,0.8817216424333439,-0.9065714146983955,0.410284830166764,-0.38349979852741883,-1.5472054402842532,0.10035594751102375,-0.2952147170308315,-0.27538685012192254,-0.3241267851739087
8920,0.9536998286958168,-1.5681864291091574,-0.38112724010180754,-0.8310638202256104,0.6635416525607812,-0.2046050914713833,0.28486426180736335,0.970664096269411,0.985421862699319,1.0645804353769965
8921,-0.1855242129378305,0.8817216424333439,-1.4320155892949833,1.6516334805591384,-0.03448598149801883,-0.6521385410756733,0.2362535196302396,0.04354158511993751,0.0573265602059049,0.044305742727351584
8922,0.5739584814846012,-1.5681864291091574,1.1952052836879563,1.6516334805591384,0.7333444159666572,-0.2046050914713833,0.42368379110662485,0.6497370731792083,0.7227533808615598,0.7811707985298727
8923,-0.6285557846842488,0.8817216424333439,1.1952052836879563,-0.4172809367614856,-0.6627108521509428,-1.5472054402842532,0.12150029219571801,-0.48242214716678283,-0.4680104034696119,-0.5366840128092512
8924,-0.9872003903837303,0.8817216424333439,1.1952052836879563,1.2378505970950135,0.035316781907857205,-1.0996719906799632,0.05918291451947086,-1.1421054724077544,-1.1509484562477845,-1.1318442501882104
8925,-0.9450069073602619,-1.5681864291091574,-1.4320155892949833,-1.2448467036897353,-0.7325136155568189,0.6904618077371967,0.03261966742814642,-1.079702995695771,-1.019614215328905,-1.1035032865034986
8926,-1.0715873564306673,-1.5681864291091574,1.1952052836879563,0.410284830166764,0.5239361257490193,-0.6521385410756733,0.025022578760027624,-1.3560568211345563,-1.3085495453504394,-1.2735490686117723
8927,1.5022151080009063,-0.751550405261657,-0.9065714146983955,0.410284830166764,-1.360738486209743,3.3756625053629365,0.6751846145672847,1.4520546309047144,1.4844919781910597,1.2487966993276265
8928,-0.7762329752663882,0.06508561858584352,1.1952052836879563,0.410284830166764,-0.4533025619332999,0.6904618077371967,0.04606067045635658,-0.8033491702569854,-0.7657013495524049,-0.8200936496563749
8929,-1.0293938734071988,0.8817216424333439,1.1952052836879563,0.410284830166764,0.3145278355313812,-0.6521385410756733,0.028900812835360994,-1.2669104258317225,-1.2209933847378536,-1.2026966593999917
8930,-0.8184264582898567,0.8817216424333439,0.14431693449478036,0.8240677136308887,0.1749223087196192,-0.2046050914713833,0.05349837964192743,-0.8924955655598191,-0.8532575101649915,-0.8484346133410873
8931,0.4473780324141958,0.8817216424333439,-1.4320155892949833,1.6516334805591384,-0.24389427171566183,-0.6521385410756733,0.5462997396801785,0.6764809917700587,0.6264416041877154,0.6111250164215991
8932,-0.3542981450317041,0.8817216424333439,1.1952052836879563,0.410284830166764,-0.5929080887450618,-0.6521385410756733,0.12521914678850343,-0.14366584501601382,-0.11778576101926763,-0.1965924485927033
8933,1.6498922985830458,0.06508561858584352,1.1952052836879563,0.8240677136308887,0.4541333623431382,1.1379952573414867,0.767730967433459,1.5412010262075482,1.440713897884767,1.5463768180171062
8934,-1.0293938734071988,0.8817216424333439,1.1952052836879563,-0.4172809367614856,-0.31369703512154284,-0.2046050914713833,0.04733570631674016,-1.1955933095894553,-1.1509484562477845,-1.1885261775576352
8935,-0.1855242129378305,-1.5681864291091574,1.7206494582845442,-0.8310638202256104,-0.5929080887450618,-1.0996719906799632,0.10550921744674069,0.025712306059370308,0.11861587263471549,0.0017942972002833347
8936,-0.1855242129378305,0.06508561858584352,-1.4320155892949833,-1.2448467036897353,-0.6627108521509428,1.1379952573414867,0.13966955320618393,0.0167976665290871,-0.03898521646793941,-0.0832285938538538
8937,-1.0926840979424013,-1.5681864291091574,0.14431693449478036,0.8240677136308887,-0.5231053253391809,0.6904618077371967,0.025872602666950007,-1.3828007397254065,-1.3085495453504394,-1.3727424415082659
8938,2.5570521835876163,-1.5681864291091574,-1.4320155892949833,-1.2448467036897353,-0.6627108521509428,0.6904618077371967,0.9008128353609945,2.14739651426682,2.158674414907973,2.028173200657216
8939,-0.016750280843956692,-1.5681864291091574,-0.38112724010180754,-1.2448467036897353,1.0125554695901813,0.6904618077371967,0.141475854008394,0.12377334089248797,0.09234902445093941,0.22852200667798234
8940,0.8693128626488799,0.8817216424333439,1.1952052836879563,1.6516334805591384,-0.31369703512154284,-0.2046050914713833,0.5614407905222334,0.9795787357996941,0.9766662466380598,0.9228756169534352
8941,0.5528617399728669,-0.751550405261657,0.14431693449478036,-0.8310638202256104,0.3145278355313812,1.5855287069457766,0.2314721351538012,0.6586517127094915,0.6964865326777845,0.7103183893180921
8942,1.5233118495126405,-0.751550405261657,-1.4320155892949833,0.8240677136308887,1.5709775768372194,-1.0996719906799632,0.8389735961323912,1.3718228751321633,1.2743571927208535,1.5463768180171062
8943,0.4262812909024616,1.6983576662808442,-0.38112724010180754,-1.2448467036897353,4.083877059448896,0.6904618077371967,0.24783509536205706,0.2664075733770225,0.1886608011247845,0.7244888711604479
8944,0.46847477392593007,-0.751550405261657,1.7206494582845442,-0.8310638202256104,0.3145278355313812,1.5855287069457766,0.1933273123306593,0.6051638755277915,0.6527084523714916,0.6678069437910232
8945,-0.9661036488719961,0.06508561858584352,1.1952052836879563,0.410284830166764,-0.38349979852741883,2.033062156550067,0.0406417680497264,-1.115361553816904,-1.1334372241252668,-1.146014732030567
8946,2.578148925099351,0.8817216424333439,0.14431693449478036,-0.8310638202256104,-0.31369703512154284,-0.2046050914713833,0.8654305902353504,2.1206525956759683,2.123651950662939,2.056514164341929
8947,-0.8395231998015908,0.06508561858584352,-1.4320155892949833,-1.2448467036897353,-0.5231053253391809,0.6904618077371967,0.04685756786909632,-0.8835809260295359,-0.8970355904712844,-0.9334575043952245
8948,-0.016750280843956692,-1.5681864291091574,-0.9065714146983955,-0.8310638202256104,-1.430541249615619,0.2429283581329067,0.1528980502576635,0.23966365478617205,0.293728193859888,0.08681718825442046
8949,-0.8184264582898567,0.06508561858584352,-0.9065714146983955,-1.2448467036897353,0.8031471793725382,0.2429283581329067,0.05392339159538862,-0.8746662864992527,-0.9057912065325429,-0.8059231678140184
8950,1.5233118495126405,0.8817216424333439,-1.4320155892949833,0.410284830166764,0.4541333623431382,-1.0996719906799632,0.8153854327152951,1.4163960727835807,1.4757363621298014,1.5038653724900373
8951,-0.8395231998015908,-1.5681864291091574,0.14431693449478036,1.6516334805591384,-0.8721191423685809,-0.2046050914713833,0.053764012112840674,-0.8657516469689694,-0.8269906619812155,-0.9192870225528679
8952,-0.05894376386742515,0.8817216424333439,-1.4320155892949833,1.2378505970950135,-0.10428874490389983,-1.0996719906799632,0.2789672209530893,0.12377334089248797,0.1886608011247845,0.1434991156238452
8953,1.1013770192779564,-0.751550405261657,1.7206494582845442,-1.2448467036897353,1.2219637598078192,-0.2046050914713833,0.24294745789725336,1.086554410163095,1.0904892554344225,1.2487966993276265
8954,2.599245666611085,0.8817216424333439,1.1952052836879563,-1.2448467036897353,-1.221132959397981,-0.7416452309965326,0.9964936513839452,2.1741404328576692,2.2462305755205607,1.9998322369725041
8955,-0.9872003903837303,0.8817216424333439,0.14431693449478036,-0.4172809367614856,-0.38349979852741883,-0.6521385410756733,0.06587685278648461,-1.124276193347188,-1.0896591438189738,-1.1318442501882104
8956,-1.0926840979424013,0.8817216424333439,-1.4320155892949833,0.8240677136308887,-0.24389427171566183,-0.6521385410756733,0.033204058864155554,-1.3293129025437058,-1.343572009595474,-1.3444014778235536
8957,-0.9450069073602619,0.06508561858584352,-1.4320155892949833,-0.8310638202256104,-1.2909357228038618,1.5855287069457766,0.03570100409074005,-1.0173005189837871,-1.0283698313901641,-1.1318442501882104
8958,0.5317649984611327,0.8817216424333439,-0.38112724010180754,-0.8310638202256104,-0.38349979852741883,-0.2046050914713833,0.23009084630505233,0.7299688289517587,0.7752870772291119,0.6961479074757362
8959,-0.8817166828250593,0.8817216424333439,-1.4320155892949833,-0.4172809367614856,-0.24389427171566183,-1.0996719906799632,0.06906444243744356,-0.9370687632112367,-0.9057912065325429,-0.9334575043952245
8960,0.5317649984611327,0.06508561858584352,-0.9065714146983955,-0.8310638202256104,-0.9419219057744619,-0.2046050914713833,0.2686606810816554,0.7745420266031756,0.7139977648003013,0.6111250164215991
8961,0.4473780324141958,0.8817216424333439,0.14431693449478036,0.410284830166764,-0.5929080887450618,-0.2046050914713833,0.360569516017638,0.6675663522397756,0.6264416041877154,0.5686135708945302
8962,-1.1981678055010725,-1.5681864291091574,0.14431693449478036,1.6516334805591384,-1.221132959397981,-0.2046050914713833,0.02815704191680391,-1.5432642512705075,-1.4836618665756118,-1.5994701509859643
8963,-0.5863623016607803,-1.5681864291091574,1.1952052836879563,-1.2448467036897353,-1.5003440130215,2.033062156550067,0.06608935876321521,-0.4913367866970668,-0.44174355528583586,-0.6217069038633883
8964,2.5570521835876163,0.8817216424333439,1.1952052836879563,-0.8310638202256104,0.7333444159666572,-0.6521385410756733,0.841576794347341,2.0849940375548357,2.001073325805318,2.1415370553960655
8965,-0.7762329752663882,0.8817216424333439,-0.38112724010180754,-1.2448467036897353,0.4541333623431382,-0.6521385410756733,0.0380385698347766,-0.8211784493175527,-0.791968197736181,-0.7492412404445943
8966,0.6794421890432724,0.06508561858584352,0.6697611090913683,0.410284830166764,0.1051195453137382,0.2429283581329067,0.27195452372097967,0.8458591428454428,0.7840426932903704,0.8236822440569416
8967,0.5317649984611327,-1.5681864291091574,1.1952052836879563,-1.2448467036897353,-0.10428874490389983,-0.2046050914713833,0.27609839026722627,0.6943102708306251,0.7052421487390429,0.681977425633379
8968,1.5233118495126405,0.06508561858584352,-0.38112724010180754,0.410284830166764,-0.4533025619332999,1.5855287069457766,0.46884131116187644,1.4877131890258481,1.4232026657622499,1.3763310359088319
8969,-0.5863623016607803,0.8817216424333439,1.7206494582845442,0.410284830166764,-0.24389427171566183,-0.2046050914713833,0.06114859480422887,-0.5002514262273501,-0.4592547874083535,-0.4941725672821829
8970,0.23641061729685378,-1.5681864291091574,-0.38112724010180754,0.410284830166764,0.7333444159666572,0.2429283581329067,0.22318440206130796,0.3733832477404233,0.3812843544724739,0.4694201979980372
8971,-0.7762329752663882,0.06508561858584352,1.1952052836879563,-1.2448467036897353,0.38433059893725724,0.6904618077371967,0.05142644636880412,-0.8211784493175527,-0.8269906619812155,-0.777582204129306
8972,-0.6285557846842488,1.6983576662808442,0.14431693449478036,-0.8310638202256104,2.8274273181430574,-0.2046050914713833,0.049832651543324655,-0.6785442168330181,-0.791968197736181,-0.43749063991275816
8973,1.5233118495126405,0.06508561858584352,-1.4320155892949833,-0.8310638202256104,0.8031471793725382,0.6904618077371967,0.5087393082930457,1.4074814332532968,1.3356465051496633,1.4755244088053256
8974,-0.016750280843956692,-1.5681864291091574,0.14431693449478036,-1.2448467036897353,0.8031471793725382,-0.2046050914713833,0.18695213302874145,0.11485870136220476,0.17990518506352607,0.2426924885203382
8975,1.5444085910243748,1.6983576662808442,1.7206494582845442,0.410284830166764,2.0595969206783815,0.2429283581329067,0.3537693247622589,1.3450789565413135,1.3006240409046288,1.6172292272288868
8976,-0.8184264582898567,0.8817216424333439,-1.4320155892949833,0.8240677136308887,0.38433059893725724,-0.2046050914713833,0.05732348722307815,-0.8835809260295359,-0.8445018941037331,-0.8200936496563749
8977,-0.9872003903837303,0.06508561858584352,1.1952052836879563,0.410284830166764,0.5937388891549003,0.2429283581329067,0.03947298517770812,-1.1866786700591714,-1.2034821526153359,-1.1318442501882104
8978,0.8693128626488799,0.8817216424333439,-1.4320155892949833,0.410284830166764,0.035316781907857205,-1.9947388898885432,0.5608032725920417,1.0063226543905446,1.0204443269443535,1.0078985080075717
8979,3.12666420440444,-1.5681864291091574,-0.38112724010180754,-0.8310638202256104,1.0823582329960573,-1.5472054402842532,0.6857036604154492,2.3435185839330535,2.2374749594593006,2.453287655927901
8980,-0.9872003903837303,0.06508561858584352,-1.4320155892949833,0.8240677136308887,-0.5929080887450618,0.2429283581329067,0.04149179195664878,-1.1421054724077544,-1.0896591438189738,-1.1601852138729227
8981,-0.7762329752663882,0.8817216424333439,1.1952052836879563,1.6516334805591384,-1.1513301959920998,-0.2046050914713833,0.05610157785687722,-0.7587759726055686,-0.7219232692461119,-0.8484346133410873
8982,-0.6285557846842488,-1.5681864291091574,-0.9065714146983955,0.410284830166764,1.0823582329960573,-0.2046050914713833,0.09663709291823833,-0.5804831819999005,-0.5905890283272331,-0.46583160359747056
8983,-1.0082971318954645,0.06508561858584352,1.1952052836879563,-0.4172809367614856,0.1749223087196192,1.1379952573414867,0.05068267545024704,-1.2134225886500216,-1.1597040723090428,-1.1601852138729227
8984,-0.5652655601490462,-1.5681864291091574,-1.4320155892949833,-1.2448467036897353,-1.430541249615619,0.6904618077371967,0.07517398926844818,-0.4111050309245164,-0.38920985891828447,-0.5508544946516076
8985,-0.8395231998015908,0.8817216424333439,0.6697611090913683,0.410284830166764,0.5239361257490193,-0.2046050914713833,0.03862296127078574,-0.9459834027415199,-0.8970355904712844,-0.8626050951834432
8986,-1.050490614918933,0.8817216424333439,0.14431693449478036,1.2378505970950135,-0.03448598149801883,-0.6521385410756733,0.045529405514530094,-1.2490811467711553,-1.212237768676595,-1.2168671412423475
8987,-0.5441688186373119,-1.5681864291091574,-0.38112724010180754,1.2378505970950135,0.1749223087196192,-0.2046050914713833,0.09807150826116985,-0.4735075076364996,-0.424232323163319,-0.4233201580704017
8988,-0.7129427507311856,-0.751550405261657,0.14431693449478036,1.2378505970950135,3.3160466619842195,-1.0996719906799632,0.06943632789672209,-0.8568370074386863,-0.8007238137974394,-0.4941725672821829
8989,2.831309823240162,0.06508561858584352,0.6697611090913683,-0.8310638202256104,-1.1513301959920998,0.2429283581329067,0.845508154916857,2.388091781584471,2.3075198879493697,2.1273665735537097
8990,-0.9450069073602619,0.8817216424333439,0.6697611090913683,1.6516334805591384,0.4541333623431382,-1.5472054402842532,0.03134463156776284,-1.0886176352260544,-1.0546366795739395,-1.0184803954493615
8991,-0.1855242129378305,0.8817216424333439,-1.4320155892949833,0.8240677136308887,0.1749223087196192,-0.6521385410756733,0.18679275354619349,-0.009946252061763314,0.0047928638383535295,0.015964779042639207
8992,-0.8395231998015908,0.8817216424333439,-0.38112724010180754,1.2378505970950135,-0.24389427171566183,-0.2046050914713833,0.054029644583753915,-0.8835809260295359,-0.8094794298586986,-0.8626050951834432
8993,1.6287955570713115,0.8817216424333439,1.7206494582845442,0.410284830166764,0.38433059893725724,-1.5472054402842532,0.44429687084949265,1.5768595843286817,1.537025674558612,1.603058745386531
8994,-0.9872003903837303,0.8817216424333439,1.1952052836879563,-0.4172809367614856,0.035316781907857205,-1.5472054402842532,0.05025766349678585,-1.124276193347188,-1.0896591438189738,-1.0893328046611421
8995,2.7891163402166934,0.8817216424333439,0.14431693449478036,-0.8310638202256104,0.38433059893725724,-0.2046050914713833,0.9419327418583647,2.1919697119182358,2.1761856470304917,2.226559946450203
8996,2.578148925099351,0.06508561858584352,1.7206494582845442,-0.8310638202256104,-1.430541249615619,-0.6521385410756733,0.5168145354088084,2.1830550723879525,2.097385102479164,1.8864683822336548
8997,0.5528617399728669,-1.5681864291091574,-0.38112724010180754,-1.2448467036897353,-1.7097523032391428,0.6904618077371967,0.3009084630505233,0.8280298637848764,0.845332005719181,0.5969545345792426
8998,-0.1855242129378305,0.06508561858584352,0.14431693449478036,0.8240677136308887,0.3145278355313812,0.2429283581329067,0.15045423152526166,-0.009946252061763314,-0.06525206465171549,0.0017942972002833347
8999,-0.9661036488719961,0.8817216424333439,-0.9065714146983955,0.410284830166764,-0.24389427171566183,-0.6521385410756733,0.04276682781703235,-1.0975322747563376,-1.0546366795739395,-1.0893328046611421
9000,-1.050490614918933,0.8817216424333439,-0.38112724010180754,1.6516334805591384,-0.6627108521509428,0.2429283581329067,0.03134463156776284,-1.2490811467711553,-1.185970920492819,-1.2593785867694165
9001,-0.5441688186373119,0.8817216424333439,-1.4320155892949833,0.410284830166764,0.7333444159666572,-1.0996719906799632,0.09100568453487755,-0.4645928681062164,-0.43298793922457746,-0.36663823070097756
9002,0.4473780324141958,0.06508561858584352,1.1952052836879563,0.410284830166764,-0.38349979852741883,0.2429283581329067,0.31153376188705306,0.6764809917700587,0.6351972202489738,0.5969545345792426
9003,-0.4808785941021094,0.8817216424333439,-1.4320155892949833,0.410284830166764,-0.31369703512154284,-0.2046050914713833,0.11698454019019285,-0.39327575186394914,-0.31040931436695707,-0.3808087125433334
9004,0.8060226381136772,0.8817216424333439,-1.4320155892949833,1.6516334805591384,-0.10428874490389983,0.2429283581329067,0.5941667109387452,0.9350055381482772,0.9503993984542844,0.9228756169534352
9005,0.5106682569493985,0.06508561858584352,-1.4320155892949833,1.2378505970950135,-0.5929080887450618,0.2429283581329067,0.6046857567869096,0.7834566661334595,0.6964865326777845,0.6536364619486673
9006,1.481118366489172,-0.751550405261657,0.6697611090913683,-0.0034980532973608127,1.3615692866195812,1.5855287069457766,0.1963555224990703,1.3272496774807463,1.1955566481695252,1.4613539269629696
9007,-1.0293938734071988,0.8817216424333439,1.1952052836879563,1.2378505970950135,0.5239361257490193,-1.0996719906799632,0.043351219253041494,-1.2490811467711553,-1.2209933847378536,-1.1743556957152792
9008,-0.6074590431725145,-0.751550405261657,-1.4320155892949833,0.410284830166764,1.2917665232137003,-1.5472054402842532,0.08829623333156245,-0.5715685424696173,-0.5905890283272331,-0.43749063991275816
9009,-1.050490614918933,0.8817216424333439,-1.4320155892949833,0.8240677136308887,0.3145278355313812,-1.5472054402842532,0.04117303299155289,-1.293654344422572,-1.256015848982888,-1.231037623084704
9010,-0.5652655601490462,0.8817216424333439,-1.4320155892949833,0.410284830166764,0.38433059893725724,-0.2046050914713833,0.10391542262126122,-0.4467635890456492,-0.4767660195308704,-0.40914967622804577
9011,2.5570521835876163,0.8817216424333439,1.1952052836879563,-0.8310638202256104,0.8729499427784192,-0.6521385410756733,0.7171014184773947,2.004762281782285,1.8960059330702155,2.0706846461842847
9012,-1.0082971318954645,0.8817216424333439,-0.9065714146983955,1.6516334805591384,-0.38349979852741883,-0.6521385410756733,0.04266057482866706,-1.1955933095894553,-1.142192840186526,-1.1885261775576352
9013,0.48957151543766425,0.06508561858584352,0.14431693449478036,-1.2448467036897353,-0.5929080887450618,1.1379952573414867,0.24326621686234925,0.7032249103609084,0.6264416041877154,0.5827840527368867
9014,-0.8184264582898567,0.8817216424333439,-0.9065714146983955,-1.2448467036897353,0.38433059893725724,-1.0996719906799632,0.05392339159538862,-0.8390077283781191,-0.8445018941037331,-0.7917526859716626
9015,0.5106682569493985,0.8817216424333439,-0.9065714146983955,0.8240677136308887,-0.10428874490389983,-0.2046050914713833,0.5689316262019869,0.7032249103609084,0.7227533808615598,0.6961479074757362
9016,1.5444085910243748,0.06508561858584352,-1.4320155892949833,-0.8310638202256104,-1.988963356862662,0.6904618077371967,0.4779259416671094,1.6927498982223659,1.5895593709261633,1.3196491085394073
9017,1.059183536254488,0.06508561858584352,1.7206494582845442,-1.2448467036897353,-0.17409150830978082,0.2429283581329067,0.27498273388939065,1.1489568868750781,1.0817336393731634,1.0787509172193523
9018,0.700538930555006,0.06508561858584352,0.6697611090913683,-1.2448467036897353,0.035316781907857205,0.6904618077371967,0.24098177761249534,0.8191152242545933,0.8278207735966633,0.8236822440569416
9019,-1.0082971318954645,0.06508561858584352,-0.38112724010180754,0.410284830166764,-0.7325136155568189,1.1379952573414867,0.026828879562237687,-1.1955933095894553,-1.1597040723090428,-1.231037623084704
9020,-0.8395231998015908,-1.5681864291091574,1.1952052836879563,1.6516334805591384,-0.4533025619332999,0.2429283581329067,0.0548796684906763,-0.8924955655598191,-0.8532575101649915,-0.9051165407105121
9021,1.481118366489172,0.06508561858584352,0.14431693449478036,0.8240677136308887,0.3145278355313812,1.1379952573414867,0.8345109706210487,1.3718228751321633,1.3706689693946978,1.404671999593545
9022,0.7216356720667403,-0.751550405261657,1.1952052836879563,-0.8310638202256104,1.3615692866195812,0.2429283581329067,0.23912235031610263,0.7923713056637428,0.7052421487390429,0.9228756169534352
9023,-1.0082971318954645,0.8817216424333439,1.1952052836879563,1.2378505970950135,0.1749223087196192,-0.2046050914713833,0.044732508101790365,-1.2045079491197386,-1.1509484562477845,-1.146014732030567
9024,0.4262812909024616,0.06508561858584352,0.14431693449478036,0.410284830166764,-2.128568883674419,-0.6521385410756733,0.25197896190830366,0.6497370731792083,0.6001747560039394,0.3418858614168312
9025,0.8693128626488799,-1.5681864291091574,-0.38112724010180754,-1.2448467036897353,0.4541333623431382,0.2429283581329067,0.3095149551081124,0.9795787357996941,0.9241325502705084,1.0078985080075717
9026,-1.050490614918933,-1.5681864291091574,-0.9065714146983955,0.410284830166764,0.7333444159666572,0.6904618077371967,0.03771981086968071,-1.3114836234831393,-1.273527081105405,-1.2168671412423475
9027,0.23641061729685378,-1.5681864291091574,-0.9065714146983955,-1.2448467036897353,1.0125554695901813,0.6904618077371967,0.23726292301970994,0.3377246896192897,0.3550175062886978,0.4694201979980372
9028,-0.5863623016607803,0.8817216424333439,-0.38112724010180754,0.8240677136308887,0.1749223087196192,-0.6521385410756733,0.08489613770387291,-0.5269953448182004,-0.4680104034696119,-0.46583160359747056
9029,0.27860410032032223,0.06508561858584352,-0.38112724010180754,-1.2448467036897353,0.035316781907857205,0.6904618077371967,0.20273070180098815,0.4447003639826906,0.4688405150850598,0.4552497161556807
9030,-1.0293938734071988,-1.5681864291091574,-0.38112724010180754,0.410284830166764,0.3145278355313812,0.6904618077371967,0.025978855655315304,-1.240166507240872,-1.185970920492819,-1.1743556957152792
9031,0.6794421890432724,0.06508561858584352,1.7206494582845442,-0.8310638202256104,-0.7325136155568189,1.5855287069457766,0.17351113000053126,0.8726030614362933,0.7927983093516288,0.7244888711604479
9032,-0.20662095444956474,0.06508561858584352,0.14431693449478036,0.410284830166764,-0.8023163789626999,0.2429283581329067,0.14992296658343515,0.06137086418050393,-0.012718368284164113,-0.0690581120114973
9033,-0.755136233754654,0.06508561858584352,1.1952052836879563,-1.2448467036897353,0.1051195453137382,0.2429283581329067,0.0525952292408224,-0.7676906121358518,-0.791968197736181,-0.7634117222869502
9034,0.02544320217951176,0.8817216424333439,-1.4320155892949833,0.410284830166764,-0.9419219057744619,-0.2046050914713833,0.17165170270413854,0.25749293384673844,0.28497257779862883,0.15766959746620107
9035,1.5022151080009063,-0.751550405261657,1.7206494582845442,0.8240677136308887,-0.17409150830978082,0.6904618077371967,0.43940923338468896,1.36290823560188,1.3794245854559561,1.3338195903817645
9036,-0.9450069073602619,0.8817216424333439,-1.4320155892949833,0.410284830166764,0.4541333623431382,-0.2046050914713833,0.0522764702757265,-1.0529590771049209,-1.0633922956351987,-1.004309913607005
9037,-1.050490614918933,-1.5681864291091574,-0.38112724010180754,0.410284830166764,0.6635416525607812,0.6904618077371967,0.025128831748392925,-1.347142181604273,-1.282282697166664,-1.24520810492706
9038,-0.1855242129378305,0.06508561858584352,1.1952052836879563,0.410284830166764,0.24472507212550018,2.033062156550067,0.13935079424108804,-0.018860891592046524,-0.07400768071297392,-0.012376184642073167
9039,-0.4808785941021094,0.8817216424333439,-0.9065714146983955,-1.2448467036897353,-0.24389427171566183,-1.0996719906799632,0.09615895447059448,-0.3397879146822491,-0.34543177861199154,-0.36663823070097756
9040,-0.6074590431725145,0.06508561858584352,1.1952052836879563,1.2378505970950135,0.4541333623431382,0.2429283581329067,0.1022685013015991,-0.5715685424696173,-0.5292997158984225,-0.4941725672821829
9041,0.4473780324141958,-1.5681864291091574,0.14431693449478036,0.410284830166764,0.24472507212550018,-0.2046050914713833,0.3770918557084418,0.578419956936941,0.6089303720651978,0.6252954982639549
9042,0.21531387578511957,-1.5681864291091574,-0.38112724010180754,1.6516334805591384,-1.430541249615619,2.033062156550067,0.2572384848323859,0.4179564453918402,0.43381805084002606,0.2426924885203382
9043,1.9241499382355902,0.06508561858584352,1.1952052836879563,-0.8310638202256104,-0.5929080887450618,0.2429283581329067,0.6030388354672476,1.7729816539949161,1.7033823797225252,1.631399709071244
9044,-0.8395231998015908,-1.5681864291091574,-1.4320155892949833,0.410284830166764,1.5709775768372194,-2.4422723394928334,0.04914200711895022,-0.9548980422718031,-0.9145468225938014,-0.777582204129306
9045,0.9747965702075511,-1.5681864291091574,0.14431693449478036,0.410284830166764,-0.24389427171566183,0.6904618077371967,0.481910428730808,1.0063226543905446,1.0729780233119048,0.9937280261652158
9046,0.06763668520297998,0.8817216424333439,1.1952052836879563,-1.2448467036897353,0.24472507212550018,-0.2046050914713833,0.16171704829198322,0.2664075733770225,0.1886608011247845,0.25686297036269473
9047,1.903053196723856,-0.751550405261657,-1.4320155892949833,0.410284830166764,1.6407803402430954,1.1379952573414867,0.8173511130000531,1.5144571076166977,1.5632925227423873,1.7731045274948052
9048,-0.7762329752663882,0.06508561858584352,1.1952052836879563,0.410284830166764,0.38433059893725724,0.2429283581329067,0.04606067045635658,-0.8211784493175527,-0.7744569656136641,-0.7492412404445943
9049,0.21531387578511957,-0.751550405261657,-0.9065714146983955,0.410284830166764,0.5937388891549003,2.033062156550067,0.2517664559315731,0.3377246896192897,0.36377312234995707,0.4269087524709683
9050,-0.8817166828250593,0.8817216424333439,-1.4320155892949833,1.6516334805591384,0.3145278355313812,-1.6367121302051126,0.05700472825798226,-0.9905566003929368,-0.9408136707775774,-0.9334575043952245
9051,-0.5863623016607803,-1.5681864291091574,1.1952052836879563,0.8240677136308887,0.035316781907857205,0.2429283581329067,0.08399298730276789,-0.48242214716678283,-0.5030328677146465,-0.4800020854398264
9052,-0.1644274714260963,0.06508561858584352,-0.9065714146983955,-0.8310638202256104,-0.8721191423685809,0.2429283581329067,0.14184773946767254,0.13268798042277116,0.04857094414464647,-0.012376184642073167
9053,0.4262812909024616,1.6983576662808442,-0.38112724010180754,-0.8310638202256104,3.0368356083606955,0.6904618077371967,0.18445518780215694,0.40012716633127293,0.3462618902274394,0.752829834845161
9054,-0.5230720771255777,0.8817216424333439,-1.4320155892949833,0.410284830166764,-1.7097523032391428,-0.2046050914713833,0.09387451522074058,-0.2684707984399819,-0.3016536983056986,-0.46583160359747056
9055,-0.7973297167781225,0.06508561858584352,0.6697611090913683,-0.8310638202256104,-0.17409150830978082,0.6904618077371967,0.03766668437549806,-0.7944345307267022,-0.8357462780424739,-0.8200936496563749
9056,-1.155974322477604,-1.5681864291091574,0.14431693449478036,1.6516334805591384,0.4541333623431382,-1.0996719906799632,0.03362907081761674,-1.516520332679657,-1.466150634453095,-1.4435948507200465
9057,-0.05894376386742515,0.8817216424333439,-1.4320155892949833,-0.8310638202256104,-0.5231053253391809,-0.2046050914713833,0.13382563884609255,0.1594318990136216,0.17114956900226685,0.10098767009677634
9058,0.23641061729685378,0.06508561858584352,-0.38112724010180754,0.410284830166764,-1.5003440130215,1.1379952573414867,0.2083089836901663,0.462529643043257,0.48635174720757746,0.28520393404740707
9059,0.21531387578511957,0.06508561858584352,1.1952052836879563,0.410284830166764,-0.03448598149801883,0.6904618077371967,0.2267970036657281,0.3644686082101393,0.4250624347787669,0.38439730694390006
9060,-0.9872003903837303,-1.5681864291091574,-0.9065714146983955,1.2378505970950135,-0.38349979852741883,0.6904618077371967,0.05036391648515114,-1.1866786700591714,-1.142192840186526,-1.1885261775576352
9061,-1.1770710639893383,-1.5681864291091574,-1.4320155892949833,1.6516334805591384,0.24472507212550018,0.6904618077371967,0.025022578760027624,-1.5878374489219242,-1.5186843308206464,-1.5144472599318273
9062,-0.12223398840262782,-1.5681864291091574,-1.4320155892949833,0.410284830166764,-0.24389427171566183,2.4805956061543566,0.14014769165382776,0.05245622465022072,0.031059712022128826,0.015964779042639207
9063,-1.0293938734071988,0.06508561858584352,-0.38112724010180754,0.8240677136308887,0.8031471793725382,0.2429283581329067,0.03708229293948892,-1.240166507240872,-1.2472602329216296,-1.1601852138729227
9064,1.903053196723856,0.8817216424333439,-0.38112724010180754,-0.8310638202256104,0.8031471793725382,-0.2046050914713833,0.40716145141582105,1.6570913401012322,1.5895593709261633,1.7305930819677364
9065,-0.8395231998015908,0.8817216424333439,1.1952052836879563,0.8240677136308887,0.8031471793725382,-1.0996719906799632,0.05865164957764437,-0.8657516469689694,-0.8970355904712844,-0.7917526859716626
9066,-0.2910079204965014,0.06508561858584352,-0.9065714146983955,0.8240677136308887,-0.5231053253391809,0.2429283581329067,0.15199489985655845,-0.054519449713180144,-0.14405260920304294,-0.1540810030656344
9067,1.5022151080009063,-1.5681864291091574,-0.38112724010180754,0.8240677136308887,0.035316781907857205,0.6904618077371967,0.5929448015725443,1.3718228751321633,1.3881802015172156,1.3763310359088319
9068,-0.45978185259037524,1.6983576662808442,-0.9065714146983955,-0.8310638202256104,2.3388079743018952,0.2429283581329067,0.06141422727514211,-0.4289343099850828,-0.45049917134709505,-0.1824219667503468
9069,-0.8606199413133251,0.8817216424333439,0.14431693449478036,1.2378505970950135,-0.5929080887450618,-1.0996719906799632,0.05785475216490464,-0.8746662864992527,-0.818235045919957,-0.8909460588681556
9070,-0.8184264582898567,0.8817216424333439,0.14431693449478036,0.8240677136308887,0.5239361257490193,-0.2046050914713833,0.057164107740530205,-0.8657516469689694,-0.8620131262262499,-0.8059231678140184
9071,-0.1855242129378305,1.6983576662808442,0.14431693449478036,-0.8310638202256104,-1.1513301959920998,4.718262854175807,0.12362535196302396,0.06137086418050393,-0.012718368284164113,-0.11156955753856616
9072,-0.8184264582898567,-0.751550405261657,-0.9065714146983955,-1.2448467036897353,1.0823582329960573,-1.0996719906799632,0.03920735270679488,-0.8835809260295359,-0.8445018941037331,-0.7492412404445943
9073,-0.20662095444956474,-1.5681864291091574,-0.9065714146983955,0.410284830166764,0.5937388891549003,0.2429283581329067,0.16219518673962705,-0.054519449713180144,-0.03022960040668098,0.03013526088499571
9074,0.5528617399728669,-1.5681864291091574,1.1952052836879563,0.410284830166764,-0.03448598149801883,-0.2046050914713833,0.34441906178611276,0.685395631300342,0.731508996922819,0.6961479074757362
9075,-0.5230720771255777,0.8817216424333439,-1.4320155892949833,0.8240677136308887,-0.17409150830978082,-0.2046050914713833,0.09865589969717899,-0.4111050309245164,-0.44174355528583586,-0.43749063991275816
9076,-0.20662095444956474,-1.5681864291091574,0.14431693449478036,-1.2448467036897353,-2.337977173892062,2.4805956061543566,0.10933432502789141,0.03462694558965351,0.09234902445093941,-0.21076293043505917
9077,1.5655053325361088,0.06508561858584352,1.1952052836879563,1.6516334805591384,0.3145278355313812,0.6904618077371967,0.8491207565212772,1.4966278285561312,1.4319582818235084,1.5038653724900373
9078,0.8693128626488799,0.06508561858584352,0.14431693449478036,0.8240677136308887,-1.1513301959920998,0.2429283581329067,0.492960739520799,1.0330665729813941,1.0904892554344225,0.8945346532687222
9079,-0.9872003903837303,-1.5681864291091574,1.1952052836879563,1.2378505970950135,-0.38349979852741883,-0.2046050914713833,0.04223556287520586,-1.124276193347188,-1.0809035277577155,-1.1318442501882104
9080,-0.8395231998015908,-1.5681864291091574,-1.4320155892949833,1.6516334805591384,1.2219637598078192,-1.5472054402842532,0.054029644583753915,-0.9281541236809527,-0.8795243583487669,-0.777582204129306
9081,-1.0293938734071988,0.8817216424333439,1.1952052836879563,-0.4172809367614856,0.24472507212550018,-0.6521385410756733,0.04627317643308718,-1.2669104258317225,-1.2209933847378536,-1.2026966593999917
9082,-0.5441688186373119,0.8817216424333439,-1.4320155892949833,0.410284830166764,0.1051195453137382,-1.0996719906799632,0.09318387079636614,-0.4735075076364996,-0.43298793922457746,-0.43749063991275816
9083,-1.050490614918933,0.8817216424333439,1.1952052836879563,1.2378505970950135,0.38433059893725724,-1.0996719906799632,0.04191680391010997,-1.2847397048922888,-1.2472602329216296,-1.2168671412423475
9084,0.21531387578511957,-1.5681864291091574,0.14431693449478036,-0.8310638202256104,0.9427527061843003,-0.6521385410756733,0.1836582903894172,0.40012716633127293,0.33750627416618095,0.4835906798403931
9085,-1.0082971318954645,0.06508561858584352,-0.9065714146983955,-1.2448467036897353,-2.407779937297943,0.2429283581329067,0.04016362960208256,-1.061873716635204,-1.0896591438189738,-1.2877195504541288
9086,-1.1770710639893383,0.8817216424333439,0.14431693449478036,0.8240677136308887,0.1749223087196192,-0.6521385410756733,0.028475800881899802,-1.5521788908007907,-1.5712180271881981,-1.5286177417741837
9087,-0.20662095444956474,0.8817216424333439,0.6697611090913683,0.8240677136308887,0.6635416525607812,-1.815725510046828,0.12553790575359933,-0.06343408924346336,0.0047928638383535295,0.044305742727351584
9088,0.004346460667777534,-1.5681864291091574,0.14431693449478036,0.8240677136308887,0.5937388891549003,-0.2046050914713833,0.19763055835945387,0.15051725948333838,0.2149276493085606,0.25686297036269473
9089,-1.050490614918933,0.06508561858584352,0.6697611090913683,1.2378505970950135,0.5937388891549003,1.1379952573414867,0.03766668437549806,-1.293654344422572,-1.299793929289181,-1.231037623084704
9090,-0.6918460092194515,0.8817216424333439,-0.38112724010180754,0.410284830166764,-0.03448598149801883,-0.2046050914713833,0.060351697391489136,-0.6607149377724509,-0.6168558765110084,-0.6358773857057448
9091,-0.1855242129378305,0.06508561858584352,0.6697611090913683,1.6516334805591384,0.1051195453137382,1.1379952573414867,0.13015991074748978,0.0167976665290871,-0.03898521646793941,0.0017942972002833347
9092,0.48957151543766425,-1.5681864291091574,-0.9065714146983955,-1.2448467036897353,-0.8721191423685809,1.5855287069457766,0.28226106359241354,0.6229931545883579,0.6439528363102324,0.5119316435251055
9093,-0.45978185259037524,0.8817216424333439,0.14431693449478036,0.8240677136308887,-0.8023163789626999,-1.0996719906799632,0.1124687881846677,-0.2863000775005483,-0.2228531537543704,-0.33829726701626517
9094,-1.0293938734071988,0.8817216424333439,-1.4320155892949833,-0.8310638202256104,-1.5701467764273809,1.5855287069457766,0.022366254050895183,-1.1688493909986049,-1.1246816080640083,-1.2735490686117723
9095,2.5359554420758825,0.06508561858584352,1.7206494582845442,-0.0034980532973608127,-0.17409150830978082,0.6904618077371967,0.26834192211655955,2.1206525956759683,2.0360957900503536,2.028173200657216
9096,-0.9872003903837303,0.06508561858584352,-0.38112724010180754,0.8240677136308887,-0.5231053253391809,0.6904618077371967,0.03947298517770812,-1.0975322747563376,-1.1246816080640083,-1.146014732030567
9097,0.7427324135784745,0.06508561858584352,-1.4320155892949833,-0.8310638202256104,0.5239361257490193,0.2429283581329067,0.22993146682250437,0.8815177009665764,0.8015539254128881,0.9087051351110781
9098,0.4262812909024616,-0.751550405261657,0.14431693449478036,-0.8310638202256104,1.3615692866195812,-0.2046050914713833,0.20751208627742657,0.524932119755241,0.547641059636388,0.7103183893180921
9099,-0.9872003903837303,0.8817216424333439,0.14431693449478036,1.2378505970950135,-0.24389427171566183,-1.0996719906799632,0.047441959305105454,-1.124276193347188,-1.0633922956351987,-1.1035032865034986
9100,-1.0293938734071988,0.8817216424333439,0.6697611090913683,-0.4172809367614856,0.1749223087196192,-1.5472054402842532,0.03373532380598204,-1.2045079491197386,-1.1684596883703013,-1.1601852138729227
9101,1.5655053325361088,0.06508561858584352,-1.4320155892949833,-0.8310638202256104,-1.919160593456781,2.033062156550067,0.42607448334484405,1.6570913401012322,1.5983149869874218,1.3196491085394073
9102,-0.5441688186373119,-1.5681864291091574,-0.9065714146983955,0.410284830166764,-0.03448598149801883,0.2429283581329067,0.1005153269935717,-0.5091660657576332,-0.43298793922457746,-0.46583160359747056
9103,-1.155974322477604,-1.5681864291091574,-0.9065714146983955,1.6516334805591384,-1.5701467764273809,-0.6521385410756733,0.036976039951123627,-1.4184592978465402,-1.3523276256567323,-1.5002767780894712
9104,1.3334411759070324,0.8817216424333439,1.1952052836879563,-1.2448467036897353,0.7333444159666572,-0.2046050914713833,0.45683472347659776,1.2826764798293295,1.213067880292043,1.3479900722241203
9105,-0.9239101658485277,0.06508561858584352,-0.9065714146983955,-0.8310638202256104,-1.221132959397981,0.2429283581329067,0.028528927376082452,-1.0262151585140704,-0.9758361350226119,-1.1035032865034986
9106,-0.7762329752663882,0.8817216424333439,-0.38112724010180754,1.6516334805591384,0.38433059893725724,-1.0996719906799632,0.05355150613611008,-0.785519891196419,-0.8007238137974394,-0.7492412404445943
9107,-0.12223398840262782,-1.5681864291091574,0.14431693449478036,0.8240677136308887,-0.03448598149801883,-0.2046050914713833,0.1713860702332253,0.05245622465022072,0.10110464051219785,0.07264670641206396
9108,-0.1011372468908936,0.8817216424333439,-1.4320155892949833,0.410284830166764,0.1051195453137382,-0.2046050914713833,0.18248950751739892,0.07028550371078714,0.08359340838968098,0.08681718825442046
9109,-0.8184264582898567,0.06508561858584352,0.14431693449478036,0.8240677136308887,-2.1983716470803,1.5855287069457766,0.057164107740530205,-0.7676906121358518,-0.791968197736181,-0.9901394317646491
9110,1.481118366489172,-1.5681864291091574,1.7206494582845442,0.8240677136308887,1.0823582329960573,-0.2046050914713833,0.4726132922488445,1.3450789565413135,1.283112808782112,1.4613539269629696
9111,0.5739584814846012,0.06508561858584352,1.1952052836879563,0.410284830166764,0.24472507212550018,0.2429283581329067,0.3376188705307337,0.7299688289517587,0.7490202290453358,0.7670003166875169
9112,-0.1644274714260963,0.8817216424333439,-1.4320155892949833,-1.2448467036897353,-0.6627108521509428,-1.0996719906799632,0.15241991181001965,0.03462694558965351,0.09234902445093941,-0.012376184642073167
9113,0.6583454475315381,0.8817216424333439,1.7206494582845442,-0.8310638202256104,0.5239361257490193,-0.2046050914713833,0.21638421080592893,0.8102005847243092,0.7577758451065942,0.8520232077416533
9114,0.08873342671471421,0.06508561858584352,-1.4320155892949833,0.410284830166764,0.4541333623431382,1.1379952573414867,0.18743027147638527,0.2753222129073057,0.2149276493085606,0.29937441588976293
9115,-1.0082971318954645,0.8817216424333439,1.1952052836879563,0.8240677136308887,-0.10428874490389983,-1.0996719906799632,0.03532911863146151,-1.1599347514683216,-1.11592599200275,-1.1318442501882104
9116,-0.6074590431725145,0.8817216424333439,0.14431693449478036,-1.2448467036897353,-0.17409150830978082,-1.0996719906799632,0.08393986080858525,-0.5359099843484837,-0.4855216355921296,-0.5225135309668953
9117,-0.12223398840262782,-1.5681864291091574,-1.4320155892949833,-0.8310638202256104,-0.03448598149801883,-0.6521385410756733,0.11576263082399192,0.025712306059370308,0.14488272081849157,0.08681718825442046
9118,2.8735033062636304,0.06508561858584352,1.7206494582845442,1.2378505970950135,-0.17409150830978082,0.2429283581329067,0.9504861074217712,2.3435185839330535,2.2112081112755253,2.226559946450203
9119,-0.14333072991436205,0.06508561858584352,0.14431693449478036,-1.2448467036897353,0.1051195453137382,1.1379952573414867,0.1330287414333528,0.04354158511993751,0.06608217626716334,0.07264670641206396
9120,-1.0293938734071988,0.8817216424333439,-1.4320155892949833,0.410284830166764,-0.17409150830978082,-0.6521385410756733,0.034107209265260584,-1.1955933095894553,-1.1509484562477845,-1.1743556957152792
9121,-1.0082971318954645,-1.5681864291091574,1.1952052836879563,-0.8310638202256104,0.8729499427784192,-0.6521385410756733,0.022366254050895183,-1.2579957863014386,-1.212237768676595,-1.146014732030567
9122,-0.8184264582898567,-1.5681864291091574,1.7206494582845442,1.2378505970950135,-1.1513301959920998,0.2429283581329067,0.04117303299155289,-0.8390077283781191,-0.791968197736181,-0.9192870225528679
9123,3.717372966732998,0.06508561858584352,1.7206494582845442,-1.2448467036897353,-0.24389427171566183,0.2429283581329067,0.9130319290230038,2.70010416514439,2.622722066154681,2.5949924743514634
9124,2.092923870329464,-1.5681864291091574,0.14431693449478036,0.410284830166764,0.7333444159666572,0.6904618077371967,0.9790681612920363,1.7551523749343498,1.8084497724576287,1.8864683822336548
9125,0.23641061729685378,0.06508561858584352,-0.38112724010180754,0.410284830166764,-1.2909357228038618,2.033062156550067,0.2193061679859746,0.5338467592855243,0.46008489902380134,0.32771537957447533
9126,0.4262812909024616,0.06508561858584352,1.1952052836879563,1.6516334805591384,0.5239361257490193,1.1379952573414867,0.35605376401211286,0.6229931545883579,0.5301298275138704,0.6394659801063115
9127,-0.6074590431725145,0.8817216424333439,1.1952052836879563,-0.8310638202256104,0.24472507212550018,-0.6521385410756733,0.060989215321680924,-0.562653902939334,-0.5292997158984225,-0.5083430491245388
9128,-1.0293938734071988,-0.751550405261657,0.14431693449478036,1.2378505970950135,1.2917665232137003,1.5855287069457766,0.039419858683525474,-1.3560568211345563,-1.299793929289181,-1.2026966593999917
9129,0.8693128626488799,-1.5681864291091574,1.7206494582845442,0.410284830166764,-0.17409150830978082,0.2429283581329067,0.27684216118578336,0.9974080148602605,1.0204443269443535,0.97955754432286
9130,0.4473780324141958,0.8817216424333439,-0.9065714146983955,0.410284830166764,-1.360738486209743,-0.6521385410756733,0.3786325240397386,0.7032249103609084,0.66146406843275,0.4977611616827496
9131,2.599245666611085,0.8817216424333439,0.6697611090913683,-1.2448467036897353,0.035316781907857205,-0.2046050914713833,0.8113478191574138,2.0849940375548357,2.1061407185404226,2.0848551280266405
9132,1.67098904009478,0.06508561858584352,-1.4320155892949833,0.410284830166764,0.38433059893725724,0.6904618077371967,0.8027944535940074,1.4698839099652807,1.4844919781910597,1.5180358543323944
9133,-1.050490614918933,0.8817216424333439,-1.4320155892949833,-0.4172809367614856,0.1749223087196192,-1.5472054402842532,0.0500982840142379,-1.2669104258317225,-1.2209933847378536,-1.2168671412423475
9134,2.578148925099351,0.06508561858584352,-1.4320155892949833,-0.8310638202256104,-0.9419219057744619,-0.2046050914713833,0.7742655262179249,2.2097989909788036,2.1411631827854563,1.9998322369725041
9135,0.8904096041606141,-1.5681864291091574,0.6697611090913683,-0.8310638202256104,0.8031471793725382,-0.6521385410756733,0.26945757849439517,0.9439201776785605,0.9679106305768014,1.0645804353769965
9136,-0.9872003903837303,0.8817216424333439,1.1952052836879563,-0.4172809367614856,0.035316781907857205,-1.0996719906799632,0.0522764702757265,-1.1421054724077544,-1.0984147598802323,-1.1035032865034986
9137,0.21531387578511957,-1.5681864291091574,1.7206494582845442,-1.2448467036897353,1.4313720500254572,-0.6521385410756733,0.16262019869308825,0.3377246896192897,0.3550175062886978,0.5261021253674619
9138,3.295438136498314,0.06508561858584352,-0.38112724010180754,-0.8310638202256104,-1.639949539833262,0.2429283581329067,0.9958561334537533,2.6377016884324056,2.640233298277198,2.3257533193466955
9139,-1.0082971318954645,-0.751550405261657,0.14431693449478036,-1.2448467036897353,-0.10428874490389983,1.1827486023019163,0.02805078892843861,-1.2045079491197386,-1.1684596883703013,-1.1743556957152792
9140,-1.0293938734071988,0.06508561858584352,0.14431693449478036,-0.4172809367614856,-0.6627108521509428,0.6904618077371967,0.05960792647293205,-1.1955933095894553,-1.2034821526153359,-1.24520810492706
9141,-0.1644274714260963,-1.5681864291091574,-0.38112724010180754,0.8240677136308887,0.3145278355313812,-1.5472054402842532,0.15284492376348086,0.007883026998803893,0.022304095960870397,0.044305742727351584
9142,-1.050490614918933,-1.5681864291091574,-0.38112724010180754,-1.2448467036897353,0.4541333623431382,0.2429283581329067,0.020666206237050417,-1.338227542073989,-1.2647714650441464,-1.24520810492706
9143,1.6076988155595773,0.06508561858584352,-0.38112724010180754,0.8240677136308887,0.1749223087196192,-0.2046050914713833,0.6027200765021516,1.5590303052681154,1.4844919781910597,1.5322063361747504
9144,1.481118366489172,0.8817216424333439,0.6697611090913683,-1.2448467036897353,0.6635416525607812,-0.2046050914713833,0.4404717632683419,1.3183350379504633,1.3706689693946978,1.4330129632782567
9145,-0.5019753356138434,0.06508561858584352,-1.4320155892949833,-0.8310638202256104,0.5937388891549003,0.6904618077371967,0.06407055198427455,-0.4735075076364996,-0.43298793922457746,-0.3808087125433334
9146,1.3123444343952981,1.6983576662808442,1.1952052836879563,0.410284830166764,-1.5003440130215,3.8231959549672268,0.38325452903362905,1.4074814332532968,1.309379656965888,1.1212623627464213
9147,-0.5863623016607803,0.06508561858584352,-0.38112724010180754,0.8240677136308887,-0.24389427171566183,-0.2046050914713833,0.0837804813260373,-0.4111050309245164,-0.5030328677146465,-0.4800020854398264
9148,0.46847477392593007,0.06508561858584352,-0.38112724010180754,0.410284830166764,-0.38349979852741883,0.2429283581329067,0.2822079370982309,0.685395631300342,0.6439528363102324,0.6111250164215991
9149,-0.7762329752663882,-0.751550405261657,-1.4320155892949833,0.8240677136308887,-1.2909357228038618,1.5855287069457766,0.05153269935716942,-0.7498613330752854,-0.704412037123595,-0.8484346133410873
9150,0.46847477392593007,0.06508561858584352,-0.38112724010180754,0.410284830166764,0.1051195453137382,-0.2046050914713833,0.2747171014184774,0.685395631300342,0.5826635238814225,0.6394659801063115
9151,1.3756346589305009,-1.5681864291091574,-0.9065714146983955,1.6516334805591384,0.1749223087196192,-0.6521385410756733,0.9321043404345747,1.3539935960715968,1.3881802015172156,1.390501517751188
9152,0.6794421890432724,0.8817216424333439,1.1952052836879563,1.6516334805591384,0.24472507212550018,-1.1891786806008227,0.462253625883228,0.8102005847243092,0.8103095414741465,0.8378527258992975
9153,-0.3964916280551725,0.8817216424333439,1.1952052836879563,0.8240677136308887,-0.5929080887450618,-0.2046050914713833,0.11512511289380013,-0.24172687984913147,-0.20534192163185352,-0.28161533964684043
9154,-1.0082971318954645,-1.5681864291091574,-0.38112724010180754,1.2378505970950135,0.8031471793725382,-0.2046050914713833,0.038782340753333686,-1.2490811467711553,-1.185970920492819,-1.1318442501882104
9155,-0.6285557846842488,-0.751550405261657,-1.4320155892949833,0.410284830166764,1.0823582329960573,2.928129055758647,0.0716145141582107,-0.6696295773027342,-0.6431227246947845,-0.5366840128092512
9156,1.3334411759070324,0.8817216424333439,1.1952052836879563,0.8240677136308887,-1.2909357228038618,-0.2046050914713833,0.6004356372522978,1.4431399913744305,1.3706689693946978,1.2062852538005577
9157,0.8693128626488799,-1.5681864291091574,-0.38112724010180754,0.8240677136308887,1.0823582329960573,0.2429283581329067,0.3650321415289805,0.9260908986179933,0.8628432378416978,1.0362394716922834
9158,-0.6074590431725145,-0.751550405261657,1.1952052836879563,1.6516334805591384,-2.8963992811391,-0.6521385410756733,0.10014344153429315,-0.4111050309245164,-0.3366761625507331,-0.678388831232813
9159,-1.1981678055010725,-1.5681864291091574,-0.9065714146983955,1.2378505970950135,-0.31369703512154284,1.5855287069457766,0.02613823513786325,-1.596752088452208,-1.5274399468819049,-1.5711291873012518
9160,-0.5863623016607803,0.8817216424333439,0.14431693449478036,-1.2448467036897353,-0.9419219057744619,-0.6521385410756733,0.0760771396695532,-0.4556782285759332,-0.39796547497954293,-0.5225135309668953
9161,-0.20662095444956474,0.06508561858584352,-1.4320155892949833,-1.2448467036897353,0.035316781907857205,0.6904618077371967,0.12729108006162673,-0.09017800783431376,-0.14405260920304294,-0.11156955753856616
9162,0.46847477392593007,0.8817216424333439,0.14431693449478036,0.410284830166764,-0.17409150830978082,-0.2046050914713833,0.3350156723157839,0.6675663522397756,0.6702196844940084,0.6394659801063115
9163,-1.050490614918933,0.8817216424333439,-1.4320155892949833,1.2378505970950135,-0.38349979852741883,-0.2046050914713833,0.05078892843861234,-1.2223372281803049,-1.2297490007991119,-1.24520810492706
9164,0.02544320217951176,0.8817216424333439,-0.9065714146983955,-1.2448467036897353,-0.17409150830978082,-0.2046050914713833,0.14599160601391914,0.23966365478617205,0.2587057296148535,0.22852200667798234
9165,1.0380867947427537,0.06508561858584352,0.6697611090913683,-1.2448467036897353,0.24472507212550018,-0.2046050914713833,0.32619667428146415,1.1578715264053623,1.0379555590668703,1.1212623627464213
9166,-1.050490614918933,-1.5681864291091574,-0.9065714146983955,0.8240677136308887,-1.639949539833262,1.1379952573414867,0.035116612654730914,-1.240166507240872,-1.185970920492819,-1.3444014778235536
9167,3.590792517662593,0.8817216424333439,0.6697611090913683,0.410284830166764,0.1051195453137382,-0.2046050914713833,0.9007597088668119,2.646616327962689,2.578943985848387,2.609162956193819
9168,1.5655053325361088,0.06508561858584352,0.6697611090913683,-1.2448467036897353,-1.1513301959920998,0.2429283581329067,0.4948201668171917,1.6036035029195321,1.5282700584973534,1.3763310359088319
9169,0.4262812909024616,0.06508561858584352,0.14431693449478036,-1.2448467036897353,-0.24389427171566183,2.033062156550067,0.26239175476810284,0.5605906778763746,0.5126185953913535,0.4977611616827496
9170,1.7342792646299827,0.8817216424333439,0.14431693449478036,-1.2448467036897353,0.6635416525607812,-0.6521385410756733,0.68150666737502,1.5768595843286817,1.493247594252319,1.6172292272288868
9171,-0.9450069073602619,0.8817216424333439,0.6697611090913683,1.2378505970950135,0.035316781907857205,-1.0996719906799632,0.033310311852520855,-1.0707883561654872,-1.0283698313901641,-1.0326508772917173
9172,1.481118366489172,0.06508561858584352,-1.4320155892949833,0.410284830166764,0.24472507212550018,1.1379952573414867,0.7642777453115869,1.4074814332532968,1.3444021212109216,1.404671999593545
9173,-0.45978185259037524,0.8817216424333439,-0.38112724010180754,-1.2448467036897353,-0.8023163789626999,-0.6521385410756733,0.07363332093715136,-0.2595561589096979,-0.21409753769311196,-0.3241267851739087
9174,-1.0293938734071988,0.06508561858584352,-0.38112724010180754,-1.2448467036897353,0.7333444159666572,0.2429283581329067,0.02964458375391808,-1.2579957863014386,-1.273527081105405,-1.1885261775576352
9175,-1.050490614918933,0.8817216424333439,0.6697611090913683,0.8240677136308887,-0.10428874490389983,-0.6521385410756733,0.025128831748392925,-1.2669104258317225,-1.2034821526153359,-1.231037623084704
9176,-0.1855242129378305,0.06508561858584352,-1.4320155892949833,0.410284830166764,-0.17409150830978082,1.1379952573414867,0.15183552037401052,0.025712306059370308,-0.04774083252919862,-0.026546666484429042
9177,1.8397629721886535,-1.5681864291091574,0.6697611090913683,0.410284830166764,-0.7325136155568189,1.1379952573414867,0.540030813366626,1.6749206191617994,1.7033823797225252,1.560547299859462
9178,-0.20662095444956474,0.06508561858584352,-1.4320155892949833,0.8240677136308887,0.8031471793725382,1.5855287069457766,0.1686766190299102,-0.07234872877374655,-0.14405260920304294,-0.012376184642073167
9179,1.5233118495126405,0.8817216424333439,-0.38112724010180754,-1.2448467036897353,-0.17409150830978082,0.2429283581329067,0.5625564469000691,1.4877131890258481,1.4232026657622499,1.4188424814359009
9180,0.7216356720667403,0.06508561858584352,-0.38112724010180754,-1.2448467036897353,-0.7325136155568189,0.2429283581329067,0.2657918503957924,0.91717625908771,0.9503993984542844,0.8236822440569416
9181,0.8482161211371456,1.6983576662808442,0.14431693449478036,-0.0034980532973608127,2.7576245547371814,-0.6521385410756733,0.13929766774690538,0.8191152242545933,0.7402646129840774,1.149603326431133
9182,0.6161519645080696,0.8817216424333439,-0.9065714146983955,-0.8310638202256104,-0.03448598149801883,0.6904618077371967,0.2874143335281305,0.8102005847243092,0.7752870772291119,0.7811707985298727
9183,-0.5441688186373119,0.8817216424333439,1.1952052836879563,1.2378505970950135,0.035316781907857205,-1.0996719906799632,0.11278754714976359,-0.437848949515366,-0.4067210910408021,-0.40914967622804577
9184,-1.0293938734071988,0.8817216424333439,-1.4320155892949833,1.2378505970950135,-0.5231053253391809,-0.2046050914713833,0.04908888062476757,-1.2490811467711553,-1.2034821526153359,-1.2593785867694165
9185,1.1224737607896906,0.8817216424333439,0.6697611090913683,-1.2448467036897353,-0.10428874490389983,-0.2046050914713833,0.3998299952186155,1.1846154449962119,1.1955566481695252,1.16377380827349
9186,-0.9661036488719961,0.06508561858584352,0.6697611090913683,-1.2448467036897353,0.6635416525607812,0.2429283581329067,0.023747542899644054,-1.1866786700591714,-1.142192840186526,-1.0893328046611421
9187,-0.1855242129378305,0.8817216424333439,0.6697611090913683,0.8240677136308887,-0.5929080887450618,-1.0996719906799632,0.13414439781118845,0.06137086418050393,0.06608217626716334,-0.012376184642073167
9188,2.599245666611085,-0.751550405261657,-0.9065714146983955,-0.8310638202256104,0.9427527061843003,0.6904618077371967,0.6964352122403442,2.1295672352062516,1.9748064776215428,2.1840485009231343
9189,-0.8184264582898567,0.8817216424333439,-0.38112724010180754,0.8240677136308887,0.1051195453137382,-0.6521385410756733,0.04393561068905063,-0.8746662864992527,-0.8357462780424739,-0.8342641314987308
9190,1.5233118495126405,0.06508561858584352,0.6697611090913683,0.410284830166764,0.5937388891549003,0.6904618077371967,0.48387610901556605,1.4342253518441472,1.2743571927208535,1.4330129632782567
9191,-0.7973297167781225,0.8817216424333439,-0.9065714146983955,0.410284830166764,-0.38349979852741883,-0.6521385410756733,0.054773415502311004,-0.8300930888478358,-0.7832125816749225,-0.8342641314987308
9192,-0.5019753356138434,0.8817216424333439,0.14431693449478036,1.6516334805591384,0.3145278355313812,-1.4129454054029675,0.12006587685278648,-0.4200196704547996,-0.38920985891828447,-0.36663823070097756
9193,-0.5230720771255777,0.8817216424333439,-0.9065714146983955,0.8240677136308887,0.035316781907857205,-1.0996719906799632,0.11257504117303299,-0.39327575186394914,-0.3629430107345084,-0.36663823070097756
9194,2.578148925099351,0.8817216424333439,0.6697611090913683,-1.2448467036897353,0.3145278355313812,-0.2046050914713833,0.887424958826967,2.111737956145685,2.018584557927835,2.0990256098689968
9195,1.5022151080009063,0.06508561858584352,-0.38112724010180754,0.410284830166764,-0.7325136155568189,0.2429283581329067,0.5676565903416033,1.532286386677265,1.4582251300072844,1.3763310359088319
9196,-0.5863623016607803,0.06508561858584352,0.14431693449478036,0.410284830166764,-0.24389427171566183,2.033062156550067,0.08526802316315146,-0.48242214716678283,-0.5030328677146465,-0.5083430491245388
9197,0.46847477392593007,1.6983576662808442,0.14431693449478036,-0.8310638202256104,2.618019027925419,0.6904618077371967,0.19943685916166393,0.4803589221038234,0.44257366690128447,0.7953412803722286
9198,0.46847477392593007,-0.751550405261657,0.6697611090913683,-0.8310638202256104,1.2917665232137003,-0.6521385410756733,0.20113690697550868,0.5695053174066579,0.5826635238814225,0.7386593530028038
9199,-0.1855242129378305,0.8817216424333439,0.6697611090913683,0.410284830166764,-0.17409150830978082,-1.0996719906799632,0.1528980502576635,0.025712306059370308,0.03981532808338804,0.015964779042639207
9200,-0.438685111078641,0.06508561858584352,-0.9065714146983955,-1.2448467036897353,0.7333444159666572,-0.2046050914713833,0.0974871168251607,-0.3130439960913987,-0.3629430107345084,-0.25327437596212804
9201,-0.9028134243367935,0.8817216424333439,1.1952052836879563,-1.2448467036897353,-0.24389427171566183,-1.0996719906799632,0.031132125591032248,-0.9816419608626535,-0.9233024386550606,-0.9617984680799367
9202,-1.050490614918933,0.8817216424333439,0.14431693449478036,0.8240677136308887,0.3145278355313812,-0.6521385410756733,0.03299155288742496,-1.2669104258317225,-1.2209933847378536,-1.2026966593999917
9203,0.4473780324141958,-0.751550405261657,0.14431693449478036,-1.2448467036897353,0.4541333623431382,0.6904618077371967,0.2857142857142857,0.4981882011643906,0.521374211452612,0.5686135708945302
9204,0.8904096041606141,-1.5681864291091574,1.1952052836879563,-0.8310638202256104,-1.779555066645019,1.5855287069457766,0.34696913350687986,1.1222129682842286,1.0379555590668703,0.8236822440569416
9205,0.4262812909024616,-1.5681864291091574,0.14431693449478036,0.410284830166764,-0.4533025619332999,1.1379952573414867,0.39010784678319077,0.5962492359975082,0.6351972202489738,0.5544430890521743
9206,-1.0082971318954645,0.8817216424333439,-0.38112724010180754,0.8240677136308887,-1.081527432586219,-0.6521385410756733,0.029803963236466027,-1.1510201119380377,-1.0896591438189738,-1.2026966593999917
9207,-0.20662095444956474,-0.751550405261657,1.7206494582845442,-0.8310638202256104,-2.128568883674419,0.2429283581329067,0.09690272538915157,0.007883026998803893,0.10110464051219785,-0.1965924485927033
9208,-0.1855242129378305,-1.5681864291091574,0.6697611090913683,1.6516334805591384,0.1051195453137382,0.2429283581329067,0.11353131806832067,-0.009946252061763314,0.013548479899611962,0.015964779042639207
9209,-0.6074590431725145,-1.5681864291091574,1.1952052836879563,0.410284830166764,0.4541333623431382,2.033062156550067,0.0763958986346491,-0.5893978215301837,-0.564322180143457,-0.5225135309668953
9210,-0.8184264582898567,0.8817216424333439,-0.38112724010180754,-1.2448467036897353,0.5937388891549003,-1.0996719906799632,0.046538808904000424,-0.8390077283781191,-0.8445018941037331,-0.777582204129306
9211,0.6161519645080696,-1.5681864291091574,-0.9065714146983955,-0.4172809367614856,-0.03448598149801883,0.2429283581329067,0.9685491154438719,0.7299688289517587,0.8015539254128881,0.752829834845161
9212,1.1857639853248934,-1.5681864291091574,0.14431693449478036,-1.2448467036897353,0.7333444159666572,-1.9947388898885432,0.3504754821229347,1.1757008054659286,1.1955566481695252,1.2913081448546955
9213,-0.5230720771255777,0.8817216424333439,-1.4320155892949833,-1.2448467036897353,-0.03448598149801883,-0.2046050914713833,0.08239919247728843,-0.4467635890456492,-0.4067210910408021,-0.4233201580704017
9214,0.8482161211371456,-1.5681864291091574,1.7206494582845442,0.8240677136308887,1.2917665232137003,0.6904618077371967,0.2792859799181852,0.8369445033151597,0.8628432378416978,1.0220689898499276
9215,-1.0293938734071988,-0.751550405261657,-0.38112724010180754,1.2378505970950135,0.9427527061843003,-0.2046050914713833,0.03756043138713276,-1.3203982630134226,-1.2472602329216296,-1.1885261775576352
9216,-0.9239101658485277,0.8817216424333439,-0.38112724010180754,1.6516334805591384,0.38433059893725724,-0.2046050914713833,0.04951389257822876,-1.0351297980443537,-1.0633922956351987,-1.004309913607005
9217,-0.755136233754654,-1.5681864291091574,-1.4320155892949833,0.8240677136308887,-1.430541249615619,0.6904618077371967,0.05790787865908729,-0.7052881354238678,-0.6343671086335261,-0.8059231678140184
9218,-0.5019753356138434,0.8817216424333439,1.1952052836879563,-1.2448467036897353,0.38433059893725724,-1.9947388898885432,0.08452425224459438,-0.3754464728033827,-0.39796547497954293,-0.33829726701626517
9219,-0.20662095444956474,0.8817216424333439,-1.4320155892949833,-0.8310638202256104,0.38433059893725724,0.2429283581329067,0.12941613982893269,-0.06343408924346336,-0.03022960040668098,0.0017942972002833347
9220,0.4473780324141958,1.6983576662808442,-0.38112724010180754,-1.2448467036897353,2.4784135011136574,-0.2046050914713833,0.22610635924135367,0.5338467592855243,0.43381805084002606,0.7953412803722286
9221,1.481118366489172,-1.5681864291091574,-0.38112724010180754,-1.2448467036897353,0.8031471793725382,-0.6521385410756733,0.4280932901237847,1.3450789565413135,1.3969358175784738,1.4755244088053256
9222,-1.0293938734071988,0.8817216424333439,-0.9065714146983955,0.8240677136308887,-0.8721191423685809,-1.0996719906799632,0.04659193539818307,-1.1599347514683216,-1.1772153044315605,-1.231037623084704
9223,-0.7762329752663882,-1.5681864291091574,1.7206494582845442,0.410284830166764,-0.5929080887450618,0.6904618077371967,0.03883546724751634,-0.776605251666135,-0.7306788853073704,-0.8059231678140184
9224,-1.0715873564306673,0.8817216424333439,0.14431693449478036,1.2378505970950135,-0.5929080887450618,-0.2046050914713833,0.03554162460819211,-1.2847397048922888,-1.2385046168603704,-1.3018900322964846
9225,-0.20662095444956474,-1.5681864291091574,-0.38112724010180754,1.2378505970950135,-0.8721191423685809,1.1379952573414867,0.1481166657812251,0.007883026998803893,0.031059712022128826,-0.0832285938538538
9226,-1.1770710639893383,-1.5681864291091574,-1.4320155892949833,1.6516334805591384,-0.4533025619332999,1.1379952573414867,0.02539446421930617,-1.5343496117402242,-1.4573950183918358,-1.5144472599318273
9227,-0.2910079204965014,0.8817216424333439,-0.9065714146983955,0.8240677136308887,0.24472507212550018,-0.6521385410756733,0.15146363491473197,-0.17040976360686422,-0.14405260920304294,-0.12574003938092204
9228,0.4473780324141958,-0.751550405261657,1.1952052836879563,-0.8310638202256104,1.3615692866195812,0.6904618077371967,0.21967805344525315,0.578419956936941,0.5038629793300943,0.7103183893180921
9229,-0.7973297167781225,0.8817216424333439,-1.4320155892949833,0.410284830166764,-0.5929080887450618,-0.2046050914713833,0.047920097752749295,-0.785519891196419,-0.7569457334911465,-0.8200936496563749
9230,-0.7973297167781225,-1.5681864291091574,-1.4320155892949833,-0.8310638202256104,0.8031471793725382,-0.6521385410756733,0.03718854592785422,-0.8568370074386863,-0.818235045919957,-0.7492412404445943
9231,-0.8184264582898567,0.8817216424333439,-0.38112724010180754,-1.2448467036897353,-0.17409150830978082,-1.0996719906799632,0.0405355150613611,-0.8479223679084023,-0.8094794298586986,-0.8342641314987308
9232,1.481118366489172,-0.751550405261657,-0.9065714146983955,-1.2448467036897353,-0.31369703512154284,1.5855287069457766,0.7226797003665728,1.4163960727835807,1.4494695139460252,1.3763310359088319
9233,1.0380867947427537,0.06508561858584352,0.14431693449478036,-1.2448467036897353,0.5239361257490193,1.1379952573414867,0.4106678000318759,1.1043836892236614,1.029199943005612,1.1354328445887771
9234,-1.050490614918933,-1.5681864291091574,0.14431693449478036,0.410284830166764,0.8031471793725382,-0.2046050914713833,0.03214152898050258,-1.3025689839528563,-1.2647714650441464,-1.2026966593999917
9235,-0.9661036488719961,0.06508561858584352,-0.38112724010180754,0.8240677136308887,-0.8023163789626999,1.1379952573414867,0.031663390532858736,-1.1421054724077544,-1.0896591438189738,-1.1743556957152792
9236,-1.050490614918933,0.8817216424333439,0.14431693449478036,1.2378505970950135,-0.10428874490389983,0.2429283581329067,0.04324496626467619,-1.3025689839528563,-1.256015848982888,-1.2735490686117723
9237,-0.20662095444956474,0.06508561858584352,-1.4320155892949833,1.6516334805591384,-0.5231053253391809,0.6904618077371967,0.18004568878499708,-0.08126336830403057,-0.021473984345422546,-0.054887630169141416
9238,-1.050490614918933,0.8817216424333439,1.1952052836879563,1.2378505970950135,0.1749223087196192,-1.0996719906799632,0.04191680391010997,-1.2669104258317225,-1.2209933847378536,-1.2168671412423475
9239,-0.8395231998015908,0.8817216424333439,0.14431693449478036,-0.8310638202256104,-0.10428874490389983,-1.0996719906799632,0.03288529989905966,-0.8924955655598191,-0.8620131262262499,-0.8767755770257997
9240,0.9536998286958168,0.06508561858584352,1.7206494582845442,0.410284830166764,0.1749223087196192,0.6904618077371967,0.27466397492429473,1.0152372939208278,1.0204443269443535,1.0362394716922834
9241,-0.9872003903837303,0.06508561858584352,1.1952052836879563,-0.4172809367614856,-1.639949539833262,0.6904618077371967,0.0453168995377995,-1.106446914286621,-1.045881063512681,-1.2168671412423475
9242,2.6836326326580218,0.06508561858584352,-0.38112724010180754,-1.2448467036897353,0.1749223087196192,0.2429283581329067,0.7324018488019975,2.1741404328576692,2.062362638234129,2.1273665735537097
9243,0.4262812909024616,1.6983576662808442,-1.4320155892949833,0.410284830166764,-3.105807571356743,2.928129055758647,0.33390001593794827,0.7656273870728924,0.6351972202489738,0.3560563432591877
9244,-0.8184264582898567,0.8817216424333439,-1.4320155892949833,0.8240677136308887,0.1051195453137382,-1.0996719906799632,0.061254847792594165,-0.8300930888478358,-0.8532575101649915,-0.8200936496563749
9245,-0.3542981450317041,0.8817216424333439,-0.9065714146983955,-0.4172809367614856,0.5239361257490193,-1.0996719906799632,0.34792541040216757,-0.23281224031884826,-0.20534192163185352,-0.1540810030656344
9246,0.8693128626488799,0.06508561858584352,1.1952052836879563,0.410284830166764,-0.17409150830978082,0.2429283581329067,0.4139616426712001,0.9884933753299773,0.9416437823930253,0.937046098795791
9247,-1.0293938734071988,0.8817216424333439,-0.9065714146983955,0.410284830166764,-0.17409150830978082,-0.6521385410756733,0.038994846730064286,-1.240166507240872,-1.1947265365540773,-1.2168671412423475
9248,0.6372487060198039,0.8817216424333439,0.14431693449478036,0.8240677136308887,-0.17409150830978082,-1.0996719906799632,0.4673006428305796,0.8547737823757269,0.7927983093516288,0.7953412803722286
9249,-0.8395231998015908,0.06508561858584352,0.14431693449478036,-0.8310638202256104,0.5937388891549003,1.1379952573414867,0.03352281782925145,-0.9638126818020863,-0.9233024386550606,-0.8767755770257997
9250,2.915696789287099,0.8817216424333439,0.6697611090913683,-1.2448467036897353,-0.38349979852741883,-0.6521385410756733,0.8312171279817245,2.3702625025239046,2.4300985128069907,2.3115828375043397
9251,3.2321479119631116,0.8817216424333439,0.6697611090913683,0.410284830166764,0.4541333623431382,-0.2046050914713833,0.8007756468150666,2.486152816417588,2.395076048561957,2.509969583297326
9252,0.21531387578511957,-1.5681864291091574,-1.4320155892949833,-0.8310638202256104,-2.128568883674419,2.4805956061543566,0.15566062795516125,0.4447003639826906,0.40755120265625,0.15766959746620107
9253,0.6794421890432724,0.8817216424333439,-1.4320155892949833,-0.8310638202256104,-0.8721191423685809,-1.0996719906799632,0.26563247091324443,0.8904323404968605,0.9241325502705084,0.7811707985298727
9254,-1.0082971318954645,0.8817216424333439,-1.4320155892949833,-1.2448467036897353,0.3145278355313812,-1.5472054402842532,0.027413270998246825,-1.2045079491197386,-1.1684596883703013,-1.146014732030567
9255,1.481118366489172,0.8817216424333439,0.6697611090913683,-0.8310638202256104,-0.8023163789626999,0.6904618077371967,0.3853264623067524,1.4609692704349977,1.5282700584973534,1.362160554066476
9256,2.0085369042825274,-1.5681864291091574,1.1952052836879563,0.410284830166764,0.5937388891549003,0.2429283581329067,0.8835998512458163,1.6927498982223659,1.6946267636612669,1.7731045274948052
9257,1.7553760061417165,0.06508561858584352,0.6697611090913683,-1.2448467036897353,-0.03448598149801883,0.2429283581329067,0.5169207883971737,1.6125181424498154,1.5545369066811288,1.560547299859462
9258,0.6372487060198039,-0.751550405261657,0.14431693449478036,-0.8310638202256104,-0.8721191423685809,1.5855287069457766,0.24831323380970088,0.7834566661334595,0.8190651575354049,0.681977425633379
9259,1.903053196723856,0.8817216424333439,0.14431693449478036,-1.2448467036897353,-1.430541249615619,-0.2046050914713833,0.5765818413642884,1.7818962935252003,1.67711553153875,1.4896948906476815
9260,0.7638291550902088,0.8817216424333439,1.1952052836879563,0.410284830166764,0.3145278355313812,-1.0996719906799632,0.40376135578813155,0.9350055381482772,0.8891100860254739,0.951216580638147
9261,-0.7973297167781225,-1.5681864291091574,1.1952052836879563,1.6516334805591384,-2.268174410486181,2.4805956061543566,0.06274238962970834,-0.7409466935450014,-0.7481901174298881,-0.9617984680799367
9262,-0.9450069073602619,0.8817216424333439,-0.9065714146983955,1.6516334805591384,-0.10428874490389983,-1.5472054402842532,0.050204537002603196,-1.0529590771049209,-1.019614215328905,-1.0326508772917173
9263,-0.9872003903837303,-1.5681864291091574,1.1952052836879563,0.410284830166764,-0.8023163789626999,1.5855287069457766,0.030760240131753706,-1.1331908328774714,-1.0896591438189738,-1.1743556957152792
9264,-0.9239101658485277,-1.5681864291091574,1.1952052836879563,-0.4172809367614856,-0.9419219057744619,2.033062156550067,0.053232747171014186,-1.0083858794535039,-0.9583249029000951,-1.0609918409764298
9265,-1.1348775809658698,0.8817216424333439,-1.4320155892949833,1.6516334805591384,0.1749223087196192,-0.6521385410756733,0.04085427402645699,-1.4273739373768235,-1.4311281702080605,-1.4010834051929784
9266,0.7638291550902088,0.8817216424333439,-0.9065714146983955,-1.2448467036897353,0.1749223087196192,-0.6521385410756733,0.30839929873027677,0.8904323404968605,0.8978657020867323,0.9087051351110781
9267,0.4473780324141958,0.8817216424333439,0.14431693449478036,-0.8310638202256104,0.6635416525607812,-0.2046050914713833,0.21340912713170057,0.6229931545883579,0.5563966756976465,0.6678069437910232
9268,1.8608597137003875,-1.5681864291091574,1.1952052836879563,0.410284830166764,0.6635416525607812,0.2429283581329067,0.7539712054401531,1.585774223858965,1.5808037548649048,1.6739111545983116
9269,-1.155974322477604,-1.5681864291091574,-1.4320155892949833,0.410284830166764,-0.31369703512154284,-0.2046050914713833,0.025500717207671466,-1.4986910536190907,-1.4486394023305773,-1.4861062962471148
9270,-0.7973297167781225,0.8817216424333439,1.1952052836879563,-0.4172809367614856,0.3145278355313812,-1.5472054402842532,0.06848005100143442,-0.8211784493175527,-0.7832125816749225,-0.7634117222869502
9271,-0.1644274714260963,0.8817216424333439,1.1952052836879563,-0.8310638202256104,0.38433059893725724,-1.5472054402842532,0.1219253041491792,0.025712306059370308,0.04857094414464647,0.08681718825442046
9272,-1.0293938734071988,0.8817216424333439,-0.9065714146983955,0.410284830166764,0.38433059893725724,-1.0996719906799632,0.05004515752005525,-1.2134225886500216,-1.2297490007991119,-1.1743556957152792
9273,-1.0293938734071988,0.8817216424333439,-1.4320155892949833,0.410284830166764,0.1749223087196192,-1.0996719906799632,0.036126016044201244,-1.2490811467711553,-1.212237768676595,-1.2026966593999917
9274,3.443115327080454,0.8817216424333439,0.6697611090913683,-0.8310638202256104,0.38433059893725724,0.6904618077371967,0.9486266801253785,2.5039820954781544,2.5176546734195764,2.5524810288243946
9275,-0.8395231998015908,0.8817216424333439,1.1952052836879563,-0.4172809367614856,-0.4533025619332999,-0.6521385410756733,0.06678000318758966,-0.8657516469689694,-0.8269906619812155,-0.8767755770257997
9276,-0.5230720771255777,0.8817216424333439,-0.9065714146983955,-1.2448467036897353,-0.5929080887450618,-0.2046050914713833,0.09775274929607396,-0.39327575186394914,-0.3629430107345084,-0.43749063991275816
9277,-0.12223398840262782,-0.751550405261657,-1.4320155892949833,0.410284830166764,1.2219637598078192,-0.6521385410756733,0.16803910109971842,0.0167976665290871,0.0573265602059049,0.18601056115091347
9278,1.481118366489172,0.06508561858584352,0.14431693449478036,0.410284830166764,-0.5231053253391809,0.2429283581329067,0.7624714445093769,1.4609692704349977,1.3794245854559561,1.3338195903817645
9279,-0.9872003903837303,0.06508561858584352,-0.9065714146983955,0.410284830166764,-0.38349979852741883,0.2429283581329067,0.053232747171014186,-1.1510201119380377,-1.1597040723090428,-1.1743556957152792
9280,0.8482161211371456,-1.5681864291091574,1.1952052836879563,-1.2448467036897353,1.1521609964019384,-1.0996719906799632,0.24013175370557296,0.8815177009665764,0.8015539254128881,0.9937280261652158
9281,0.4473780324141958,-1.5681864291091574,-0.38112724010180754,1.2378505970950135,-0.4533025619332999,0.2429283581329067,0.3600382510758115,0.6051638755277915,0.6264416041877154,0.5544430890521743
9282,0.23641061729685378,-0.751550405261657,-0.9065714146983955,-0.8310638202256104,1.4313720500254572,0.2429283581329067,0.20087127450459544,0.3198954105587225,0.26746134567611196,0.4694201979980372
9283,1.481118366489172,-1.5681864291091574,0.14431693449478036,1.2378505970950135,-1.221132959397981,1.1379952573414867,0.9179726929819901,1.4520546309047144,1.493247594252319,1.2771376630123397
9284,0.23641061729685378,0.8817216424333439,-1.4320155892949833,-1.2448467036897353,-0.5231053253391809,0.2429283581329067,0.2195186739627052,0.4447003639826906,0.48635174720757746,0.398567788786256
9285,-1.0293938734071988,0.8817216424333439,-0.9065714146983955,-1.2448467036897353,-0.38349979852741883,-1.0996719906799632,0.038888593741698986,-1.106446914286621,-1.1947265365540773,-1.1743556957152792
9286,-0.4808785941021094,-0.751550405261657,0.14431693449478036,1.6516334805591384,-2.8963992811391,1.1379952573414867,0.12208468363172714,-0.21498296125828106,-0.24912000193814646,-0.5508544946516076
9287,2.7258261156814902,0.06508561858584352,-0.38112724010180754,-0.8310638202256104,-0.24389427171566183,1.1379952573414867,0.7746374116772035,2.2365429095696534,2.158674414907973,2.1415370553960655
9288,-0.20662095444956474,0.06508561858584352,-1.4320155892949833,-1.2448467036897353,0.6635416525607812,0.6904618077371967,0.14753227434521596,-0.054519449713180144,-0.09151891283549156,0.0017942972002833347
9289,1.5233118495126405,-0.751550405261657,0.6697611090913683,-1.2448467036897353,1.5709775768372194,0.2429283581329067,0.4938107634277214,1.3718228751321633,1.283112808782112,1.5463768180171062
9290,0.6794421890432724,0.06508561858584352,-0.38112724010180754,0.8240677136308887,0.24472507212550018,0.2429283581329067,0.3162088933751262,0.8102005847243092,0.7577758451065942,0.8095117622145858
9291,0.08873342671471421,-1.5681864291091574,-0.9065714146983955,-1.2448467036897353,-1.779555066645019,0.6904618077371967,0.2023588163417096,0.40012716633127293,0.4163068187175084,0.18601056115091347
9292,-1.0293938734071988,0.06508561858584352,1.1952052836879563,0.410284830166764,0.3145278355313812,0.6904618077371967,0.03708229293948892,-1.2312518677105888,-1.256015848982888,-1.2026966593999917
9293,-0.8817166828250593,0.8817216424333439,1.1952052836879563,0.8240677136308887,0.38433059893725724,-1.0996719906799632,0.04340434574722414,-0.9816419608626535,-0.9233024386550606,-0.9051165407105121
9294,0.8693128626488799,0.8817216424333439,1.1952052836879563,0.8240677136308887,0.035316781907857205,-0.2046050914713833,0.5676565903416033,0.9617494567391269,0.985421862699319,0.97955754432286
9295,0.9115063456723483,0.8817216424333439,-1.4320155892949833,1.6516334805591384,-1.2909357228038618,-0.2046050914713833,0.6924507251766456,1.086554410163095,1.1342673357407154,0.9228756169534352
9296,-0.20662095444956474,-1.5681864291091574,-0.38112724010180754,-0.8310638202256104,1.0823582329960573,-0.6521385410756733,0.10040907400520639,-0.08126336830403057,-0.04774083252919862,0.058476224569708087
9297,-1.1770710639893383,0.8817216424333439,0.14431693449478036,1.6516334805591384,-0.4533025619332999,-0.2046050914713833,0.029325824788822185,-1.516520332679657,-1.466150634453095,-1.5144472599318273
9298,1.1224737607896906,-0.751550405261657,1.1952052836879563,0.8240677136308887,0.7333444159666572,1.1379952573414867,0.5363650852680232,1.0152372939208278,1.0379555590668703,1.1212623627464213
9299,-0.7973297167781225,0.8817216424333439,0.14431693449478036,0.8240677136308887,0.38433059893725724,-1.0996719906799632,0.05859852308346172,-0.8390077283781191,-0.8445018941037331,-0.7917526859716626
9300,-1.0293938734071988,0.8817216424333439,1.1952052836879563,0.410284830166764,-0.24389427171566183,-0.6521385410756733,0.03708229293948892,-1.2223372281803049,-1.2209933847378536,-1.231037623084704
9301,-0.5863623016607803,-1.5681864291091574,0.6697611090913683,-0.8310638202256104,-0.5929080887450618,0.6904618077371967,0.051745205333900014,-0.5269953448182004,-0.4855216355921296,-0.5650249764939635
9302,-1.050490614918933,0.06508561858584352,-0.9065714146983955,1.6516334805591384,0.4541333623431382,0.2429283581329067,0.05126706688625617,-1.2758250653620058,-1.2910383132279224,-1.231037623084704
9303,-1.050490614918933,0.8817216424333439,-0.9065714146983955,0.410284830166764,0.38433059893725724,-1.5472054402842532,0.03771981086968071,-1.2847397048922888,-1.2209933847378536,-1.2026966593999917
9304,0.6161519645080696,0.8817216424333439,1.1952052836879563,-0.8310638202256104,0.24472507212550018,-0.6521385410756733,0.2481007278329703,0.8280298637848764,0.7490202290453358,0.8236822440569416
9305,-1.050490614918933,0.8817216424333439,1.1952052836879563,1.6516334805591384,0.8031471793725382,-1.0996719906799632,0.046645061892365725,-1.2579957863014386,-1.256015848982888,-1.1743556957152792
9306,-0.08004050537915937,0.8817216424333439,0.6697611090913683,-1.2448467036897353,-0.10428874490389983,-1.5472054402842532,0.1274504595441747,0.11485870136220476,0.16239395294100842,0.1293286337814887
9307,0.5317649984611327,-1.5681864291091574,-0.9065714146983955,-1.2448467036897353,-1.7097523032391428,0.6904618077371967,0.3162088933751262,0.801285945194026,0.8365763896579225,0.5827840527368867
9308,-0.9450069073602619,0.8817216424333439,-1.4320155892949833,0.8240677136308887,-0.38349979852741883,-0.6521385410756733,0.04404186367741593,-1.0707883561654872,-1.0371254474514224,-1.0751623228187863
9309,-1.050490614918933,0.8817216424333439,-0.38112724010180754,1.6516334805591384,-0.17409150830978082,-1.0996719906799632,0.03134463156776284,-1.240166507240872,-1.1947265365540773,-1.2168671412423475
9310,-1.050490614918933,0.8817216424333439,-1.4320155892949833,1.6516334805591384,0.38433059893725724,-1.5472054402842532,0.039419858683525474,-1.2669104258317225,-1.2034821526153359,-1.1885261775576352
9311,-0.5652655601490462,-1.5681864291091574,-1.4320155892949833,-1.2448467036897353,-0.10428874490389983,0.2429283581329067,0.0741114593847952,-0.48242214716678283,-0.44174355528583586,-0.46583160359747056
9312,-0.9872003903837303,0.06508561858584352,0.6697611090913683,-1.2448467036897353,-0.9419219057744619,0.6904618077371967,0.023056898475269618,-1.0975322747563376,-1.045881063512681,-1.146014732030567
9313,-0.20662095444956474,0.06508561858584352,1.1952052836879563,-0.8310638202256104,0.1749223087196192,0.6904618077371967,0.10444668756308771,-0.09909264736459697,-0.1352969931417845,-0.09739907569620966
9314,-0.9450069073602619,-1.5681864291091574,0.14431693449478036,0.8240677136308887,0.1051195453137382,-0.6521385410756733,0.04037613557881315,-1.0975322747563376,-1.0546366795739395,-1.0609918409764298
9315,-0.1855242129378305,0.8817216424333439,1.1952052836879563,-0.8310638202256104,-0.4533025619332999,-0.6521385410756733,0.12027838282951708,0.0167976665290871,0.031059712022128826,-0.026546666484429042
9316,1.5233118495126405,-1.5681864291091574,1.1952052836879563,0.410284830166764,0.8031471793725382,1.1379952573414867,0.6395367369707273,1.3807375146624472,1.3794245854559561,1.4896948906476815
9317,0.700538930555006,0.8817216424333439,1.1952052836879563,1.2378505970950135,-0.38349979852741883,-0.2046050914713833,0.48950751739892684,0.8815177009665764,0.8015539254128881,0.7811707985298727
9318,-1.1348775809658698,-1.5681864291091574,-1.4320155892949833,0.410284830166764,0.24472507212550018,-0.6521385410756733,0.024013175370557298,-1.4452032164373898,-1.4048613220242845,-1.3869129233506219
9319,1.9241499382355902,0.06508561858584352,0.6697611090913683,-1.2448467036897353,-1.081527432586219,0.2429283581329067,0.5845508154916857,1.7997255725857666,1.7996941563963704,1.6172292272288868
9320,-0.1644274714260963,1.6983576662808442,0.14431693449478036,0.410284830166764,-4.4320600760684625,2.928129055758647,0.14471657015353556,0.2931514919678721,0.20617203324730138,-0.28161533964684043
9321,0.4473780324141958,0.8817216424333439,-0.9065714146983955,-0.8310638202256104,0.5937388891549003,-0.6521385410756733,0.25421027466397494,0.5427613988158074,0.5826635238814225,0.6394659801063115
9322,-0.9872003903837303,0.8817216424333439,-0.38112724010180754,0.8240677136308887,0.035316781907857205,-0.6521385410756733,0.030760240131753706,-1.1777640305288881,-1.11592599200275,-1.1318442501882104
9323,0.08873342671471421,0.8817216424333439,-0.9065714146983955,-1.2448467036897353,-0.17409150830978082,-1.5472054402842532,0.17345800350634863,0.3020661314981561,0.3462618902274394,0.29937441588976293
9324,-0.5441688186373119,0.8817216424333439,-0.9065714146983955,-1.2448467036897353,0.24472507212550018,-0.6521385410756733,0.09488391861021091,-0.4289343099850828,-0.4592547874083535,-0.40914967622804577
9325,-0.4808785941021094,0.8817216424333439,-0.9065714146983955,0.410284830166764,0.035316781907857205,-0.6521385410756733,0.11172501726611062,-0.3487025542125323,-0.37169862679576765,-0.35246774885862103
9326,-0.8817166828250593,0.8817216424333439,-0.9065714146983955,-1.2448467036897353,0.035316781907857205,-1.0996719906799632,0.04696382085746162,-0.9459834027415199,-0.9145468225938014,-0.9192870225528679
9327,0.46847477392593007,0.8817216424333439,-0.38112724010180754,-0.8310638202256104,0.1051195453137382,-0.6521385410756733,0.2312596291770706,0.6586517127094915,0.6789753005552669,0.681977425633379
9328,-0.6074590431725145,0.8817216424333439,-1.4320155892949833,-1.2448467036897353,-0.6627108521509428,-0.2046050914713833,0.07634277214046645,-0.5002514262273501,-0.45049917134709505,-0.5366840128092512
9329,0.21531387578511957,1.6983576662808442,-1.4320155892949833,-0.8310638202256104,2.8274273181430574,0.2429283581329067,0.16384210805928917,0.25749293384673844,0.2149276493085606,0.5827840527368867
9330,-1.0293938734071988,0.8817216424333439,-0.38112724010180754,1.6516334805591384,0.4541333623431382,-0.2046050914713833,0.033204058864155554,-1.2579957863014386,-1.2034821526153359,-1.1743556957152792
9331,0.4262812909024616,1.6983576662808442,-1.4320155892949833,-1.2448467036897353,-2.5473854641097,2.4805956061543566,0.22382191999149975,0.7745420266031756,0.6877309166165253,0.38439730694390006
9332,1.7342792646299827,0.06508561858584352,0.14431693449478036,-1.2448467036897353,0.5937388891549003,0.2429283581329067,0.7000478138447643,1.5590303052681154,1.5720481388036465,1.6455701909135998
9333,-0.1644274714260963,-1.5681864291091574,1.1952052836879563,-1.2448467036897353,1.0823582329960573,-1.9947388898885432,0.12314721351538012,-0.0010316125314793153,-0.04774083252919862,0.10098767009677634
9334,1.481118366489172,-1.5681864291091574,-0.38112724010180754,-1.2448467036897353,-0.8023163789626999,1.1379952573414867,0.5514530096158955,1.532286386677265,1.4232026657622499,1.3479900722241203
9335,-0.5019753356138434,0.8817216424333439,1.1952052836879563,0.410284830166764,0.1749223087196192,-0.6521385410756733,0.09020878712213781,-0.38436111233366593,-0.39796547497954293,-0.36663823070097756
9336,0.46847477392593007,-1.5681864291091574,0.14431693449478036,-0.8310638202256104,-0.9419219057744619,1.1379952573414867,0.22111246878818466,0.6764809917700587,0.6964865326777845,0.5544430890521743
9337,0.08873342671471421,-1.5681864291091574,0.14431693449478036,-0.8310638202256104,0.7333444159666572,-0.2046050914713833,0.14110396854911544,0.23074901525588884,0.26746134567611196,0.3418858614168312
9338,-0.05894376386742515,-1.5681864291091574,-0.9065714146983955,0.8240677136308887,0.4541333623431382,0.2429283581329067,0.1935398183073899,0.07920014324107114,0.11861587263471549,0.15766959746620107
9339,-1.0082971318954645,-1.5681864291091574,0.14431693449478036,0.8240677136308887,0.38433059893725724,-1.0996719906799632,0.036976039951123627,-1.2045079491197386,-1.1509484562477845,-1.1318442501882104
9340,-0.755136233754654,-0.751550405261657,-1.4320155892949833,-1.2448467036897353,1.1521609964019384,-0.2046050914713833,0.04016362960208256,-0.8211784493175527,-0.7744569656136641,-0.678388831232813
9341,-0.5441688186373119,0.8817216424333439,-0.9065714146983955,1.6516334805591384,-0.24389427171566183,-2.4422723394928334,0.15390745364713382,-0.38436111233366593,-0.34543177861199154,-0.3949791943856899
9342,-1.0293938734071988,0.8817216424333439,-0.38112724010180754,-1.2448467036897353,-0.38349979852741883,0.2429283581329067,0.022153748074164585,-1.2134225886500216,-1.1772153044315605,-1.2168671412423475
9343,0.8904096041606141,0.8817216424333439,0.6697611090913683,0.410284830166764,0.5239361257490193,-0.2046050914713833,0.3166339053285874,0.9795787357996941,1.0204443269443535,1.0645804353769965
9344,0.9115063456723483,0.8817216424333439,1.7206494582845442,0.410284830166764,-0.17409150830978082,-0.2046050914713833,0.27716092015087923,1.041981212511678,1.0642224072506465,1.0220689898499276
9345,-1.050490614918933,-0.751550405261657,1.1952052836879563,1.2378505970950135,1.0125554695901813,0.2429283581329067,0.04191680391010997,-1.338227542073989,-1.299793929289181,-1.2168671412423475
9346,-0.5863623016607803,-1.5681864291091574,0.6697611090913683,-1.2448467036897353,-1.0117246691803428,1.5855287069457766,0.05530468044413749,-0.5269953448182004,-0.4680104034696119,-0.5933659401786759
9347,0.21531387578511957,-1.5681864291091574,0.6697611090913683,0.410284830166764,-2.337977173892062,2.033062156550067,0.1771237316049514,0.4981882011643906,0.5388854435751288,0.21435152483562583
9348,-0.1855242129378305,0.8817216424333439,-1.4320155892949833,0.410284830166764,0.035316781907857205,-0.2046050914713833,0.1397226797003666,-0.02777553112232973,-0.003962752222904903,-0.012376184642073167
9349,1.0169900532310194,0.06508561858584352,-0.38112724010180754,-1.2448467036897353,-1.2909357228038618,0.6904618077371967,0.3560006375179302,1.202444724056779,1.1517785678632324,0.97955754432286
9350,-0.438685111078641,0.06508561858584352,-1.4320155892949833,0.410284830166764,-1.1513301959920998,0.6904618077371967,0.13696010200286884,-0.24172687984913147,-0.27538685012192254,-0.3808087125433334
9351,0.046539943691245755,0.8817216424333439,-0.38112724010180754,-1.2448467036897353,0.5239361257490193,-0.2046050914713833,0.15045423152526166,0.1594318990136216,0.20617203324730138,0.2426924885203382
9352,0.9115063456723483,0.8817216424333439,1.1952052836879563,0.8240677136308887,0.24472507212550018,-0.2046050914713833,0.49035754130584924,1.0152372939208278,0.9241325502705084,0.9937280261652158
9353,-0.8395231998015908,-0.751550405261657,-1.4320155892949833,-0.8310638202256104,-0.38349979852741883,1.5855287069457766,0.031238378579397545,-0.9103248446203863,-0.8707687422875084,-0.9192870225528679
9354,-0.6074590431725145,0.8817216424333439,-0.9065714146983955,0.410284830166764,0.035316781907857205,-1.0996719906799632,0.0999840620517452,-0.4913367866970668,-0.5117884837759049,-0.4941725672821829
9355,0.5739584814846012,0.06508561858584352,0.14431693449478036,-0.8310638202256104,-0.6627108521509428,0.2429283581329067,0.23859108537427615,0.7923713056637428,0.8278207735966633,0.7103183893180921
9356,0.21531387578511957,-1.5681864291091574,0.6697611090913683,-0.8310638202256104,-0.8721191423685809,-0.6521385410756733,0.18403017584869574,0.4357857244524066,0.44257366690128447,0.32771537957447533
9357,-0.438685111078641,0.8817216424333439,0.14431693449478036,-0.8310638202256104,-1.5701467764273809,-0.2046050914713833,0.06486744939701429,-0.20606832172799786,-0.170319457386819,-0.36663823070097756
9358,-0.5230720771255777,-1.5681864291091574,0.14431693449478036,-1.2448467036897353,0.9427527061843003,-0.6521385410756733,0.07267704404186368,-0.4556782285759332,-0.43298793922457746,-0.33829726701626517
9359,-1.0293938734071988,-0.751550405261657,1.7206494582845442,-0.8310638202256104,1.0823582329960573,0.2429283581329067,0.017797375551187378,-1.240166507240872,-1.212237768676595,-1.1176737683458546
9360,-0.5441688186373119,-1.5681864291091574,-0.9065714146983955,-1.2448467036897353,-1.0117246691803428,1.5855287069457766,0.08765871540137066,-0.4200196704547996,-0.38920985891828447,-0.5083430491245388
9361,-1.1137808394541355,0.8817216424333439,-1.4320155892949833,1.2378505970950135,0.1749223087196192,-0.6521385410756733,0.031132125591032248,-1.400630018785973,-1.3523276256567323,-1.3444014778235536
9362,-1.0082971318954645,0.8817216424333439,-1.4320155892949833,0.8240677136308887,-0.5231053253391809,-0.2046050914713833,0.0477075917760187,-1.1866786700591714,-1.1509484562477845,-1.2026966593999917
9363,0.5106682569493985,-0.751550405261657,1.7206494582845442,0.410284830166764,-3.036004807950862,1.1379952573414867,0.20421824363810231,0.91717625908771,0.8628432378416978,0.4694201979980372
9364,1.481118366489172,-1.5681864291091574,0.14431693449478036,0.410284830166764,1.5011748134313383,-0.2046050914713833,0.6926101046591936,1.2737618402990463,1.309379656965888,1.5038653724900373
9365,-0.3964916280551725,0.06508561858584352,0.14431693449478036,0.410284830166764,-1.5003440130215,1.5855287069457766,0.11023747542899644,-0.1347512054857306,-0.20534192163185352,-0.33829726701626517
9366,1.1435705023014249,0.06508561858584352,-0.38112724010180754,-0.8310638202256104,-0.10428874490389983,1.1379952573414867,0.23917547681028528,1.1757008054659286,1.0817336393731634,1.1070918809040653
9367,-0.1855242129378305,-1.5681864291091574,0.14431693449478036,0.410284830166764,-1.5003440130215,-0.6521385410756733,0.15906072358285075,0.09702942230163755,0.12737148869597392,-0.0690581120114973
9368,-0.9239101658485277,0.06508561858584352,-0.38112724010180754,0.410284830166764,-1.221132959397981,2.033062156550067,0.03872921425915104,-0.9905566003929368,-1.0108585992676464,-1.1035032865034986
9369,0.8482161211371456,0.06508561858584352,-0.38112724010180754,-1.2448467036897353,-1.988963356862662,1.1379952573414867,0.325612282845455,1.1489568868750781,1.055466791189388,0.8095117622145858
9370,1.1224737607896906,0.8817216424333439,1.1952052836879563,1.2378505970950135,0.3145278355313812,-1.5472054402842532,0.6510651862083621,1.1489568868750781,1.1605341839244907,1.192114771958202
9371,-1.0082971318954645,-0.751550405261657,-1.4320155892949833,-1.2448467036897353,1.1521609964019384,-0.6521385410756733,0.027838282951708017,-1.2669104258317225,-1.2209933847378536,-1.1318442501882104
9372,-0.9872003903837303,-0.751550405261657,0.14431693449478036,0.410284830166764,1.0125554695901813,-0.6521385410756733,0.03538224512564416,-1.1955933095894553,-1.1597040723090428,-1.0751623228187863
9373,1.0802802777662222,0.8817216424333439,-0.38112724010180754,0.8240677136308887,0.4541333623431382,-0.6521385410756733,0.44583753918078944,1.1311276078145118,1.0904892554344225,1.16377380827349
9374,-0.9661036488719961,-1.5681864291091574,1.1952052836879563,1.6516334805591384,-0.03448598149801883,-0.6521385410756733,0.04117303299155289,-1.124276193347188,-1.072147911696457,-1.0893328046611421
9375,-1.0926840979424013,-1.5681864291091574,0.14431693449478036,0.8240677136308887,0.24472507212550018,0.6904618077371967,0.025872602666950007,-1.400630018785973,-1.3348163935342154,-1.330230995981197
9376,-0.1644274714260963,0.8817216424333439,-1.4320155892949833,0.410284830166764,-0.03448598149801883,-1.0996719906799632,0.18206449556393772,0.06137086418050393,0.031059712022128826,0.044305742727351584
9377,1.903053196723856,0.8817216424333439,-0.38112724010180754,-0.0034980532973608127,0.5937388891549003,-1.5024520953238236,0.37549806088296234,1.648176700570949,1.6596042994162323,1.7447635638100922
9378,0.8904096041606141,0.8817216424333439,1.1952052836879563,-0.8310638202256104,0.38433059893725724,-0.2046050914713833,0.2813579131913085,0.9974080148602605,0.9328881663317669,1.0078985080075717
9379,-0.9661036488719961,0.8817216424333439,-1.4320155892949833,0.410284830166764,0.4541333623431382,-0.6521385410756733,0.05078892843861234,-1.106446914286621,-1.1246816080640083,-1.0609918409764298
9380,-0.5019753356138434,0.06508561858584352,-0.9065714146983955,-1.2448467036897353,0.38433059893725724,0.2429283581329067,0.09908091165064017,-0.40219039139423235,-0.4592547874083535,-0.3808087125433334
9381,-0.7973297167781225,0.8817216424333439,0.14431693449478036,0.8240677136308887,-0.5231053253391809,-0.2046050914713833,0.054773415502311004,-0.7944345307267022,-0.7569457334911465,-0.8200936496563749
9382,-0.5652655601490462,0.8817216424333439,-0.38112724010180754,0.410284830166764,0.4541333623431382,-0.6521385410756733,0.07501460978590023,-0.4913367866970668,-0.49427725165338804,-0.43749063991275816
9383,1.481118366489172,-0.751550405261657,-0.38112724010180754,0.410284830166764,-0.38349979852741883,1.5855287069457766,0.5467247516336396,1.3539935960715968,1.3881802015172156,1.3054786266970513
9384,-0.41758836956690676,0.06508561858584352,-0.9065714146983955,-1.2448467036897353,0.8031471793725382,0.2429283581329067,0.09557456303458535,-0.3041293565611155,-0.35418739467325,-0.23910389411977154
9385,0.4473780324141958,0.06508561858584352,1.1952052836879563,1.6516334805591384,-0.31369703512154284,1.5855287069457766,0.3437284173617383,0.6586517127094915,0.5126185953913535,0.5402726072098178
9386,-0.1011372468908936,1.6983576662808442,-0.9065714146983955,-0.8310638202256104,1.9897941572724953,-0.2046050914713833,0.15130425543218404,0.007883026998803893,-0.012718368284164113,0.22852200667798234
9387,-0.5863623016607803,0.8817216424333439,1.1952052836879563,1.2378505970950135,0.24472507212550018,-0.6521385410756733,0.09716835786006481,-0.5180807052879165,-0.49427725165338804,-0.4800020854398264
9388,0.8904096041606141,0.8817216424333439,1.1952052836879563,0.8240677136308887,0.5937388891549003,-1.368192060442538,0.46910694363278965,0.9260908986179933,0.9591550145155429,1.0220689898499276
9389,-1.0082971318954645,0.8817216424333439,0.14431693449478036,-0.4172809367614856,0.5239361257490193,-1.5472054402842532,0.0500982840142379,-1.2045079491197386,-1.1509484562477845,-1.1176737683458546
9390,1.987440162770793,0.8817216424333439,1.7206494582845442,-1.2448467036897353,0.24472507212550018,-1.5472054402842532,0.489188758433831,1.7818962935252003,1.7121379957837843,1.7731045274948052
9391,-0.8184264582898567,0.8817216424333439,-1.4320155892949833,0.8240677136308887,-0.5929080887450618,-0.2046050914713833,0.05732348722307815,-0.8657516469689694,-0.8269906619812155,-0.8909460588681556
9392,-1.0293938734071988,0.8817216424333439,1.7206494582845442,-1.2448467036897353,-0.31369703512154284,-0.6521385410756733,0.022206874568347235,-1.2134225886500216,-1.1684596883703013,-1.2026966593999917
9393,-0.5652655601490462,0.06508561858584352,0.14431693449478036,-1.2448467036897353,0.3145278355313812,0.2429283581329067,0.06725814163523348,-0.48242214716678283,-0.5030328677146465,-0.451661121755114
9394,0.4473780324141958,-1.5681864291091574,0.6697611090913683,-1.2448467036897353,1.7105831036489814,-1.0996719906799632,0.23774106146735377,0.4892735616341074,0.5301298275138704,0.7244888711604479
9395,-0.6285557846842488,0.8817216424333439,-0.38112724010180754,1.2378505970950135,-0.8023163789626999,-1.0996719906799632,0.0908463050523296,-0.5359099843484837,-0.49427725165338804,-0.5933659401786759
9396,-1.0082971318954645,0.8817216424333439,1.1952052836879563,-0.4172809367614856,0.38433059893725724,-1.9947388898885432,0.04877012165967168,-1.1777640305288881,-1.1246816080640083,-1.1035032865034986
9397,-0.9661036488719961,-1.5681864291091574,1.1952052836879563,0.410284830166764,0.8031471793725382,-1.0996719906799632,0.031663390532858736,-1.1421054724077544,-1.0633922956351987,-1.0184803954493615
9398,-1.0082971318954645,-1.5681864291091574,1.1952052836879563,-1.2448467036897353,0.7333444159666572,-0.6521385410756733,0.02534133772512352,-1.240166507240872,-1.2034821526153359,-1.146014732030567
9399,2.092923870329464,0.06508561858584352,1.1952052836879563,-1.2448467036897353,-0.8721191423685809,0.2429283581329067,0.7505179833182808,1.9156158864794508,1.834716620641405,1.7164226001253804
9400,-0.3964916280551725,0.8817216424333439,-1.4320155892949833,0.410284830166764,-0.24389427171566183,-0.6521385410756733,0.12930988684056738,-0.23281224031884826,-0.1965863055705951,-0.23910389411977154
9401,-0.8184264582898567,0.06508561858584352,0.6697611090913683,1.6516334805591384,-1.2909357228038618,0.2429283581329067,0.05636721032779047,-0.7676906121358518,-0.8094794298586986,-0.9051165407105121
9402,3.6118892591743266,0.06508561858584352,1.7206494582845442,-0.8310638202256104,-1.7097523032391428,0.2429283581329067,0.8727089199383733,2.7981651999775066,2.710278226767267,2.4249466922431893
9403,0.9747965702075511,0.8817216424333439,-1.4320155892949833,1.6516334805591384,-0.4533025619332999,-0.2046050914713833,0.7597088668118791,1.1311276078145118,1.0904892554344225,1.0362394716922834
9404,-1.0082971318954645,0.06508561858584352,1.1952052836879563,0.410284830166764,-0.6627108521509428,0.6904618077371967,0.029803963236466027,-1.1777640305288881,-1.1334372241252668,-1.2026966593999917
9405,-0.5230720771255777,0.8817216424333439,-1.4320155892949833,0.410284830166764,-1.0117246691803428,-0.2046050914713833,0.09111193752324284,-0.38436111233366593,-0.39796547497954293,-0.4941725672821829
9406,0.5528617399728669,-1.5681864291091574,0.6697611090913683,-1.2448467036897353,-1.081527432586219,0.6904618077371967,0.23944110928119852,0.7923713056637428,0.8190651575354049,0.6536364619486673
9407,-0.5652655601490462,0.06508561858584352,0.14431693449478036,0.410284830166764,-0.24389427171566183,1.1379952573414867,0.0931307443021835,-0.4645928681062164,-0.4855216355921296,-0.4941725672821829
9408,-1.0082971318954645,0.06508561858584352,1.7206494582845442,0.410284830166764,0.1051195453137382,0.2429283581329067,0.02677575306805504,-1.2045079491197386,-1.212237768676595,-1.1885261775576352
9409,-0.9028134243367935,0.06508561858584352,0.14431693449478036,-0.8310638202256104,-1.081527432586219,1.1379952573414867,0.03315093236997291,-0.9192394841506695,-0.9933473671451296,-1.0468213591340738
9410,-0.8395231998015908,-0.751550405261657,-1.4320155892949833,0.8240677136308887,1.4313720500254572,-0.2046050914713833,0.060457950379854436,-0.9014102050901031,-0.9145468225938014,-0.7634117222869502
9411,1.5022151080009063,0.8817216424333439,0.6697611090913683,-1.2448467036897353,-0.38349979852741883,1.1379952573414867,0.44605004515752006,1.478798549495564,1.4319582818235084,1.390501517751188
9412,-1.0293938734071988,0.8817216424333439,-0.9065714146983955,-1.2448467036897353,0.035316781907857205,-0.2046050914713833,0.03633852202093184,-1.2134225886500216,-1.2297490007991119,-1.2026966593999917
9413,-0.5652655601490462,-1.5681864291091574,1.7206494582845442,0.410284830166764,1.0823582329960573,-0.6521385410756733,0.05960792647293205,-0.4913367866970668,-0.5380553319596809,-0.3949791943856899
9414,1.481118366489172,-1.5681864291091574,-0.9065714146983955,-1.2448467036897353,-0.7325136155568189,2.033062156550067,0.6078733464378686,1.3985667937230135,1.3969358175784738,1.2771376630123397
9415,1.8819564552121217,-1.5681864291091574,1.7206494582845442,-0.0034980532973608127,-1.081527432586219,1.5855287069457766,0.2753014928544865,1.7551523749343498,1.7996941563963704,1.588888263544175
9416,-0.9872003903837303,0.8817216424333439,-1.4320155892949833,1.2378505970950135,0.3145278355313812,-1.0996719906799632,0.0523827232640918,-1.1688493909986049,-1.11592599200275,-1.1035032865034986
9417,-1.050490614918933,-1.5681864291091574,0.6697611090913683,0.8240677136308887,1.1521609964019384,-1.5472054402842532,0.032300908463050525,-1.2579957863014386,-1.2647714650441464,-1.146014732030567
9418,-1.1137808394541355,-1.5681864291091574,-1.4320155892949833,1.6516334805591384,0.5239361257490193,0.6904618077371967,0.03293842639324231,-1.463032495497957,-1.396105705963026,-1.3727424415082659
9419,-0.8184264582898567,0.8817216424333439,0.14431693449478036,0.410284830166764,-0.4533025619332999,-0.6521385410756733,0.05881102906019232,-0.8033491702569854,-0.818235045919957,-0.8484346133410873
9420,0.4473780324141958,0.8817216424333439,1.1952052836879563,-1.2448467036897353,0.8031471793725382,-0.6521385410756733,0.2713170057907879,0.5873345964672243,0.6089303720651978,0.6961479074757362
9421,-1.050490614918933,0.8817216424333439,-0.38112724010180754,-1.2448467036897353,0.8031471793725382,-0.2046050914713833,0.0286883068586304,-1.2847397048922888,-1.2910383132279224,-1.2026966593999917
9422,-0.7340394922429198,0.8817216424333439,0.6697611090913683,0.410284830166764,0.1051195453137382,-1.5472054402842532,0.03809169632895925,-0.723117414484435,-0.6956564210623358,-0.6925593130751695
9423,0.5317649984611327,-1.5681864291091574,0.14431693449478036,-1.2448467036897353,-1.430541249615619,1.1379952573414867,0.3010147160388886,0.801285945194026,0.8540876217804394,0.6252954982639549
9424,1.5444085910243748,0.8817216424333439,-0.38112724010180754,-0.0034980532973608127,0.38433059893725724,-0.6521385410756733,0.34410030282101683,1.4698839099652807,1.4056914336397324,1.4896948906476815
9425,-0.5652655601490462,0.8817216424333439,-1.4320155892949833,0.410284830166764,0.1749223087196192,-0.6521385410756733,0.10391542262126122,-0.39327575186394914,-0.4680104034696119,-0.40914967622804577
9426,0.9326030871840826,-1.5681864291091574,0.6697611090913683,0.410284830166764,-1.221132959397981,0.2429283581329067,0.3258779153163683,1.1132983287539453,1.1342673357407154,0.937046098795791
9427,-0.9872003903837303,-1.5681864291091574,1.1952052836879563,0.410284830166764,0.7333444159666572,-1.5472054402842532,0.030760240131753706,-1.1866786700591714,-1.1509484562477845,-1.0893328046611421
9428,0.8482161211371456,-1.5681864291091574,0.6697611090913683,-1.2448467036897353,0.8031471793725382,-1.5472054402842532,0.3163682728576741,0.9082616195574269,0.9066213181479907,1.0078985080075717
9429,-0.7973297167781225,-1.5681864291091574,-0.38112724010180754,1.6516334805591384,0.4541333623431382,-1.0996719906799632,0.048929501142219625,-0.8479223679084023,-0.8094794298586986,-0.777582204129306
9430,-0.9872003903837303,0.06508561858584352,-0.38112724010180754,0.410284830166764,0.4541333623431382,0.2429283581329067,0.02767890346916007,-1.1955933095894553,-1.1509484562477845,-1.1176737683458546
9431,-0.1644274714260963,-1.5681864291091574,-1.4320155892949833,1.6516334805591384,-1.7097523032391428,1.1379952573414867,0.17924879137225735,0.12377334089248797,0.08359340838968098,-0.09739907569620966
9432,-1.050490614918933,-1.5681864291091574,-1.4320155892949833,-0.8310638202256104,-0.03448598149801883,1.5855287069457766,0.022366254050895183,-1.2847397048922888,-1.2297490007991119,-1.24520810492706
9433,0.21531387578511957,-1.5681864291091574,0.6697611090913683,-0.8310638202256104,-0.9419219057744619,0.2429283581329067,0.1646390054720289,0.462529643043257,0.5038629793300943,0.3560563432591877
9434,-0.6285557846842488,-1.5681864291091574,-1.4320155892949833,1.6516334805591384,0.1749223087196192,-1.0996719906799632,0.11183127025447591,-0.5804831819999005,-0.5468109480209394,-0.5366840128092512
9435,0.21531387578511957,0.06508561858584352,0.6697611090913683,-0.8310638202256104,0.3145278355313812,0.6904618077371967,0.15013547256016577,0.3377246896192897,0.293728193859888,0.3560563432591877
9436,-0.1855242129378305,-1.5681864291091574,-0.9065714146983955,-1.2448467036897353,0.4541333623431382,-1.5472054402842532,0.15337618870530734,-0.018860891592046524,0.04857094414464647,0.07264670641206396
9437,0.6161519645080696,-1.5681864291091574,-1.4320155892949833,-0.8310638202256104,0.3145278355313812,0.2429283581329067,0.2743983424533815,0.7210541894214756,0.7665314611678535,0.7811707985298727
9438,1.059183536254488,0.06508561858584352,0.6697611090913683,-0.4172809367614856,0.035316781907857205,0.2429283581329067,0.41226159485735536,1.1311276078145118,1.0642224072506465,1.0929213990617082
9439,0.21531387578511957,-1.5681864291091574,1.1952052836879563,-1.2448467036897353,0.8729499427784192,-0.2046050914713833,0.19555862508633054,0.3555539686798561,0.39879558659499154,0.4835906798403931
9440,0.9536998286958168,0.8817216424333439,0.6697611090913683,0.410284830166764,-1.221132959397981,-0.2046050914713833,0.2547415396058014,1.1935300845264958,1.1255117196794562,0.97955754432286
9441,-0.20662095444956474,0.06508561858584352,1.1952052836879563,0.8240677136308887,0.7333444159666572,-0.2046050914713833,0.13467566275301493,-0.054519449713180144,-0.08276329677423314,0.015964779042639207
9442,-0.20662095444956474,0.06508561858584352,1.1952052836879563,0.410284830166764,0.3145278355313812,1.5855287069457766,0.1411570950432981,-0.1258365659554474,-0.170319457386819,-0.11156955753856616
9443,-0.5863623016607803,-1.5681864291091574,1.1952052836879563,0.8240677136308887,-0.03448598149801883,-0.6521385410756733,0.08973064867449397,-0.5002514262273501,-0.4592547874083535,-0.4800020854398264
9444,1.5233118495126405,0.06508561858584352,-0.38112724010180754,-1.2448467036897353,-0.5231053253391809,0.2429283581329067,0.5061361100780959,1.478798549495564,1.493247594252319,1.390501517751188
9445,-0.05894376386742515,1.6983576662808442,0.6697611090913683,1.6516334805591384,-1.779555066645019,3.8231959549672268,0.12176592466663125,0.2040050966650384,0.14488272081849157,-0.040717148326785545
9446,-1.050490614918933,0.06508561858584352,-0.38112724010180754,-1.2448467036897353,-1.1513301959920998,-1.0996719906799632,0.029432077777187482,-1.1777640305288881,-1.185970920492819,-1.2735490686117723
9447,-1.050490614918933,0.06508561858584352,0.14431693449478036,-1.2448467036897353,-0.5929080887450618,1.1379952573414867,0.026563247091324443,-1.2490811467711553,-1.1947265365540773,-1.2593785867694165
9448,0.46847477392593007,-0.751550405261657,-0.9065714146983955,-0.8310638202256104,1.1521609964019384,0.6904618077371967,0.2461350475482123,0.5695053174066579,0.5914191399426809,0.7244888711604479
9449,-1.1981678055010725,0.8817216424333439,-1.4320155892949833,-0.8310638202256104,-0.17409150830978082,-1.0996719906799632,0.017319237103543536,-1.5878374489219242,-1.5361955629431636,-1.5711291873012518
9450,0.5317649984611327,0.8817216424333439,0.14431693449478036,-1.2448467036897353,0.035316781907857205,-0.2046050914713833,0.25123519098974656,0.6943102708306251,0.7052421487390429,0.6961479074757362
9451,-1.050490614918933,-1.5681864291091574,-1.4320155892949833,-1.2448467036897353,0.9427527061843003,-1.9947388898885432,0.035860383573287996,-1.2579957863014386,-1.282282697166664,-1.1743556957152792
9452,0.4473780324141958,1.6983576662808442,-1.4320155892949833,-0.8310638202256104,1.9897941572724953,0.6904618077371967,0.17499867183764545,0.4357857244524066,0.39003997053373235,0.6678069437910232
9453,0.21531387578511957,-1.5681864291091574,-1.4320155892949833,0.410284830166764,0.5239361257490193,0.2429283581329067,0.28183605163895237,0.3644686082101393,0.39003997053373235,0.44107923431332485
9454,-1.050490614918933,0.8817216424333439,-1.4320155892949833,0.410284830166764,-1.081527432586219,-0.2046050914713833,0.04483876109015566,-1.2045079491197386,-1.2034821526153359,-1.2877195504541288
9455,-0.14333072991436205,0.06508561858584352,-1.4320155892949833,0.8240677136308887,-0.38349979852741883,0.2429283581329067,0.17903628539552674,0.03462694558965351,0.08359340838968098,0.015964779042639207
9456,0.4473780324141958,-0.751550405261657,1.1952052836879563,0.8240677136308887,1.4313720500254572,-0.2046050914713833,0.35908197418052384,0.5516760383460907,0.5651522917589049,0.7386593530028038
9457,-0.5230720771255777,0.8817216424333439,-1.4320155892949833,0.8240677136308887,-0.03448598149801883,-1.0996719906799632,0.10492482601073155,-0.4111050309245164,-0.38920985891828447,-0.3949791943856899
9458,-0.6074590431725145,0.8817216424333439,-0.9065714146983955,-1.2448467036897353,-0.10428874490389983,-0.6521385410756733,0.08335546937257611,-0.562653902939334,-0.5380553319596809,-0.5508544946516076
9459,0.4473780324141958,-1.5681864291091574,0.14431693449478036,-0.8310638202256104,1.0823582329960573,-0.2046050914713833,0.22839079849120755,0.5873345964672243,0.5563966756976465,0.7103183893180921
9460,-0.6285557846842488,0.8817216424333439,1.1952052836879563,1.6516334805591384,0.7333444159666572,-0.2046050914713833,0.1027997662434256,-0.6161417401210341,-0.6518783407560429,-0.5508544946516076
9461,-1.1137808394541355,-1.5681864291091574,-0.38112724010180754,1.6516334805591384,-0.38349979852741883,0.2429283581329067,0.023641289911278753,-1.400630018785973,-1.343572009595474,-1.3869129233506219
9462,-0.4808785941021094,-0.751550405261657,0.6697611090913683,-1.2448467036897353,1.0823582329960573,-0.6521385410756733,0.056951601763799604,-0.4111050309245164,-0.38920985891828447,-0.28161533964684043
9463,-0.5863623016607803,1.6983576662808442,0.14431693449478036,-0.8310638202256104,-3.803835205415543,0.6904618077371967,0.05179833182808267,-0.2863000775005483,-0.3366761625507331,-0.7209002767598819
9464,-0.1644274714260963,0.8817216424333439,-0.9065714146983955,0.410284830166764,0.6635416525607812,-0.6521385410756733,0.17101418477394675,-0.07234872877374655,-0.021473984345422546,0.03013526088499571
9465,0.23641061729685378,-1.5681864291091574,-0.38112724010180754,0.410284830166764,0.9427527061843003,0.6904618077371967,0.20469638208574617,0.3822978872707065,0.3462618902274394,0.4835906798403931
9466,0.4262812909024616,0.8817216424333439,1.1952052836879563,0.410284830166764,0.38433059893725724,-0.6521385410756733,0.30940870211974714,0.578419956936941,0.547641059636388,0.6111250164215991
9467,1.586602074047843,-1.5681864291091574,-1.4320155892949833,-0.8310638202256104,-1.5701467764273809,-0.6521385410756733,0.5077299049035754,1.6303474215103817,1.6245818351711978,1.3763310359088319
9468,0.21531387578511957,-0.751550405261657,-0.38112724010180754,0.410284830166764,1.5709775768372194,-0.2046050914713833,0.18796153641821176,0.3644686082101393,0.32875065810492254,0.5402726072098178
9469,0.9115063456723483,0.8817216424333439,0.14431693449478036,-0.8310638202256104,0.24472507212550018,-0.2046050914713833,0.256016575466185,0.9795787357996941,0.9328881663317669,0.97955754432286
9470,-0.9872003903837303,0.8817216424333439,0.14431693449478036,0.410284830166764,0.1051195453137382,-0.2046050914713833,0.03538224512564416,-1.1866786700591714,-1.1509484562477845,-1.146014732030567
9471,-0.7762329752663882,-0.751550405261657,0.14431693449478036,-1.2448467036897353,1.4313720500254572,-0.2046050914713833,0.03926047920097753,-0.8300930888478358,-0.8007238137974394,-0.6642183493904572
9472,-0.8395231998015908,0.8817216424333439,0.6697611090913683,1.2378505970950135,0.8729499427784192,-1.0996719906799632,0.04196993040429262,-0.9192394841506695,-0.8795243583487669,-0.8059231678140184
9473,-0.5652655601490462,-0.751550405261657,-1.4320155892949833,-1.2448467036897353,0.5937388891549003,2.928129055758647,0.06810816554215587,-0.5359099843484837,-0.45049917134709505,-0.4233201580704017
9474,-1.0082971318954645,-1.5681864291091574,-0.9065714146983955,1.2378505970950135,-0.10428874490389983,-1.5472054402842532,0.05392339159538862,-1.1866786700591714,-1.142192840186526,-1.1601852138729227
9475,0.9326030871840826,0.8817216424333439,1.1952052836879563,-1.2448467036897353,0.6635416525607812,-0.6521385410756733,0.2611698454019019,1.0330665729813941,0.9766662466380598,1.0929213990617082
9476,0.8904096041606141,0.06508561858584352,-0.9065714146983955,0.410284830166764,-1.639949539833262,0.6904618077371967,0.5183020772459226,1.1222129682842286,1.0379555590668703,0.8378527258992975
9477,-0.9661036488719961,0.8817216424333439,0.6697611090913683,-0.4172809367614856,0.3145278355313812,-1.7709721650863983,0.035488498114009455,-1.0975322747563376,-1.0633922956351987,-1.0468213591340738
9478,0.21531387578511957,0.8817216424333439,-1.4320155892949833,-0.8310638202256104,-0.03448598149801883,-0.6521385410756733,0.2143122775328056,0.4268710849221234,0.46008489902380134,0.44107923431332485
9479,-0.1644274714260963,-1.5681864291091574,1.7206494582845442,1.2378505970950135,-0.24389427171566183,1.5855287069457766,0.11119375232428412,-0.02777553112232973,0.031059712022128826,-0.026546666484429042
9480,-0.8395231998015908,1.6983576662808442,0.14431693449478036,-1.2448467036897353,2.0595969206783815,0.2429283581329067,0.045529405514530094,-0.9459834027415199,-0.9670805189613535,-0.7492412404445943
9481,0.4473780324141958,-1.5681864291091574,0.14431693449478036,-1.2448467036897353,0.1051195453137382,0.2429283581329067,0.28597991818519897,0.6051638755277915,0.617685988126457,0.6252954982639549
9482,-0.5019753356138434,0.8817216424333439,-0.9065714146983955,-0.8310638202256104,-0.5231053253391809,-0.2046050914713833,0.07432396536152579,-0.38436111233366593,-0.34543177861199154,-0.4233201580704017
9483,1.5022151080009063,1.6983576662808442,-0.38112724010180754,0.410284830166764,2.2690052108960193,2.928129055758647,0.5021516230143973,1.2202740031173456,1.1342673357407154,1.4896948906476815
9484,-1.050490614918933,0.06508561858584352,-0.9065714146983955,0.8240677136308887,0.1051195453137382,0.2429283581329067,0.03782606385804601,-1.293654344422572,-1.2385046168603704,-1.24520810492706
9485,-0.5863623016607803,-1.5681864291091574,-1.4320155892949833,0.410284830166764,0.8729499427784192,0.2429283581329067,0.08718057695372683,-0.5893978215301837,-0.5380553319596809,-0.46583160359747056
9486,0.38408780787899316,0.06508561858584352,-0.38112724010180754,-0.0034980532973608127,-1.5003440130215,1.1379952573414867,0.10869680709769962,0.7834566661334595,0.6527084523714916,0.4977611616827496
9487,-0.20662095444956474,0.8817216424333439,1.1952052836879563,-1.2448467036897353,0.6635416525607812,-0.2046050914713833,0.12495351431759018,-0.03669017065261294,-0.08276329677423314,0.015964779042639207
9488,-0.1644274714260963,-1.5681864291091574,1.1952052836879563,-1.2448467036897353,0.4541333623431382,0.6904618077371967,0.13185995856133453,-0.054519449713180144,-0.03022960040668098,0.015964779042639207
9489,0.8904096041606141,0.8817216424333439,1.1952052836879563,-0.8310638202256104,-1.5003440130215,-0.6521385410756733,0.30356478775965573,1.1757008054659286,1.1255117196794562,0.9228756169534352
9490,-0.1855242129378305,0.8817216424333439,1.7206494582845442,1.6516334805591384,-1.0117246691803428,1.5855287069457766,0.11825957605057642,0.025712306059370308,0.04857094414464647,-0.0832285938538538
9491,-0.20662095444956474,0.8817216424333439,0.14431693449478036,-1.2448467036897353,0.24472507212550018,-0.6521385410756733,0.1379163788981565,-0.054519449713180144,-0.07400768071297392,-0.040717148326785545
9492,-0.1855242129378305,-1.5681864291091574,-0.9065714146983955,0.410284830166764,0.4541333623431382,0.6904618077371967,0.17090793178558147,-0.045604810182896936,-0.003962752222904903,0.03013526088499571
9493,1.7342792646299827,0.06508561858584352,1.1952052836879563,0.410284830166764,0.38433059893725724,0.2429283581329067,0.7213515380120066,1.5679449447983984,1.5808037548649048,1.6172292272288868
9494,0.5106682569493985,0.06508561858584352,-0.38112724010180754,-0.8310638202256104,0.4541333623431382,0.2429283581329067,0.19183977049354514,0.6764809917700587,0.5826635238814225,0.681977425633379
9495,-0.12223398840262782,-1.5681864291091574,-0.38112724010180754,1.6516334805591384,-0.31369703512154284,0.2429283581329067,0.15640439887371832,0.06137086418050393,0.10110464051219785,0.044305742727351584
9496,0.8482161211371456,0.06508561858584352,0.14431693449478036,0.410284830166764,-0.9419219057744619,0.6904618077371967,0.4673006428305796,1.0508958520419613,1.0116887108830943,0.8945346532687222
9497,-0.1855242129378305,1.6983576662808442,1.1952052836879563,-0.8310638202256104,2.1293996840842575,0.2429283581329067,0.10917494554534346,-0.11692192642516418,-0.14405260920304294,0.11515815193913284
9498,0.21531387578511957,-0.751550405261657,-1.4320155892949833,-1.2448467036897353,0.9427527061843003,1.5855287069457766,0.22127184827073262,0.3644686082101393,0.39003997053373235,0.4977611616827496
9499,-0.20662095444956474,1.6983576662808442,0.14431693449478036,-0.8310638202256104,2.4784135011136574,-1.0996719906799632,0.11023747542899644,-0.11692192642516418,-0.21409753769311196,0.11515815193913284
9500,0.4473780324141958,0.8817216424333439,-1.4320155892949833,0.410284830166764,-0.8721191423685809,1.1379952573414867,0.36157891940710835,0.6497370731792083,0.6439528363102324,0.5261021253674619
9501,-1.0293938734071988,0.8817216424333439,0.6697611090913683,0.8240677136308887,0.1051195453137382,-1.5472054402842532,0.025978855655315304,-1.240166507240872,-1.185970920492819,-1.1885261775576352
9502,1.481118366489172,-1.5681864291091574,-0.9065714146983955,-1.2448467036897353,0.9427527061843003,-0.2046050914713833,0.6302396004887637,1.4074814332532968,1.3181352730271465,1.4896948906476815
9503,-0.438685111078641,0.8817216424333439,1.1952052836879563,0.8240677136308887,0.24472507212550018,-1.0996719906799632,0.10179036285395526,-0.3397879146822491,-0.2928980822444394,-0.28161533964684043
9504,-0.9872003903837303,0.8817216424333439,-0.38112724010180754,-1.2448467036897353,-0.03448598149801883,-1.0996719906799632,0.029963342719013974,-1.1599347514683216,-1.11592599200275,-1.1318442501882104
9505,2.6836326326580218,0.8817216424333439,1.7206494582845442,-0.8310638202256104,0.5239361257490193,-0.6521385410756733,0.6788503426658875,2.1830550723879525,2.05360702217287,2.1840485009231343
9506,0.21531387578511957,0.8817216424333439,1.1952052836879563,0.8240677136308887,-0.10428874490389983,-1.0996719906799632,0.23694416405461405,0.4803589221038234,0.43381805084002606,0.44107923431332485
9507,-0.3964916280551725,0.06508561858584352,-1.4320155892949833,-0.8310638202256104,-0.31369703512154284,0.6904618077371967,0.09111193752324284,-0.22389760078856427,-0.3016536983056986,-0.2957858214891963
9508,-1.050490614918933,0.8817216424333439,0.14431693449478036,1.6516334805591384,-0.03448598149801883,-0.6521385410756733,0.036869786962758326,-1.2579957863014386,-1.2209933847378536,-1.231037623084704
9509,1.7342792646299827,0.06508561858584352,0.14431693449478036,0.8240677136308887,-0.31369703512154284,-0.2046050914713833,0.8559740742708388,1.6660059796315154,1.5895593709261633,1.560547299859462
9510,-1.050490614918933,-1.5681864291091574,0.14431693449478036,1.6516334805591384,0.5239361257490193,-0.6521385410756733,0.038782340753333686,-1.3114836234831393,-1.2647714650441464,-1.231037623084704
9511,-1.0082971318954645,0.8817216424333439,-1.4320155892949833,0.410284830166764,0.24472507212550018,-1.0996719906799632,0.047813844764384,-1.1599347514683216,-1.1772153044315605,-1.1318442501882104
9512,0.5106682569493985,0.8817216424333439,-1.4320155892949833,1.6516334805591384,-0.5231053253391809,-0.2046050914713833,0.5260054189024066,0.7834566661334595,0.731508996922819,0.681977425633379
9513,0.8482161211371456,0.8817216424333439,1.7206494582845442,0.410284830166764,-0.10428874490389983,-1.5472054402842532,0.21776549965467779,1.0241519334511109,0.9503993984542844,0.9653870624805029
9514,-0.5652655601490462,0.06508561858584352,-1.4320155892949833,0.410284830166764,-0.5929080887450618,1.1379952573414867,0.09631833395314243,-0.4556782285759332,-0.5030328677146465,-0.5366840128092512
9515,-0.5652655601490462,0.8817216424333439,1.1952052836879563,0.410284830166764,-0.5929080887450618,-0.6521385410756733,0.09599957498804654,-0.4289343099850828,-0.4592547874083535,-0.5083430491245388
9516,-0.20662095444956474,0.06508561858584352,-0.9065714146983955,-1.2448467036897353,-2.058766120268543,0.6904618077371967,0.12521914678850343,0.11485870136220476,0.09234902445093941,-0.13991052122327854
9517,0.4262812909024616,0.06508561858584352,0.14431693449478036,-1.2448467036897353,0.5937388891549003,1.1379952573414867,0.27609839026722627,0.5071028406946738,0.5126185953913535,0.5827840527368867
9518,2.5570521835876163,1.6983576662808442,-1.4320155892949833,-0.8310638202256104,2.618019027925419,-0.6521385410756733,0.592679169101631,1.879957328358317,1.7996941563963704,2.2407304282925593
9519,0.700538930555006,-1.5681864291091574,-1.4320155892949833,-0.8310638202256104,1.1521609964019384,0.6904618077371967,0.2734420655580938,0.7121395498911923,0.7490202290453358,0.8803641714263664
9520,0.9115063456723483,-1.5681864291091574,0.6697611090913683,-1.2448467036897353,-0.8721191423685809,0.2429283581329067,0.30616798597460554,1.041981212511678,1.055466791189388,0.9228756169534352
9521,-0.12223398840262782,0.8817216424333439,0.6697611090913683,0.8240677136308887,-0.6627108521509428,-0.2046050914713833,0.1358444456250332,0.11485870136220476,0.12737148869597392,0.044305742727351584
9522,4.118211055455948,0.8817216424333439,-0.9065714146983955,-0.0034980532973608127,-0.5929080887450618,-0.2046050914713833,0.6989321574669287,2.9497140719923243,2.8416124676861463,2.7650382564597376
9523,-0.6074590431725145,0.06508561858584352,1.1952052836879563,-0.8310638202256104,0.5239361257490193,-0.6521385410756733,0.05450778303139776,-0.5448246238787668,-0.564322180143457,-0.4941725672821829
9524,-0.9661036488719961,0.06508561858584352,0.14431693449478036,0.8240677136308887,-0.9419219057744619,0.2429283581329067,0.05078892843861234,-1.0707883561654872,-1.072147911696457,-1.146014732030567
9525,-0.5863623016607803,-0.751550405261657,0.14431693449478036,-1.2448467036897353,1.4313720500254572,-0.6521385410756733,0.06608935876321521,-0.5893978215301837,-0.5380553319596809,-0.40914967622804577
9526,0.4473780324141958,0.06508561858584352,-1.4320155892949833,0.410284830166764,0.1749223087196192,0.6904618077371967,0.3541412102215375,0.6319077941186418,0.6351972202489738,0.6536364619486673
9527,-0.9872003903837303,0.8817216424333439,1.1952052836879563,-0.4172809367614856,0.24472507212550018,-0.6521385410756733,0.05588907188014663,-1.1510201119380377,-1.1597040723090428,-1.1176737683458546
9528,-1.0082971318954645,0.06508561858584352,-0.38112724010180754,0.8240677136308887,0.7333444159666572,0.2429283581329067,0.0382510758115072,-1.2134225886500216,-1.212237768676595,-1.1318442501882104
9529,0.004346460667777534,0.8817216424333439,1.1952052836879563,0.410284830166764,-0.38349979852741883,-0.2046050914713833,0.15773256122828455,0.25749293384673844,0.293728193859888,0.22852200667798234
9530,-0.9239101658485277,0.8817216424333439,0.14431693449478036,1.6516334805591384,-0.9419219057744619,0.2429283581329067,0.0453168995377995,-0.99947123992322,-0.9408136707775774,-1.0468213591340738
9531,1.481118366489172,-0.751550405261657,0.6697611090913683,0.8240677136308887,-0.38349979852741883,2.033062156550067,0.4929076130266164,1.36290823560188,1.3881802015172156,1.3054786266970513
9532,-1.050490614918933,0.8817216424333439,0.14431693449478036,1.6516334805591384,0.24472507212550018,-0.2046050914713833,0.036869786962758326,-1.3203982630134226,-1.273527081105405,-1.2593785867694165
9533,-0.12223398840262782,0.8817216424333439,0.6697611090913683,0.410284830166764,-0.17409150830978082,-0.2046050914713833,0.1306380491951336,0.07028550371078714,0.10986025657345705,0.07264670641206396
9534,-0.9661036488719961,-1.5681864291091574,-1.4320155892949833,-1.2448467036897353,1.0823582329960573,-0.6521385410756733,0.0406417680497264,-1.1510201119380377,-1.1597040723090428,-1.0468213591340738
9535,-0.8395231998015908,0.06508561858584352,0.14431693449478036,0.8240677136308887,-0.8721191423685809,1.1379952573414867,0.055782818891781334,-0.8300930888478358,-0.8532575101649915,-0.9192870225528679
9536,-0.5652655601490462,0.8817216424333439,-0.9065714146983955,1.2378505970950135,0.24472507212550018,-0.2046050914713833,0.18286139297667747,-0.5180807052879165,-0.4855216355921296,-0.46583160359747056
9537,2.7258261156814902,0.06508561858584352,-0.38112724010180754,-0.8310638202256104,-0.8023163789626999,0.6904618077371967,0.9459172289220634,2.2632868281605028,2.1761856470304917,2.0706846461842847
9538,0.6161519645080696,0.8817216424333439,1.1952052836879563,0.8240677136308887,-0.8721191423685809,-0.2046050914713833,0.3760293258247888,0.8547737823757269,0.871598853902957,0.7386593530028038
9539,0.6372487060198039,0.8817216424333439,0.6697611090913683,-0.8310638202256104,-0.03448598149801883,-0.6521385410756733,0.17085480529139882,0.8191152242545933,0.7577758451065942,0.7811707985298727
9540,0.27860410032032223,0.8817216424333439,-0.38112724010180754,-1.2448467036897353,0.7333444159666572,-0.6521385410756733,0.21186845880040375,0.409041805861557,0.4688405150850598,0.5261021253674619
9541,0.8693128626488799,0.8817216424333439,-0.38112724010180754,0.410284830166764,0.5937388891549003,-1.0996719906799632,0.4017425490091909,0.9884933753299773,0.9153769342092499,1.0220689898499276
9542,-0.5019753356138434,-1.5681864291091574,-1.4320155892949833,0.410284830166764,-0.5231053253391809,0.2429283581329067,0.0932369972905488,-0.39327575186394914,-0.34543177861199154,-0.4233201580704017
9543,-0.5441688186373119,0.06508561858584352,1.7206494582845442,1.6516334805591384,-2.477582700703819,2.033062156550067,0.06529246135047548,-0.3219586356216819,-0.37169862679576765,-0.6075364220210324
9544,0.5106682569493985,0.8817216424333439,1.1952052836879563,1.6516334805591384,-0.24389427171566183,-0.2046050914713833,0.32794984858949155,0.7032249103609084,0.617685988126457,0.6252954982639549
9545,-0.9661036488719961,0.06508561858584352,-1.4320155892949833,-1.2448467036897353,-1.0117246691803428,-0.2046050914713833,0.0406417680497264,-1.0440444375746376,-1.0546366795739395,-1.1318442501882104
9546,0.4473780324141958,0.06508561858584352,1.1952052836879563,0.8240677136308887,0.6635416525607812,0.2429283581329067,0.3452690856930351,0.578419956936941,0.5914191399426809,0.6678069437910232
9547,-1.050490614918933,-1.5681864291091574,1.1952052836879563,1.6516334805591384,0.8031471793725382,-1.0996719906799632,0.03389470328852999,-1.293654344422572,-1.2472602329216296,-1.1885261775576352
9548,-0.8184264582898567,-1.5681864291091574,-1.4320155892949833,0.8240677136308887,1.0125554695901813,0.6904618077371967,0.05068267545024704,-0.9103248446203863,-0.8620131262262499,-0.777582204129306
9549,0.8482161211371456,0.06508561858584352,1.1952052836879563,1.6516334805591384,-0.38349979852741883,0.2429283581329067,0.5245178770652925,0.9884933753299773,1.0029330948218358,0.937046098795791
9550,-1.050490614918933,0.8817216424333439,-1.4320155892949833,-0.0034980532973608127,-1.0117246691803428,-0.2046050914713833,0.0262976146204112,-1.1955933095894553,-1.2034821526153359,-1.2735490686117723
9551,-0.6285557846842488,-1.5681864291091574,0.14431693449478036,-1.2448467036897353,0.7333444159666572,-0.6521385410756733,0.06640811772831111,-0.6250563796513173,-0.5905890283272331,-0.5225135309668953
9552,0.4262812909024616,0.06508561858584352,0.6697611090913683,-0.8310638202256104,-2.477582700703819,1.1379952573414867,0.14848855124050364,0.7834566661334595,0.7139977648003013,0.41273827062861246
9553,0.23641061729685378,0.8817216424333439,-1.4320155892949833,1.2378505970950135,-0.03448598149801883,-0.6521385410756733,0.5119268979440047,0.40012716633127293,0.43381805084002606,0.41273827062861246
9554,-0.1644274714260963,0.8817216424333439,0.14431693449478036,0.8240677136308887,-0.17409150830978082,-0.6521385410756733,0.19970249163257717,0.007883026998803893,0.031059712022128826,-0.012376184642073167
9555,0.7216356720667403,-1.5681864291091574,1.1952052836879563,-0.8310638202256104,0.4541333623431382,1.1379952573414867,0.25899165914041333,0.7745420266031756,0.8190651575354049,0.8520232077416533
9556,-1.050490614918933,0.06508561858584352,0.14431693449478036,0.410284830166764,-0.24389427171566183,-1.0996719906799632,0.0357541305849227,-1.2134225886500216,-1.2385046168603704,-1.231037623084704
9557,0.004346460667777534,0.06508561858584352,-1.4320155892949833,-1.2448467036897353,0.8031471793725382,1.1379952573414867,0.16421399351856772,0.14160261995305437,0.11861587263471549,0.22852200667798234
9558,1.6076988155595773,0.8817216424333439,-0.38112724010180754,-1.2448467036897353,0.4541333623431382,-1.6814654751655391,0.5597407427083887,1.5144571076166977,1.5282700584973534,1.5747177817018192
9559,0.700538930555006,0.8817216424333439,-0.38112724010180754,-0.8310638202256104,0.1749223087196192,-0.2046050914713833,0.24204430749614833,0.8993469800271436,0.7927983093516288,0.8661936895840104
9560,0.4473780324141958,-1.5681864291091574,0.6697611090913683,-0.8310638202256104,0.9427527061843003,-1.5472054402842532,0.20283695478935346,0.5873345964672243,0.5388854435751288,0.681977425633379
9561,0.5106682569493985,0.8817216424333439,0.14431693449478036,-0.4172809367614856,0.035316781907857205,-1.0996719906799632,0.5835414121022153,0.738883468482042,0.66146406843275,0.6961479074757362
9562,-1.0293938734071988,-1.5681864291091574,1.1952052836879563,-0.8310638202256104,1.0125554695901813,-1.0996719906799632,0.027785156457525367,-1.2490811467711553,-1.2472602329216296,-1.146014732030567
9563,-0.5652655601490462,0.8817216424333439,1.1952052836879563,1.6516334805591384,-0.8023163789626999,-0.6521385410756733,0.10264038676087765,-0.4289343099850828,-0.39796547497954293,-0.4941725672821829
9564,-0.3542981450317041,-0.751550405261657,0.6697611090913683,0.410284830166764,-3.9434407322273,3.3756625053629365,0.0765021516230144,-0.0010316125314793153,0.03981532808338804,-0.43749063991275816
9565,0.9115063456723483,0.8817216424333439,-0.38112724010180754,-1.2448467036897353,-0.03448598149801883,-1.0996719906799632,0.35860383573287996,1.0776397706328118,1.0204443269443535,1.0362394716922834
9566,4.6456295932493035,-0.751550405261657,0.6697611090913683,-0.0034980532973608127,-3.315215861574381,2.928129055758647,0.5771131063061149,3.252811816021961,3.1305477977076808,2.538310546982039
9567,0.5317649984611327,0.8817216424333439,-0.38112724010180754,0.410284830166764,-0.03448598149801883,-0.2046050914713833,0.30988684056739096,0.7299688289517587,0.6877309166165253,0.6961479074757362
9568,-0.20662095444956474,0.06508561858584352,-1.4320155892949833,0.8240677136308887,0.3145278355313812,0.2429283581329067,0.14875418371141688,-0.11692192642516418,-0.06525206465171549,-0.054887630169141416
9569,-0.7973297167781225,0.8817216424333439,1.1952052836879563,0.8240677136308887,-0.38349979852741883,-1.5472054402842532,0.0522764702757265,-0.776605251666135,-0.8007238137974394,-0.8200936496563749
9570,0.4473780324141958,0.06508561858584352,-0.38112724010180754,-0.8310638202256104,-1.2909357228038618,0.6904618077371967,0.22536258832279657,0.6943102708306251,0.6527084523714916,0.4977611616827496
9571,0.46847477392593007,0.8817216424333439,1.7206494582845442,-0.8310638202256104,-1.0117246691803428,-1.5472054402842532,0.15295117675184614,0.7121395498911923,0.6702196844940084,0.5544430890521743
9572,-0.5863623016607803,0.06508561858584352,-0.9065714146983955,0.410284830166764,-0.38349979852741883,0.2429283581329067,0.10194974233650321,-0.4735075076364996,-0.5030328677146465,-0.5225135309668953
9573,-1.0082971318954645,0.8817216424333439,1.7206494582845442,-0.4172809367614856,0.3145278355313812,-1.0996719906799632,0.03633852202093184,-1.1510201119380377,-1.1684596883703013,-1.1176737683458546
9574,-0.9872003903837303,0.8817216424333439,-0.38112724010180754,1.2378505970950135,0.3145278355313812,-1.0996719906799632,0.03995112362535196,-1.1866786700591714,-1.1334372241252668,-1.1176737683458546
9575,-0.5863623016607803,0.8817216424333439,-0.9065714146983955,0.410284830166764,0.3145278355313812,-0.6521385410756733,0.09679647240078627,-0.5359099843484837,-0.5030328677146465,-0.4800020854398264
9576,-1.0293938734071988,-1.5681864291091574,-0.9065714146983955,0.410284830166764,1.2917665232137003,-1.0996719906799632,0.03405408277107794,-1.2847397048922888,-1.2385046168603704,-1.1318442501882104
9577,1.3123444343952981,0.06508561858584352,-0.38112724010180754,-0.8310638202256104,-0.10428874490389983,0.2429283581329067,0.38867343144025923,1.3272496774807463,1.2568459605983358,1.2629671811699825
9578,-0.8395231998015908,0.8817216424333439,-1.4320155892949833,1.6516334805591384,-0.24389427171566183,0.6904618077371967,0.05875790256600967,-0.9103248446203863,-0.8707687422875084,-0.9051165407105121
9579,-1.0082971318954645,0.8817216424333439,0.14431693449478036,0.410284830166764,0.4541333623431382,-0.2046050914713833,0.03426658874780853,-1.240166507240872,-1.185970920492819,-1.1601852138729227
9580,1.6076988155595773,0.8817216424333439,-0.38112724010180754,-1.2448467036897353,0.4541333623431382,-1.5472054402842532,0.5699410295914572,1.5590303052681154,1.4844919781910597,1.5747177817018192
9581,0.784925896601943,0.8817216424333439,-0.38112724010180754,-0.4172809367614856,-0.5231053253391809,-1.9947388898885432,0.4391436009137757,1.0330665729813941,0.9766662466380598,0.9228756169534352
9582,0.4262812909024616,0.06508561858584352,-0.38112724010180754,-1.2448467036897353,0.8031471793725382,1.1379952573414867,0.2079902247250704,0.5605906778763746,0.5126185953913535,0.6394659801063115
9583,-0.05894376386742515,0.8817216424333439,-0.9065714146983955,-0.8310638202256104,-0.8023163789626999,-0.6521385410756733,0.15523561600170005,0.1950904571347552,0.14488272081849157,0.07264670641206396
9584,-0.14333072991436205,-0.751550405261657,0.14431693449478036,-1.2448467036897353,1.7803858670548574,0.6904618077371967,0.12936301333475003,-0.054519449713180144,-0.10027452889675,0.1293286337814887
9585,-0.1644274714260963,-1.5681864291091574,1.7206494582845442,0.410284830166764,1.0125554695901813,1.1379952573414867,0.09637146044732509,0.03462694558965351,-0.03022960040668098,0.1293286337814887
9586,-1.0293938734071988,0.06508561858584352,-0.38112724010180754,1.6516334805591384,-0.38349979852741883,0.6904618077371967,0.033204058864155554,-1.240166507240872,-1.185970920492819,-1.231037623084704
9587,-0.6074590431725145,0.8817216424333439,-0.9065714146983955,1.2378505970950135,-0.03448598149801883,-0.6521385410756733,0.14859480422886895,-0.5448246238787668,-0.5030328677146465,-0.5225135309668953
9588,-1.050490614918933,0.06508561858584352,-1.4320155892949833,0.410284830166764,0.1749223087196192,0.2429283581329067,0.04483876109015566,-1.2847397048922888,-1.2910383132279224,-1.2593785867694165
9589,0.6794421890432724,0.8817216424333439,1.1952052836879563,-0.8310638202256104,-0.31369703512154284,-1.0996719906799632,0.26510120597141795,0.8993469800271436,0.845332005719181,0.8236822440569416
9590,2.831309823240162,0.8817216424333439,0.6697611090913683,-0.8310638202256104,0.1051195453137382,-0.6521385410756733,0.7608245231897147,2.218713630509087,2.2112081112755253,2.212389464607846
9591,-0.03784702235569092,-0.751550405261657,1.7206494582845442,-1.2448467036897353,-2.617188227515581,2.033062156550067,0.10811241566169048,0.24857829431645526,0.27621696173737037,-0.054887630169141416
9592,-1.0082971318954645,0.8817216424333439,-1.4320155892949833,0.410284830166764,0.3145278355313812,-1.0996719906799632,0.047813844764384,-1.2045079491197386,-1.1947265365540773,-1.1601852138729227
9593,-1.050490614918933,0.8817216424333439,1.1952052836879563,1.2378505970950135,-0.03448598149801883,-1.5472054402842532,0.04058864155554375,-1.2579957863014386,-1.2209933847378536,-1.231037623084704
9594,-0.9450069073602619,-0.751550405261657,-1.4320155892949833,0.8240677136308887,-1.639949539833262,-1.0996719906799632,0.0452106465494342,-1.0083858794535039,-0.9758361350226119,-1.1318442501882104
9595,-0.20662095444956474,0.8817216424333439,-0.38112724010180754,-1.2448467036897353,-0.9419219057744619,-0.6521385410756733,0.1495510811241566,0.0167976665290871,0.06608217626716334,-0.0690581120114973
9596,-0.12223398840262782,0.8817216424333439,1.1952052836879563,0.410284830166764,-0.31369703512154284,-1.0996719906799632,0.1383413908516177,0.07920014324107114,0.13612710475723236,0.07264670641206396
9597,-1.050490614918933,0.06508561858584352,-0.38112724010180754,0.8240677136308887,-0.9419219057744619,1.5855287069457766,0.035860383573287996,-1.2669104258317225,-1.282282697166664,-1.3444014778235536
9598,1.0802802777662222,0.8817216424333439,1.1952052836879563,0.8240677136308887,0.1749223087196192,-1.9947388898885432,0.5608032725920417,1.1846154449962119,1.16928979998575,1.177944290115846
9599,2.5359554420758825,-0.751550405261657,0.14431693449478036,-1.2448467036897353,0.8729499427784192,1.5855287069457766,0.9762524571003559,1.8888719678886003,1.9748064776215428,2.056514164341929
9600,-0.8184264582898567,0.8817216424333439,0.6697611090913683,1.6516334805591384,0.4541333623431382,-0.2046050914713833,0.04478563459597301,-0.9370687632112367,-0.8620131262262499,-0.8484346133410873
9601,2.578148925099351,0.06508561858584352,0.6697611090913683,0.410284830166764,-1.779555066645019,0.2429283581329067,0.6942570259788556,2.2811161072210693,2.202452495214267,1.9148093459183664
9602,-0.6074590431725145,0.8817216424333439,1.1952052836879563,0.8240677136308887,0.1051195453137382,-0.6521385410756733,0.08797747436646655,-0.562653902939334,-0.5205440998371641,-0.5225135309668953
9603,-1.1348775809658698,0.8817216424333439,0.14431693449478036,1.6516334805591384,-0.10428874490389983,-0.2046050914713833,0.04085427402645699,-1.454117855967674,-1.4486394023305773,-1.4435948507200465
9604,-0.9872003903837303,0.8817216424333439,-1.4320155892949833,1.6516334805591384,0.24472507212550018,-1.5472054402842532,0.044626255113425065,-1.1421054724077544,-1.1071703759414915,-1.0893328046611421
9605,0.9536998286958168,0.8817216424333439,-1.4320155892949833,-0.0034980532973608127,-0.5929080887450618,-0.6521385410756733,0.17404239494235776,1.086554410163095,1.029199943005612,0.9653870624805029
9606,0.9747965702075511,0.8817216424333439,1.7206494582845442,-1.2448467036897353,0.1749223087196192,-0.6521385410756733,0.2867768155979387,1.0687251311025279,1.0204443269443535,1.0645804353769965
9607,1.0802802777662222,0.06508561858584352,0.6697611090913683,0.410284830166764,-1.221132959397981,0.2429283581329067,0.36768846623811297,1.264847200768763,1.2043122642307844,1.0504099535346405
9608,-0.14333072991436205,0.8817216424333439,-0.9065714146983955,0.410284830166764,-0.10428874490389983,-0.6521385410756733,0.2196249269510705,0.025712306059370308,0.0573265602059049,0.03013526088499571
9609,-0.7340394922429198,1.6983576662808442,0.14431693449478036,-1.2448467036897353,-2.686990990921462,3.8231959549672268,0.04218243638102322,-0.5804831819999005,-0.6606339568173013,-0.8909460588681556
9610,-0.6285557846842488,-1.5681864291091574,-1.4320155892949833,0.410284830166764,1.0125554695901813,-0.6521385410756733,0.0742177123731605,-0.5983124610604676,-0.6168558765110084,-0.4941725672821829
9611,2.5570521835876163,0.06508561858584352,-0.38112724010180754,-1.2448467036897353,-0.5929080887450618,0.6904618077371967,0.8889656271582638,2.1563111537971027,2.018584557927835,1.9714912732877912
9612,-0.9661036488719961,0.8817216424333439,-0.9065714146983955,0.410284830166764,0.8031471793725382,-0.6521385410756733,0.0548796684906763,-1.0975322747563376,-1.1334372241252668,-1.0326508772917173
9613,1.5022151080009063,0.8817216424333439,1.1952052836879563,1.6516334805591384,0.035316781907857205,-0.2046050914713833,0.8031663390532858,1.4520546309047144,1.3794245854559561,1.404671999593545
9614,0.4473780324141958,0.06508561858584352,-1.4320155892949833,-1.2448467036897353,0.4541333623431382,1.1379952573414867,0.26573872390160974,0.5516760383460907,0.5126185953913535,0.5827840527368867
9615,-0.5863623016607803,0.06508561858584352,1.1952052836879563,0.410284830166764,-0.5231053253391809,1.1379952573414867,0.0837804813260373,-0.48242214716678283,-0.5292997158984225,-0.5508544946516076
9616,-1.0293938734071988,0.8817216424333439,1.1952052836879563,1.6516334805591384,0.6635416525607812,-0.2046050914713833,0.03756043138713276,-1.2669104258317225,-1.2297490007991119,-1.1743556957152792
9617,0.21531387578511957,-1.5681864291091574,-1.4320155892949833,0.410284830166764,0.8729499427784192,-0.2046050914713833,0.24666631249003879,0.3020661314981561,0.36377312234995707,0.44107923431332485
9618,-0.1644274714260963,-0.751550405261657,1.7206494582845442,0.8240677136308887,1.3615692866195812,-1.5472054402842532,0.10954683100462201,-0.018860891592046524,-0.04774083252919862,0.1293286337814887
9619,0.46847477392593007,-1.5681864291091574,1.7206494582845442,0.410284830166764,-1.7097523032391428,0.2429283581329067,0.2016681719173352,0.738883468482042,0.7752870772291119,0.5261021253674619
9620,2.1773108363764013,-1.5681864291091574,-1.4320155892949833,-0.8310638202256104,0.1749223087196192,-0.2046050914713833,0.6576528714870106,1.8532134097674666,1.8872503170089563,1.8864683822336548
9621,1.481118366489172,-1.5681864291091574,-0.38112724010180754,0.8240677136308887,1.0823582329960573,0.6904618077371967,0.48732933113743826,1.264847200768763,1.1955566481695252,1.3763310359088319
9622,1.9241499382355902,1.6983576662808442,0.6697611090913683,-0.8310638202256104,2.3388079743018952,1.1379952573414867,0.4675131488073102,1.5768595843286817,1.510758826374836,1.8864683822336548
9623,0.004346460667777534,0.8817216424333439,1.1952052836879563,-1.2448467036897353,0.5239361257490193,-0.2046050914713833,0.1524730383042023,0.186175817604472,0.14488272081849157,0.22852200667798234
9624,0.5739584814846012,0.06508561858584352,1.1952052836879563,-0.8310638202256104,0.1749223087196192,0.6904618077371967,0.24029113318812093,0.7210541894214756,0.6702196844940084,0.7103183893180921
9625,-0.5019753356138434,0.8817216424333439,0.14431693449478036,-0.8310638202256104,-0.24389427171566183,-0.2046050914713833,0.06794878605960793,-0.38436111233366593,-0.35418739467325,-0.3949791943856899
9626,0.6161519645080696,0.06508561858584352,-0.38112724010180754,-0.8310638202256104,-0.03448598149801883,1.1379952573414867,0.2432130903681666,0.7656273870728924,0.731508996922819,0.7386593530028038
9627,-0.05894376386742515,-1.5681864291091574,1.7206494582845442,0.410284830166764,0.24472507212550018,2.033062156550067,0.0979121287786219,0.07920014324107114,0.11861587263471549,0.1293286337814887
9628,-0.7129427507311856,0.8817216424333439,1.1952052836879563,1.2378505970950135,-0.7325136155568189,-0.2046050914713833,0.07719279604738884,-0.6696295773027342,-0.6168558765110084,-0.7067297949175254
9629,0.9115063456723483,0.8817216424333439,1.7206494582845442,0.410284830166764,0.035316781907857205,-0.6521385410756733,0.26488869999468734,1.0152372939208278,0.9416437823930253,0.97955754432286
9630,0.3629910663672589,1.6983576662808442,0.14431693449478036,-1.2448467036897353,-3.7340324420096622,3.8231959549672268,0.21585294586410242,0.7656273870728924,0.7052421487390429,0.22852200667798234
9631,2.5570521835876163,0.8817216424333439,0.6697611090913683,0.410284830166764,3.4556521887959812,-0.6521385410756733,0.8356266269988843,1.7997255725857666,1.67711553153875,2.269071391977271
9632,0.5106682569493985,0.8817216424333439,0.6697611090913683,-1.2448467036897353,-0.03448598149801883,-1.0996719906799632,0.25691972586729,0.685395631300342,0.7052421487390429,0.681977425633379
9633,2.135117353352933,-0.751550405261657,1.1952052836879563,-0.8310638202256104,-1.988963356862662,-1.0996719906799632,0.6022419380545078,2.0136769213125683,2.018584557927835,1.6739111545983116
9634,0.21531387578511957,-1.5681864291091574,-1.4320155892949833,-0.8310638202256104,1.1521609964019384,1.1379952573414867,0.17754874355841258,0.3020661314981561,0.2499501135535943,0.41273827062861246
9635,-0.9661036488719961,0.8817216424333439,-0.9065714146983955,1.6516334805591384,-0.38349979852741883,-0.6521385410756733,0.047016947351644266,-1.0975322747563376,-1.0633922956351987,-1.1035032865034986
9636,0.8693128626488799,-1.5681864291091574,0.14431693449478036,0.410284830166764,-1.1513301959920998,0.2429283581329067,0.5462997396801785,0.9974080148602605,1.0379555590668703,0.8520232077416533
9637,-0.8184264582898567,0.06508561858584352,0.14431693449478036,1.6516334805591384,-0.9419219057744619,0.2429283581329067,0.06332678106571747,-0.7944345307267022,-0.818235045919957,-0.8909460588681556
9638,0.40518454939072734,0.8817216424333439,0.14431693449478036,0.8240677136308887,-0.5231053253391809,-1.0996719906799632,0.31594326090421293,0.6497370731792083,0.6877309166165253,0.5969545345792426
9639,-0.6285557846842488,0.06508561858584352,1.1952052836879563,1.6516334805591384,-0.24389427171566183,-0.2046050914713833,0.10141847739467673,-0.5091660657576332,-0.5555665640821986,-0.5508544946516076
9640,-0.1644274714260963,0.8817216424333439,0.6697611090913683,1.6516334805591384,-0.31369703512154284,-0.6521385410756733,0.13765074642724326,0.03462694558965351,0.0573265602059049,0.015964779042639207
9641,-0.1011372468908936,0.06508561858584352,0.14431693449478036,0.410284830166764,-0.10428874490389983,0.2429283581329067,0.1600701269723211,0.09702942230163755,0.13612710475723236,0.10098767009677634
9642,-0.7973297167781225,0.06508561858584352,-0.38112724010180754,1.2378505970950135,-0.5929080887450618,2.033062156550067,0.05822663762418318,-0.776605251666135,-0.818235045919957,-0.8484346133410873
9643,-0.8395231998015908,-0.751550405261657,-1.4320155892949833,-1.2448467036897353,1.2219637598078192,-0.6521385410756733,0.03915422621261223,-0.9459834027415199,-0.888279974410026,-0.7917526859716626
9644,0.29970084183205625,0.8817216424333439,-0.9065714146983955,-0.8310638202256104,0.3145278355313812,-0.6521385410756733,0.27386707751155503,0.4536150035129738,0.4688405150850598,0.4977611616827496
9645,-0.20662095444956474,-1.5681864291091574,0.6697611090913683,1.2378505970950135,-1.5701467764273809,0.2429283581329067,0.13196621154969984,0.04354158511993751,0.06608217626716334,-0.12574003938092204
9646,1.7131825231182485,0.8817216424333439,0.14431693449478036,-1.2448467036897353,0.5937388891549003,0.2429283581329067,0.6420336821973118,1.5233717471469816,1.5282700584973534,1.603058745386531
9647,1.5022151080009063,0.06508561858584352,-1.4320155892949833,-0.8310638202256104,-0.4533025619332999,1.1379952573414867,0.5053923391595389,1.4609692704349977,1.3444021212109216,1.3196491085394073
9648,0.6372487060198039,-0.751550405261657,0.6697611090913683,-1.2448467036897353,0.9427527061843003,1.5855287069457766,0.21957180045688784,0.6764809917700587,0.7227533808615598,0.8236822440569416
9649,0.4473780324141958,-1.5681864291091574,-1.4320155892949833,-0.8310638202256104,-0.5929080887450618,0.2429283581329067,0.2425755724379748,0.6408224336489251,0.66146406843275,0.5686135708945302
9650,-0.8606199413133251,-1.5681864291091574,-1.4320155892949833,1.6516334805591384,-1.5701467764273809,0.2429283581329067,0.05599532486851193,-0.8835809260295359,-0.8445018941037331,-1.004309913607005
9651,2.5570521835876163,-0.751550405261657,1.7206494582845442,-1.2448467036897353,1.2917665232137003,0.6904618077371967,0.657121606545184,2.031506200373135,1.9485396294377668,2.1840485009231343
9652,-0.20662095444956474,-0.751550405261657,-0.38112724010180754,-1.2448467036897353,1.1521609964019384,1.5855287069457766,0.1097593369813526,-0.1347512054857306,-0.10027452889675,0.015964779042639207
9653,-0.8395231998015908,0.8817216424333439,-1.4320155892949833,0.8240677136308887,0.24472507212550018,-1.0996719906799632,0.05100143441534293,-0.8390077283781191,-0.8620131262262499,-0.8200936496563749
9654,1.481118366489172,0.06508561858584352,-0.9065714146983955,-0.0034980532973608127,0.4541333623431382,1.1379952573414867,0.20081814801041278,1.4609692704349977,1.2743571927208535,1.4188424814359009
9655,-1.050490614918933,0.8817216424333439,-1.4320155892949833,1.2378505970950135,-0.17409150830978082,-0.2046050914713833,0.05078892843861234,-1.2312518677105888,-1.2297490007991119,-1.231037623084704
9656,-0.6285557846842488,-1.5681864291091574,-0.9065714146983955,-1.2448467036897353,0.1749223087196192,1.1379952573414867,0.07628964564628381,-0.5804831819999005,-0.5380553319596809,-0.5366840128092512
9657,-1.0293938734071988,-1.5681864291091574,-1.4320155892949833,-1.2448467036897353,1.2219637598078192,-1.0996719906799632,0.03708229293948892,-1.2312518677105888,-1.2472602329216296,-1.1176737683458546
9658,-0.5652655601490462,0.8817216424333439,1.7206494582845442,0.8240677136308887,-0.24389427171566183,-1.010165300759104,0.06470806991446634,-0.4735075076364996,-0.45049917134709505,-0.4800020854398264
9659,1.5444085910243748,-0.751550405261657,0.6697611090913683,-1.2448467036897353,0.9427527061843003,-0.2046050914713833,0.43005897040854274,1.3807375146624472,1.4056914336397324,1.5180358543323944
9660,-0.45978185259037524,0.06508561858584352,-1.4320155892949833,-1.2448467036897353,-0.10428874490389983,0.6904618077371967,0.09530893056367211,-0.3130439960913987,-0.35418739467325,-0.33829726701626517
9661,-1.050490614918933,0.8817216424333439,-0.9065714146983955,0.410284830166764,0.3145278355313812,-1.0996719906799632,0.04839823620039314,-1.2490811467711553,-1.2647714650441464,-1.2168671412423475
9662,-0.9239101658485277,-1.5681864291091574,-1.4320155892949833,-1.2448467036897353,-0.6627108521509428,0.6904618077371967,0.03352281782925145,-1.0440444375746376,-1.002102983206388,-1.0751623228187863
9663,2.7047293741697565,0.06508561858584352,0.6697611090913683,-1.2448467036897353,-1.0117246691803428,0.6904618077371967,0.8003506348616055,2.25437218863022,2.1761856470304917,2.028173200657216
9664,-0.9028134243367935,0.06508561858584352,-0.9065714146983955,0.8240677136308887,0.1051195453137382,0.2429283581329067,0.05344525314774478,-0.9905566003929368,-1.0283698313901641,-0.9901394317646491
9665,-0.1011372468908936,0.8817216424333439,-1.4320155892949833,-0.8310638202256104,0.24472507212550018,-0.2046050914713833,0.12102215374807417,0.07028550371078714,0.10110464051219785,0.11515815193913284
9666,-0.20662095444956474,-0.751550405261657,-1.4320155892949833,0.8240677136308887,-0.38349979852741883,0.2429283581329067,0.1672422036869787,-0.06343408924346336,-0.012718368284164113,-0.0832285938538538
9667,-0.33320140351996985,-0.751550405261657,-0.9065714146983955,-1.2448467036897353,-2.826596517733219,-0.2046050914713833,0.09764649630770865,-0.03669017065261294,0.013548479899611962,-0.33829726701626517
9668,-0.1855242129378305,-1.5681864291091574,0.6697611090913683,-0.8310638202256104,-0.9419219057744619,0.6904618077371967,0.10641236784784572,0.025712306059370308,0.04857094414464647,-0.0690581120114973
9669,-0.1855242129378305,-1.5681864291091574,1.1952052836879563,-1.2448467036897353,-1.221132959397981,0.6904618077371967,0.14402592572916112,0.025712306059370308,0.0573265602059049,-0.09739907569620966
9670,0.32079758334379044,-1.5681864291091574,-0.38112724010180754,-0.8310638202256104,-1.919160593456781,0.6904618077371967,0.17717685809913403,0.578419956936941,0.6789753005552669,0.32771537957447533
9671,-0.8395231998015908,0.8817216424333439,-1.4320155892949833,-1.2448467036897353,-0.38349979852741883,-0.2046050914713833,0.03915422621261223,-0.9192394841506695,-0.8707687422875084,-0.9192870225528679
9672,0.9536998286958168,0.8817216424333439,1.7206494582845442,1.6516334805591384,0.24472507212550018,-0.6521385410756733,0.31769643521224034,0.9617494567391269,0.9679106305768014,0.9937280261652158
9673,0.8693128626488799,0.06508561858584352,1.1952052836879563,1.6516334805591384,-1.5003440130215,1.1379952573414867,0.506879880996653,1.0508958520419613,1.0116887108830943,0.8095117622145858
9674,-0.9450069073602619,0.8817216424333439,1.1952052836879563,-0.4172809367614856,0.5937388891549003,-0.2046050914713833,0.05201083780481326,-1.0886176352260544,-1.0546366795739395,-1.0184803954493615
9675,-1.050490614918933,-1.5681864291091574,-0.38112724010180754,1.2378505970950135,0.8729499427784192,-1.5472054402842532,0.03633852202093184,-1.3025689839528563,-1.256015848982888,-1.1885261775576352
9676,-1.155974322477604,-1.5681864291091574,-0.9065714146983955,1.6516334805591384,0.1749223087196192,1.5855287069457766,0.02911331881209159,-1.5521788908007907,-1.4836618665756118,-1.4861062962471148
9677,0.4262812909024616,-1.5681864291091574,-0.9065714146983955,-0.8310638202256104,1.2219637598078192,0.6904618077371967,0.22817829251447697,0.5516760383460907,0.5126185953913535,0.681977425633379
9678,0.4473780324141958,0.06508561858584352,0.14431693449478036,-0.8310638202256104,0.035316781907857205,0.6904618077371967,0.21293098868405674,0.6051638755277915,0.5038629793300943,0.5544430890521743
9679,0.4262812909024616,0.06508561858584352,-1.4320155892949833,-1.2448467036897353,-0.5231053253391809,1.5855287069457766,0.2552728045476279,0.6408224336489251,0.5826635238814225,0.5402726072098178
9680,0.4473780324141958,0.06508561858584352,1.1952052836879563,-1.2448467036897353,0.24472507212550018,-0.6521385410756733,0.2552728045476279,0.6140785150580746,0.547641059636388,0.6111250164215991
9681,-0.05894376386742515,0.8817216424333439,1.7206494582845442,-1.2448467036897353,-0.10428874490389983,-1.0996719906799632,0.11406258301014716,0.12377334089248797,0.17114956900226685,0.1293286337814887
9682,-0.2699111789847672,0.06508561858584352,-0.38112724010180754,1.6516334805591384,-0.8023163789626999,1.5855287069457766,0.11533761887053073,-0.07234872877374655,-0.10903014495800843,-0.1824219667503468
9683,0.5528617399728669,0.8817216424333439,1.1952052836879563,0.410284830166764,0.035316781907857205,-0.2046050914713833,0.32555915635127236,0.7032249103609084,0.7227533808615598,0.7103183893180921
9684,0.5106682569493985,-1.5681864291091574,-0.38112724010180754,-0.8310638202256104,-1.081527432586219,1.1379952573414867,0.23014397279923499,0.7032249103609084,0.731508996922819,0.5686135708945302
9685,-1.0293938734071988,0.06508561858584352,-0.9065714146983955,0.8240677136308887,-1.5003440130215,0.2429283581329067,0.04659193539818307,-1.1777640305288881,-1.185970920492819,-1.3018900322964846
9686,2.5359554420758825,1.6983576662808442,1.7206494582845442,0.410284830166764,2.548216264519543,0.2429283581329067,0.6357116293895766,1.986933002721718,1.764671692151336,2.269071391977271
9687,0.4262812909024616,-1.5681864291091574,1.1952052836879563,0.410284830166764,0.9427527061843003,0.2429283581329067,0.30404292620729956,0.5873345964672243,0.5038629793300943,0.6678069437910232
9688,1.5022151080009063,-0.751550405261657,1.1952052836879563,-0.4172809367614856,0.7333444159666572,1.1379952573414867,0.7785156457525368,1.2915911193596128,1.3181352730271465,1.404671999593545
9689,-0.8395231998015908,0.8817216424333439,-0.9065714146983955,0.8240677136308887,-0.8023163789626999,-0.6521385410756733,0.056951601763799604,-0.8122638097872686,-0.8357462780424739,-0.8909460588681556
9690,-1.0715873564306673,-1.5681864291091574,0.6697611090913683,0.410284830166764,0.4541333623431382,-1.0996719906799632,0.020400573766137173,-1.3203982630134226,-1.282282697166664,-1.24520810492706
9691,-1.050490614918933,0.8817216424333439,0.14431693449478036,0.410284830166764,-0.5929080887450618,-0.6521385410756733,0.03214152898050258,-1.2579957863014386,-1.212237768676595,-1.2735490686117723
9692,-0.8184264582898567,-0.751550405261657,-1.4320155892949833,-0.8310638202256104,1.0823582329960573,-0.6521385410756733,0.03389470328852999,-0.9281541236809527,-0.8795243583487669,-0.7917526859716626
9693,-0.5652655601490462,0.8817216424333439,1.1952052836879563,-0.8310638202256104,0.38433059893725724,-1.9947388898885432,0.05912978802528821,-0.4645928681062164,-0.424232323163319,-0.3949791943856899
9694,-0.7973297167781225,0.8817216424333439,-0.38112724010180754,-1.2448467036897353,0.3145278355313812,-0.2046050914713833,0.03718854592785422,-0.8479223679084023,-0.818235045919957,-0.7917526859716626
9695,-0.016750280843956692,0.8817216424333439,-1.4320155892949833,0.410284830166764,0.3145278355313812,-1.0996719906799632,0.20512139403920734,0.21291973619532162,0.14488272081849157,0.21435152483562583
9696,0.7216356720667403,0.06508561858584352,0.6697611090913683,-1.2448467036897353,-0.9419219057744619,1.1379952573414867,0.24416936726345428,0.9350055381482772,0.871598853902957,0.7670003166875169
9697,-0.8606199413133251,-1.5681864291091574,0.14431693449478036,1.2378505970950135,0.6635416525607812,-0.2046050914713833,0.06545184083302343,-0.9727273213323704,-0.9233024386550606,-0.8767755770257997
9698,1.5655053325361088,0.06508561858584352,0.14431693449478036,0.410284830166764,0.7333444159666572,0.2429283581329067,0.7537586994634224,1.425310712313864,1.3619133533334393,1.4896948906476815
9699,-1.0293938734071988,-1.5681864291091574,-0.38112724010180754,0.410284830166764,-1.221132959397981,1.1379952573414867,0.025978855655315304,-1.1866786700591714,-1.142192840186526,-1.2593785867694165
9700,1.5022151080009063,0.8817216424333439,1.1952052836879563,0.410284830166764,-1.360738486209743,1.1379952573414867,0.6824629442703076,1.532286386677265,1.5457812906198702,1.3196491085394073
9701,2.6203424081228195,0.06508561858584352,-1.4320155892949833,-0.8310638202256104,0.6635416525607812,1.1379952573414867,0.8180417574244275,2.0582501189639846,1.9835620936828013,2.113196091711354
9702,1.5444085910243748,0.8817216424333439,0.14431693449478036,-1.2448467036897353,0.1749223087196192,-0.6521385410756733,0.5965574031769644,1.5144571076166977,1.440713897884767,1.4896948906476815
9703,0.8482161211371456,0.8817216424333439,-0.9065714146983955,-1.2448467036897353,0.6635416525607812,-1.0996719906799632,0.412314721351538,0.8726030614362933,0.9241325502705084,0.97955754432286
9704,-0.1644274714260963,0.8817216424333439,-0.9065714146983955,0.8240677136308887,-0.10428874490389983,-0.6521385410756733,0.18711151251128938,-0.0010316125314793153,0.0573265602059049,0.015964779042639207
9705,-1.0082971318954645,-1.5681864291091574,-0.9065714146983955,-1.2448467036897353,-1.1513301959920998,1.1379952573414867,0.03288529989905966,-1.2045079491197386,-1.1684596883703013,-1.2735490686117723
9706,-0.7762329752663882,-1.5681864291091574,1.1952052836879563,-1.2448467036897353,0.8031471793725382,-1.0996719906799632,0.04005737661371726,-0.8033491702569854,-0.7569457334911465,-0.6925593130751695
9707,-0.20662095444956474,0.8817216424333439,-1.4320155892949833,0.8240677136308887,0.24472507212550018,-0.6521385410756733,0.18445518780215694,-0.02777553112232973,-0.06525206465171549,-0.012376184642073167
9708,0.6583454475315381,0.06508561858584352,1.1952052836879563,-1.2448467036897353,-1.1513301959920998,1.1379952573414867,0.2805610157785688,0.8904323404968605,0.8278207735966633,0.6961479074757362
9709,-0.08004050537915937,0.8817216424333439,1.7206494582845442,0.8240677136308887,0.1051195453137382,-1.5472054402842532,0.12256282207937098,0.13268798042277116,0.09234902445093941,0.1293286337814887
9710,1.481118366489172,1.6983576662808442,1.1952052836879563,-1.2448467036897353,1.9199913938666193,-0.2046050914713833,0.5499654677787813,1.264847200768763,1.186801032108267,1.4896948906476815
9711,-0.016750280843956692,0.8817216424333439,1.1952052836879563,-1.2448467036897353,0.035316781907857205,-0.6521385410756733,0.150401105031079,0.177261178074188,0.15363833687975,0.17184007930855758
9712,-0.9661036488719961,0.06508561858584352,-0.38112724010180754,0.8240677136308887,-0.8023163789626999,1.1379952573414867,0.0406417680497264,-1.106446914286621,-1.1246816080640083,-1.1743556957152792
9713,-0.8184264582898567,0.8817216424333439,0.14431693449478036,1.2378505970950135,0.035316781907857205,-0.2046050914713833,0.07203952611167189,-0.8390077283781191,-0.8620131262262499,-0.8342641314987308
9714,-0.12223398840262782,0.06508561858584352,0.6697611090913683,0.8240677136308887,0.8031471793725382,-0.2046050914713833,0.116506401742549,0.05245622465022072,0.022304095960870397,0.1293286337814887
9715,-1.1981678055010725,-1.5681864291091574,-1.4320155892949833,1.6516334805591384,0.4541333623431382,0.6904618077371967,0.02815704191680391,-1.6413252861036247,-1.5799736432494567,-1.556958705458896
9716,-1.050490614918933,0.8817216424333439,-1.4320155892949833,0.410284830166764,0.1749223087196192,-0.2046050914713833,0.03203527599213728,-1.3114836234831393,-1.2647714650441464,-1.2593785867694165
9717,0.21531387578511957,0.06508561858584352,-0.38112724010180754,0.8240677136308887,-0.17409150830978082,0.6904618077371967,0.21590607235828507,0.409041805861557,0.3462618902274394,0.3560563432591877
9718,-0.8184264582898567,-0.751550405261657,0.6697611090913683,1.6516334805591384,0.9427527061843003,-0.6521385410756733,0.04393561068905063,-0.9014102050901031,-0.8620131262262499,-0.777582204129306
9719,-0.20662095444956474,-1.5681864291091574,1.7206494582845442,-1.2448467036897353,-1.081527432586219,1.5855287069457766,0.09653083992987303,-0.03669017065261294,-0.003962752222904903,-0.13991052122327854
9720,-0.20662095444956474,0.8817216424333439,0.14431693449478036,-1.2448467036897353,-0.17409150830978082,-0.2046050914713833,0.13430377729373638,-0.054519449713180144,0.0047928638383535295,-0.040717148326785545
9721,1.0802802777662222,-1.5681864291091574,-0.38112724010180754,0.410284830166764,-0.9419219057744619,0.2429283581329067,0.4388779684428625,1.1667861659356455,1.186801032108267,1.0362394716922834
9722,-0.7973297167781225,-1.5681864291091574,0.6697611090913683,1.6516334805591384,-0.03448598149801883,-1.0996719906799632,0.04096052701482229,-0.8211784493175527,-0.7744569656136641,-0.7917526859716626
9723,-0.6707492677077173,0.8817216424333439,1.1952052836879563,-1.2448467036897353,-0.10428874490389983,-1.0996719906799632,0.06082983583913298,-0.5983124610604676,-0.5555665640821986,-0.57919545833632
9724,0.21531387578511957,-1.5681864291091574,0.14431693449478036,0.8240677136308887,0.24472507212550018,0.2429283581329067,0.26021356850661426,0.3733832477404233,0.39879558659499154,0.41273827062861246
9725,1.5655053325361088,0.8817216424333439,1.1952052836879563,-0.8310638202256104,-0.03448598149801883,-0.6521385410756733,0.5062954895606439,1.5233717471469816,1.466980746068543,1.4755244088053256
9726,0.46847477392593007,-0.751550405261657,0.14431693449478036,-0.8310638202256104,-0.24389427171566183,1.5855287069457766,0.23205652658981032,0.5962492359975082,0.617685988126457,0.5686135708945302
9727,-0.9872003903837303,0.06508561858584352,0.6697611090913683,0.8240677136308887,-0.4533025619332999,0.6904618077371967,0.02767890346916007,-1.1510201119380377,-1.1071703759414915,-1.1601852138729227
9728,-0.33320140351996985,-1.5681864291091574,-0.9065714146983955,-1.2448467036897353,0.38433059893725724,0.2429283581329067,0.10460606704563566,-0.21498296125828106,-0.17907507344807744,-0.1540810030656344
9729,1.7131825231182485,0.8817216424333439,1.1952052836879563,-1.2448467036897353,0.4541333623431382,-1.0996719906799632,0.6300270945120332,1.585774223858965,1.5282700584973534,1.6172292272288868
9730,-0.5863623016607803,0.8817216424333439,0.14431693449478036,0.8240677136308887,0.38433059893725724,-1.0996719906799632,0.09945279710991872,-0.4645928681062164,-0.5030328677146465,-0.43749063991275816
9731,-1.0082971318954645,0.8817216424333439,-1.4320155892949833,0.410284830166764,-0.5231053253391809,-0.6521385410756733,0.03516973914891356,-1.1866786700591714,-1.1509484562477845,-1.2026966593999917
9732,-1.050490614918933,0.8817216424333439,-1.4320155892949833,1.2378505970950135,-0.03448598149801883,-0.2046050914713833,0.05689847526961696,-1.2579957863014386,-1.2209933847378536,-1.231037623084704
9733,-0.8395231998015908,-1.5681864291091574,0.14431693449478036,0.8240677136308887,0.8031471793725382,0.2429283581329067,0.05217021728736121,-0.9459834027415199,-0.8970355904712844,-0.8342641314987308
9734,0.9115063456723483,0.06508561858584352,0.14431693449478036,-0.0034980532973608127,-0.6627108521509428,0.6904618077371967,0.17930191786643998,1.095469049693378,1.029199943005612,0.9653870624805029
9735,1.5233118495126405,0.06508561858584352,1.1952052836879563,0.8240677136308887,0.4541333623431382,0.2429283581329067,0.6924507251766456,1.4609692704349977,1.3706689693946978,1.4755244088053256
9736,-0.6074590431725145,-1.5681864291091574,-1.4320155892949833,-1.2448467036897353,-0.6627108521509428,-0.2046050914713833,0.07241141157095043,-0.5448246238787668,-0.49427725165338804,-0.57919545833632
9737,0.06763668520297998,0.06508561858584352,1.7206494582845442,-1.2448467036897353,0.7333444159666572,0.2429283581329067,0.12277532805610158,0.23966365478617205,0.1886608011247845,0.29937441588976293
9738,-0.20662095444956474,1.6983576662808442,-1.4320155892949833,0.8240677136308887,1.9199913938666193,-0.2046050914713833,0.1574669287573713,-0.1258365659554474,-0.1615638413255606,0.07264670641206396
9739,0.46847477392593007,-1.5681864291091574,-1.4320155892949833,-1.2448467036897353,0.9427527061843003,-0.2046050914713833,0.24034425968230355,0.6229931545883579,0.5563966756976465,0.7103183893180921
9740,-1.0293938734071988,0.8817216424333439,-1.4320155892949833,1.2378505970950135,0.035316781907857205,-0.6521385410756733,0.052488976252457104,-1.2223372281803049,-1.2209933847378536,-1.2026966593999917
9741,0.8482161211371456,0.06508561858584352,0.6697611090913683,-0.8310638202256104,-1.919160593456781,1.1379952573414867,0.2249375763693354,1.1222129682842286,1.0642224072506465,0.8095117622145858
9742,0.5739584814846012,-1.5681864291091574,-1.4320155892949833,0.410284830166764,0.5239361257490193,-0.2046050914713833,0.3251341443978112,0.7121395498911923,0.7577758451065942,0.7953412803722286
9743,-0.8395231998015908,0.06508561858584352,-1.4320155892949833,-0.8310638202256104,-0.24389427171566183,-0.2046050914713833,0.0454231525261648,-0.8835809260295359,-0.9233024386550606,-0.9192870225528679
9744,-1.050490614918933,0.06508561858584352,0.14431693449478036,1.6516334805591384,-0.10428874490389983,0.2429283581329067,0.03915422621261223,-1.293654344422572,-1.212237768676595,-1.24520810492706
9745,-0.755136233754654,0.8817216424333439,1.1952052836879563,0.8240677136308887,0.1051195453137382,-1.5472054402842532,0.04861074217712373,-0.7498613330752854,-0.704412037123595,-0.7067297949175254
9746,-0.9872003903837303,0.8817216424333439,0.14431693449478036,0.410284830166764,-0.10428874490389983,-1.0996719906799632,0.03538224512564416,-1.1421054724077544,-1.0984147598802323,-1.1176737683458546
9747,-0.8817166828250593,0.8817216424333439,-1.4320155892949833,0.8240677136308887,-0.10428874490389983,-0.6521385410756733,0.053126494182648885,-0.9905566003929368,-0.9408136707775774,-0.9617984680799367
9748,-1.1981678055010725,-1.5681864291091574,-1.4320155892949833,0.8240677136308887,-1.5003440130215,3.3756625053629365,0.02008181480104128,-1.5878374489219242,-1.5449511790044221,-1.6703225601977456
9749,-0.37539488654343833,0.8817216424333439,1.1952052836879563,-0.4172809367614856,0.035316781907857205,-0.6521385410756733,0.15241991181001965,-0.2684707984399819,-0.23160876981562958,-0.23910389411977154
9750,-1.0293938734071988,0.06508561858584352,1.1952052836879563,0.410284830166764,-1.779555066645019,1.1379952573414867,0.028900812835360994,-1.1688493909986049,-1.1071703759414915,-1.2877195504541288
9751,-0.7762329752663882,0.06508561858584352,0.14431693449478036,-0.8310638202256104,-1.081527432586219,1.1379952573414867,0.0360728895500186,-0.785519891196419,-0.7219232692461119,-0.8484346133410873
9752,-0.6285557846842488,-1.5681864291091574,-0.9065714146983955,0.410284830166764,-1.8493578300509,0.6904618077371967,0.09047441959305105,-0.48242214716678283,-0.43298793922457746,-0.6500478675481006
9753,-1.0293938734071988,0.06508561858584352,-1.4320155892949833,0.8240677136308887,-0.5231053253391809,0.2429283581329067,0.038994846730064286,-1.2134225886500216,-1.1772153044315605,-1.231037623084704
9754,-0.1011372468908936,-1.5681864291091574,-1.4320155892949833,-1.2448467036897353,1.2917665232137003,-0.6521385410756733,0.15900759708866813,-0.0010316125314793153,0.013548479899611962,0.15766959746620107
9755,-0.2699111789847672,0.8817216424333439,1.1952052836879563,0.410284830166764,0.5239361257490193,-0.6521385410756733,0.10678425330712427,-0.08126336830403057,-0.15280822526430216,-0.054887630169141416
9756,-0.9450069073602619,0.06508561858584352,-0.38112724010180754,0.410284830166764,0.035316781907857205,-0.6521385410756733,0.03766668437549806,-1.0262151585140704,-1.045881063512681,-1.0184803954493615
9757,-1.1348775809658698,0.8817216424333439,-0.38112724010180754,0.8240677136308887,0.5937388891549003,-0.6521385410756733,0.0238006693938267,-1.4808617745585235,-1.439883786269319,-1.4010834051929784
9758,-0.41758836956690676,0.8817216424333439,0.14431693449478036,-0.8310638202256104,-0.03448598149801883,-0.6521385410756733,0.08298358391329756,-0.2863000775005483,-0.31040931436695707,-0.2957858214891963
9759,-1.0293938734071988,0.8817216424333439,-1.4320155892949833,-1.2448467036897353,0.1051195453137382,-1.9947388898885432,0.027413270998246825,-1.2223372281803049,-1.1684596883703013,-1.1743556957152792
9760,-0.5652655601490462,0.8817216424333439,1.1952052836879563,-0.4172809367614856,0.24472507212550018,-0.2046050914713833,0.12601604420124315,-0.5091660657576332,-0.4592547874083535,-0.451661121755114
9761,-0.8184264582898567,0.06508561858584352,-0.9065714146983955,1.6516334805591384,0.1051195453137382,0.6904618077371967,0.06274238962970834,-0.8479223679084023,-0.8620131262262499,-0.8342641314987308
9762,-1.0082971318954645,0.06508561858584352,1.1952052836879563,-0.4172809367614856,0.035316781907857205,-1.0996719906799632,0.05418902406630186,-1.1421054724077544,-1.1772153044315605,-1.146014732030567
9763,0.4262812909024616,-0.751550405261657,0.14431693449478036,-0.8310638202256104,1.3615692866195812,-0.2046050914713833,0.21128406736439462,0.5605906778763746,0.5126185953913535,0.7103183893180921
9764,-0.6074590431725145,0.06508561858584352,-0.9065714146983955,0.410284830166764,-0.5929080887450618,0.2429283581329067,0.08484301120969027,-0.5269953448182004,-0.4855216355921296,-0.5650249764939635
9765,0.5528617399728669,0.06508561858584352,1.1952052836879563,-0.8310638202256104,-0.17409150830978082,0.2429283581329067,0.24284120490888805,0.7745420266031756,0.7052421487390429,0.7103183893180921
9766,1.481118366489172,-0.751550405261657,1.1952052836879563,0.8240677136308887,1.4313720500254572,0.6904618077371967,0.6122297189608458,1.2737618402990463,1.3006240409046288,1.4896948906476815
9767,0.02544320217951176,0.06508561858584352,0.14431693449478036,-1.2448467036897353,0.1051195453137382,0.2429283581329067,0.15959198852467726,0.23074901525588884,0.19741641718604294,0.22852200667798234
9768,-0.9872003903837303,0.8817216424333439,-0.38112724010180754,-0.4172809367614856,-0.8023163789626999,-0.2046050914713833,0.050948307921160285,-1.0886176352260544,-1.0809035277577155,-1.146014732030567
9769,-1.1981678055010725,-1.5681864291091574,-1.4320155892949833,1.2378505970950135,-0.5231053253391809,0.2429283581329067,0.02576634967858471,-1.5521788908007907,-1.509928714759388,-1.556958705458896
9770,1.6498922985830458,0.06508561858584352,0.14431693449478036,-0.8310638202256104,-1.8493578300509,0.6904618077371967,0.3290655049673272,1.7373230958737826,1.6245818351711978,1.3763310359088319
9771,-0.5863623016607803,0.8817216424333439,-1.4320155892949833,-1.2448467036897353,-1.1513301959920998,0.6904618077371967,0.0737927004196993,-0.4913367866970668,-0.44174355528583586,-0.57919545833632
9772,-0.6074590431725145,-1.5681864291091574,-0.9065714146983955,-1.2448467036897353,1.2219637598078192,-0.6521385410756733,0.08362110184348935,-0.5804831819999005,-0.5905890283272331,-0.451661121755114
9773,0.4262812909024616,0.06508561858584352,0.14431693449478036,0.8240677136308887,0.38433059893725724,1.5855287069457766,0.38973596132391225,0.578419956936941,0.521374211452612,0.5969545345792426
9774,0.21531387578511957,0.06508561858584352,-0.9065714146983955,-1.2448467036897353,0.24472507212550018,1.1379952573414867,0.20251819582425756,0.4179564453918402,0.3550175062886978,0.41273827062861246
9775,0.3418943248555247,-0.751550405261657,-0.9065714146983955,-1.2448467036897353,-0.5231053253391809,1.5855287069457766,0.24932263719917122,0.4981882011643906,0.521374211452612,0.44107923431332485
9776,-0.1855242129378305,0.8817216424333439,0.14431693449478036,-1.2448467036897353,0.5239361257490193,-1.0996719906799632,0.1481166657812251,-0.018860891592046524,-0.07400768071297392,0.015964779042639207
9777,0.5739584814846012,-1.5681864291091574,1.7206494582845442,1.6516334805591384,-1.221132959397981,1.1379952573414867,0.30074908356797536,0.7477981080123259,0.7490202290453358,0.5827840527368867
9778,-1.0293938734071988,0.06508561858584352,0.6697611090913683,0.8240677136308887,-0.6627108521509428,0.6904618077371967,0.0333634383467035,-1.1777640305288881,-1.1947265365540773,-1.231037623084704
9779,-1.0293938734071988,0.06508561858584352,-1.4320155892949833,0.8240677136308887,-0.5231053253391809,1.1379952573414867,0.043351219253041494,-1.2134225886500216,-1.212237768676595,-1.24520810492706
9780,-1.0293938734071988,-1.5681864291091574,-0.9065714146983955,-0.8310638202256104,-0.17409150830978082,1.1379952573414867,0.024544440312383786,-1.2669104258317225,-1.2209933847378536,-1.24520810492706
9781,0.46847477392593007,-0.751550405261657,-0.38112724010180754,-1.2448467036897353,-3.2454130981685,1.5855287069457766,0.2174467406895819,0.7477981080123259,0.8103095414741465,0.3418858614168312
9782,-0.14333072991436205,0.8817216424333439,-0.9065714146983955,0.410284830166764,0.38433059893725724,-1.5472054402842532,0.19513361313286937,0.03462694558965351,0.0573265602059049,0.08681718825442046
9783,0.6794421890432724,0.06508561858584352,1.7206494582845442,-1.2448467036897353,0.6635416525607812,-1.0996719906799632,0.21590607235828507,0.8191152242545933,0.7665314611678535,0.8803641714263664
9784,1.5022151080009063,0.06508561858584352,0.6697611090913683,0.8240677136308887,-1.221132959397981,0.2429283581329067,0.5121394039207353,1.585774223858965,1.5020032103135774,1.3479900722241203
9785,-0.6285557846842488,-1.5681864291091574,-1.4320155892949833,0.410284830166764,-0.38349979852741883,2.4805956061543566,0.08622430005843915,-0.5269953448182004,-0.564322180143457,-0.57919545833632
9786,2.9789870138223007,0.8817216424333439,-0.38112724010180754,-0.8310638202256104,0.1051195453137382,-0.6521385410756733,0.7233172182967645,2.379177142054188,2.298764271888111,2.3399238011890526
9787,0.5528617399728669,0.8817216424333439,-1.4320155892949833,0.410284830166764,0.035316781907857205,-1.0996719906799632,0.41374913669446955,0.7656273870728924,0.6789753005552669,0.7244888711604479
9788,-0.20662095444956474,1.6983576662808442,-0.38112724010180754,-0.0034980532973608127,0.24472507212550018,3.8231959549672268,0.060457950379854436,-0.1525804845462978,-0.18783068950933665,-0.13991052122327854
9789,1.5022151080009063,1.6983576662808442,0.14431693449478036,-1.2448467036897353,2.8274273181430574,-0.6521385410756733,0.44557190670987623,1.2737618402990463,1.213067880292043,1.6455701909135998
9790,-0.1644274714260963,-1.5681864291091574,1.1952052836879563,0.8240677136308887,-0.8023163789626999,-0.6521385410756733,0.1577856877224672,0.09702942230163755,0.11861587263471549,0.015964779042639207
9791,-0.7973297167781225,0.8817216424333439,1.1952052836879563,-0.4172809367614856,0.24472507212550018,-0.6521385410756733,0.07437709185570844,-0.8300930888478358,-0.791968197736181,-0.777582204129306
9792,0.9747965702075511,-1.5681864291091574,-0.38112724010180754,-1.2448467036897353,0.24472507212550018,-0.2046050914713833,0.335759443234341,1.0241519334511109,1.055466791189388,1.0645804353769965
9793,-0.7973297167781225,0.8817216424333439,1.1952052836879563,1.6516334805591384,0.3145278355313812,-0.6521385410756733,0.05859852308346172,-0.8211784493175527,-0.8445018941037331,-0.7917526859716626
9794,-0.8817166828250593,0.8817216424333439,1.1952052836879563,0.410284830166764,-0.38349979852741883,-1.0996719906799632,0.041332412474100834,-0.9281541236809527,-0.888279974410026,-0.9334575043952245
9795,-1.050490614918933,-0.751550405261657,1.7206494582845442,0.410284830166764,1.6407803402430954,0.2429283581329067,0.02342878393454816,-1.3114836234831393,-1.3173051614116977,-1.1601852138729227
9796,-0.9872003903837303,0.8817216424333439,-1.4320155892949833,1.2378505970950135,-1.081527432586219,-0.2046050914713833,0.0522764702757265,-1.124276193347188,-1.0809035277577155,-1.1885261775576352
9797,0.257507358808588,-1.5681864291091574,0.14431693449478036,-0.8310638202256104,0.24472507212550018,0.6904618077371967,0.20474950857992882,0.4268710849221234,0.46008489902380134,0.4694201979980372
9798,2.8524065647518957,1.6983576662808442,1.7206494582845442,-0.0034980532973608127,2.618019027925419,-0.2046050914713833,0.28847686341178347,2.031506200373135,1.9397840133765083,2.3966057285584776
9799,-1.050490614918933,0.8817216424333439,-1.4320155892949833,0.410284830166764,0.4541333623431382,-0.6521385410756733,0.04483876109015566,-1.2490811467711553,-1.2910383132279224,-1.2168671412423475
9800,1.1224737607896906,0.06508561858584352,1.1952052836879563,0.8240677136308887,-1.081527432586219,1.1379952573414867,0.5213302874143335,1.2381032821779128,1.283112808782112,1.0929213990617082
9801,1.1224737607896906,0.06508561858584352,-0.38112724010180754,-1.2448467036897353,0.1051195453137382,0.2429283581329067,0.38097008978377517,1.1132983287539453,1.1430229518019739,1.1354328445887771
9802,-0.8184264582898567,-1.5681864291091574,-1.4320155892949833,1.2378505970950135,-1.221132959397981,1.5855287069457766,0.056154704351059875,-0.8479223679084023,-0.7657013495524049,-0.9192870225528679
9803,-0.9661036488719961,0.8817216424333439,-0.38112724010180754,1.6516334805591384,-0.5929080887450618,-1.0996719906799632,0.03463847420708707,-1.079702995695771,-1.045881063512681,-1.1176737683458546
9804,0.4473780324141958,-0.751550405261657,0.6697611090913683,-1.2448467036897353,-0.03448598149801883,0.2429283581329067,0.22159060723582852,0.5338467592855243,0.5826635238814225,0.5544430890521743
9805,-0.9661036488719961,0.06508561858584352,-1.4320155892949833,0.8240677136308887,-1.2909357228038618,0.2429283581329067,0.04276682781703235,-1.061873716635204,-1.0108585992676464,-1.146014732030567
9806,-1.050490614918933,-1.5681864291091574,-0.9065714146983955,0.410284830166764,0.8031471793725382,0.6904618077371967,0.03771981086968071,-1.347142181604273,-1.282282697166664,-1.231037623084704
9807,0.48957151543766425,-0.751550405261657,1.7206494582845442,0.410284830166764,1.3615692866195812,-0.6521385410756733,0.20161504542315253,0.6140785150580746,0.5388854435751288,0.752829834845161
9808,0.5106682569493985,0.8817216424333439,0.6697611090913683,0.8240677136308887,0.4541333623431382,-0.2046050914713833,0.2762046432555916,0.6319077941186418,0.6527084523714916,0.6961479074757362
9809,3.021180496845769,-1.5681864291091574,1.7206494582845442,-0.8310638202256104,-0.8721191423685809,1.5855287069457766,0.6723157838814217,2.379177142054188,2.395076048561957,2.212389464607846
9810,-0.9661036488719961,0.8817216424333439,1.1952052836879563,0.410284830166764,-0.03448598149801883,-0.6521385410756733,0.031663390532858736,-1.115361553816904,-1.0546366795739395,-1.0751623228187863
9811,-0.9450069073602619,0.06508561858584352,-0.38112724010180754,0.8240677136308887,-0.03448598149801883,0.6904618077371967,0.03261966742814642,-1.0886176352260544,-1.0546366795739395,-1.0609918409764298
9812,-0.7762329752663882,0.8817216424333439,-1.4320155892949833,1.6516334805591384,0.035316781907857205,-0.2046050914713833,0.06948945439090475,-0.8390077283781191,-0.7744569656136641,-0.7917526859716626
9813,-0.41758836956690676,0.8817216424333439,0.14431693449478036,-1.2448467036897353,-0.17409150830978082,0.2429283581329067,0.08744620942464007,-0.3130439960913987,-0.28414246618318095,-0.3099563033315528
9814,0.5528617399728669,0.06508561858584352,0.14431693449478036,-0.0034980532973608127,-1.0117246691803428,0.2429283581329067,0.16777346862880518,0.7656273870728924,0.7227533808615598,0.5969545345792426
9815,-0.9872003903837303,0.8817216424333439,1.1952052836879563,0.410284830166764,-0.31369703512154284,-0.2046050914713833,0.031769643521224036,-1.1421054724077544,-1.0896591438189738,-1.1318442501882104
9816,-0.8606199413133251,-1.5681864291091574,1.1952052836879563,-1.2448467036897353,-0.03448598149801883,0.8694751875789121,0.03766668437549806,-0.9638126818020863,-0.9057912065325429,-0.9334575043952245
9817,-0.6285557846842488,0.8817216424333439,1.1952052836879563,0.410284830166764,0.1749223087196192,-0.6521385410756733,0.07698029007065824,-0.5804831819999005,-0.5468109480209394,-0.5366840128092512
9818,2.894600047775364,0.06508561858584352,1.7206494582845442,-0.8310638202256104,0.38433059893725724,1.1379952573414867,0.7116293895765818,2.3167746653422037,2.158674414907973,2.283241873819628
9819,-1.0082971318954645,0.8817216424333439,-1.4320155892949833,0.8240677136308887,-0.03448598149801883,-0.6521385410756733,0.03957923816607342,-1.1777640305288881,-1.1334372241252668,-1.146014732030567
9820,0.46847477392593007,-1.5681864291091574,-0.38112724010180754,-1.2448467036897353,1.2219637598078192,0.2429283581329067,0.24905700472825798,0.5873345964672243,0.547641059636388,0.7244888711604479
9821,-0.14333072991436205,0.8817216424333439,-1.4320155892949833,-1.2448467036897353,0.6635416525607812,-1.0996719906799632,0.15151676140891462,-0.02777553112232973,0.04857094414464647,0.08681718825442046
9822,-0.5652655601490462,0.8817216424333439,0.6697611090913683,1.2378505970950135,0.3145278355313812,-1.9947388898885432,0.07623651915210115,-0.5002514262273501,-0.4592547874083535,-0.43749063991275816
9823,-1.0082971318954645,0.8817216424333439,0.6697611090913683,-0.8310638202256104,-0.5231053253391809,-0.6521385410756733,0.020772459225415714,-1.1599347514683216,-1.1246816080640083,-1.1743556957152792
9824,2.578148925099351,0.06508561858584352,-0.38112724010180754,0.410284830166764,0.6635416525607812,-1.9947388898885432,0.9672740795834883,2.040420839903418,1.9397840133765083,-5.014556274993803
9825,-0.5863623016607803,0.06508561858584352,0.14431693449478036,0.410284830166764,0.3145278355313812,0.2429283581329067,0.08500239069223822,-0.5448246238787668,-0.49427725165338804,-0.4800020854398264
9826,-0.6074590431725145,0.8817216424333439,-1.4320155892949833,0.410284830166764,-0.24389427171566183,-0.2046050914713833,0.08797747436646655,-0.5359099843484837,-0.5030328677146465,-0.5366840128092512
9827,-0.9239101658485277,0.8817216424333439,0.14431693449478036,1.6516334805591384,0.4541333623431382,-1.0996719906799632,0.0476013387876534,-1.061873716635204,-1.019614215328905,-0.9901394317646491
9828,0.6372487060198039,-1.5681864291091574,1.1952052836879563,-1.2448467036897353,0.38433059893725724,0.2429283581329067,0.2654730914306965,0.7299688289517587,0.7665314611678535,0.7953412803722286
9829,-0.8184264582898567,0.8817216424333439,0.14431693449478036,1.2378505970950135,-0.10428874490389983,-1.0996719906799632,0.06353928704244807,-0.8390077283781191,-0.8007238137974394,-0.8200936496563749
9830,2.5570521835876163,-0.751550405261657,0.14431693449478036,-0.8310638202256104,1.6407803402430954,-0.2046050914713833,0.8545396589279074,1.826469491176617,1.8259610045801464,2.0706846461842847
9831,-1.050490614918933,0.8817216424333439,1.1952052836879563,1.2378505970950135,-0.10428874490389983,0.2429283581329067,0.04058864155554375,-1.2669104258317225,-1.2385046168603704,-1.24520810492706
9832,-0.6074590431725145,0.8817216424333439,-0.9065714146983955,-1.2448467036897353,-0.8023163789626999,-0.2046050914713833,0.07453647133825639,-0.5180807052879165,-0.4855216355921296,-0.57919545833632
9833,-1.0082971318954645,0.8817216424333439,-0.38112724010180754,0.8240677136308887,-0.24389427171566183,-1.0996719906799632,0.030813366625936353,-1.1599347514683216,-1.0896591438189738,-1.1318442501882104
9834,-0.05894376386742515,0.8817216424333439,-0.38112724010180754,-1.2448467036897353,-0.03448598149801883,-0.6521385410756733,0.1387664028050789,0.15051725948333838,0.10110464051219785,0.11515815193913284
9835,-0.6285557846842488,-1.5681864291091574,-0.9065714146983955,0.410284830166764,-0.4533025619332999,0.2429283581329067,0.08314296339584551,-0.5715685424696173,-0.4855216355921296,-0.5650249764939635
9836,-1.0293938734071988,0.8817216424333439,-1.4320155892949833,0.410284830166764,-0.03448598149801883,-1.0996719906799632,0.034107209265260584,-1.2312518677105888,-1.1947265365540773,-1.2026966593999917
9837,0.9958933117192852,0.8817216424333439,1.7206494582845442,-0.8310638202256104,-0.38349979852741883,-0.7863985759569591,0.26196674281464166,1.086554410163095,1.0992448714956808,1.0362394716922834
9838,-0.8395231998015908,0.8817216424333439,-1.4320155892949833,0.8240677136308887,0.1749223087196192,-1.5472054402842532,0.05594219837432928,-0.8835809260295359,-0.8445018941037331,-0.8342641314987308
9839,-0.6074590431725145,0.06508561858584352,0.14431693449478036,1.6516334805591384,-0.8721191423685809,0.6904618077371967,0.1170376666843755,-0.5002514262273501,-0.5117884837759049,-0.5933659401786759
9840,-0.5441688186373119,0.8817216424333439,1.1952052836879563,0.8240677136308887,0.38433059893725724,-1.0996719906799632,0.09812463475535249,-0.437848949515366,-0.4680104034696119,-0.40914967622804577
9841,2.4726652175406794,-1.5681864291091574,-0.38112724010180754,0.410284830166764,0.8031471793725382,0.6904618077371967,0.9231790894118898,1.933445165540018,1.9923177097440596,2.0706846461842847
9842,-0.8184264582898567,-1.5681864291091574,-1.4320155892949833,-0.8310638202256104,1.1521609964019384,0.2429283581329067,0.04345747224140679,-0.8746662864992527,-0.8970355904712844,-0.7634117222869502
9843,-0.8395231998015908,0.8817216424333439,-0.38112724010180754,1.6516334805591384,0.24472507212550018,-0.2046050914713833,0.05976730595548,-0.8835809260295359,-0.9145468225938014,-0.8626050951834432
9844,-0.1011372468908936,-1.5681864291091574,1.7206494582845442,-1.2448467036897353,0.4541333623431382,-0.6521385410756733,0.11066248738245762,0.04354158511993751,0.07483779232842254,0.11515815193913284
9845,-0.7973297167781225,0.8817216424333439,0.14431693449478036,0.8240677136308887,-0.31369703512154284,-0.2046050914713833,0.054773415502311004,-0.8300930888478358,-0.7744569656136641,-0.8200936496563749
9846,-0.20662095444956474,-1.5681864291091574,-0.9065714146983955,0.8240677136308887,0.7333444159666572,0.2429283581329067,0.17930191786643998,-0.07234872877374655,-0.04774083252919862,0.03013526088499571
9847,0.9747965702075511,0.8817216424333439,-0.9065714146983955,0.410284830166764,0.5239361257490193,-0.2046050914713833,0.4386123359719492,1.041981212511678,0.9766662466380598,1.0787509172193523
9848,0.21531387578511957,-1.5681864291091574,1.7206494582845442,-0.8310638202256104,1.2917665232137003,0.2429283581329067,0.15194177336237583,0.3020661314981561,0.3199950420436633,0.4694201979980372
9849,1.396731400442235,1.6983576662808442,-0.38112724010180754,-0.8310638202256104,-3.803835205415543,1.1379952573414867,0.30404292620729956,1.6749206191617994,1.5895593709261633,1.0362394716922834
9850,-0.8395231998015908,-1.5681864291091574,1.1952052836879563,-1.2448467036897353,-1.779555066645019,1.5855287069457766,0.03729479891621952,-0.8479223679084023,-0.8094794298586986,-0.9901394317646491
9851,0.8482161211371456,-1.5681864291091574,0.6697611090913683,-0.4172809367614856,-1.8493578300509,1.5855287069457766,0.3793762949582957,1.0508958520419613,1.0992448714956808,0.8095117622145858
9852,0.02544320217951176,1.6983576662808442,-0.38112724010180754,-0.8310638202256104,3.1066383717665813,0.2429283581329067,0.08962439568612868,0.04354158511993751,0.0047928638383535295,0.38439730694390006
9853,-0.45978185259037524,0.06508561858584352,-1.4320155892949833,0.410284830166764,-0.17409150830978082,0.2429283581329067,0.13467566275301493,-0.2863000775005483,-0.31040931436695707,-0.3099563033315528
9854,-0.9661036488719961,0.06508561858584352,1.1952052836879563,0.8240677136308887,0.3145278355313812,-1.0996719906799632,0.043616851723954735,-1.079702995695771,-1.0984147598802323,-1.0468213591340738
9855,-1.050490614918933,0.06508561858584352,-1.4320155892949833,0.410284830166764,0.4541333623431382,0.6904618077371967,0.03495723317218297,-1.3114836234831393,-1.256015848982888,-1.231037623084704
9856,0.21531387578511957,-0.751550405261657,0.14431693449478036,0.410284830166764,1.2917665232137003,0.6904618077371967,0.22892206343303406,0.2931514919678721,0.32875065810492254,0.4694201979980372
9857,-0.5019753356138434,-1.5681864291091574,0.14431693449478036,0.410284830166764,-1.221132959397981,-0.2046050914713833,0.08643680603516973,-0.3487025542125323,-0.3016536983056986,-0.451661121755114
9858,-0.8395231998015908,0.8817216424333439,-1.4320155892949833,1.2378505970950135,-0.03448598149801883,-0.2046050914713833,0.0742177123731605,-0.8835809260295359,-0.9057912065325429,-0.8909460588681556
9859,0.23641061729685378,-1.5681864291091574,0.14431693449478036,-1.2448467036897353,-1.430541249615619,-1.0996719906799632,0.2273282686075546,0.5338467592855243,0.547641059636388,0.3560563432591877
9860,0.8482161211371456,0.06508561858584352,1.7206494582845442,-0.8310638202256104,0.035316781907857205,-0.6521385410756733,0.2219093662009244,0.9974080148602605,0.9416437823930253,0.9653870624805029
9861,0.8904096041606141,0.8817216424333439,-0.38112724010180754,-1.2448467036897353,0.24472507212550018,-0.6521385410756733,0.3393720448387611,1.0152372939208278,0.9416437823930253,1.0078985080075717
9862,-0.12223398840262782,0.8817216424333439,1.7206494582845442,0.8240677136308887,-0.03448598149801883,-0.2046050914713833,0.13111618764277747,0.05245622465022072,0.09234902445093941,0.07264670641206396
9863,0.8060226381136772,0.8817216424333439,0.6697611090913683,0.8240677136308887,0.5937388891549003,-1.0996719906799632,0.3538755777506242,0.9439201776785605,0.871598853902957,0.9937280261652158
9864,-0.1855242129378305,-1.5681864291091574,-0.9065714146983955,0.8240677136308887,0.8031471793725382,-0.2046050914713833,0.15459809807150826,-0.11692192642516418,-0.06525206465171549,0.0017942972002833347
9865,-1.050490614918933,0.06508561858584352,1.1952052836879563,1.6516334805591384,0.1051195453137382,0.6904618077371967,0.03633852202093184,-1.3203982630134226,-1.273527081105405,-1.2735490686117723
9866,1.5022151080009063,0.8817216424333439,-0.38112724010180754,0.410284830166764,0.1051195453137382,0.6904618077371967,0.6213674759602614,1.3896521541927305,1.4056914336397324,1.404671999593545
9867,0.4262812909024616,0.06508561858584352,-1.4320155892949833,-0.8310638202256104,-0.7325136155568189,0.2429283581329067,0.19991499760930775,0.6408224336489251,0.5651522917589049,0.5119316435251055
9868,-1.050490614918933,0.8817216424333439,1.1952052836879563,0.410284830166764,0.38433059893725724,0.2429283581329067,0.028953939329543644,-1.3114836234831393,-1.273527081105405,-1.24520810492706
9869,1.6287955570713115,0.06508561858584352,1.7206494582845442,0.8240677136308887,-0.6627108521509428,1.5855287069457766,0.3819794931732455,1.6660059796315154,1.537025674558612,1.4896948906476815
9870,1.7342792646299827,0.06508561858584352,1.1952052836879563,0.8240677136308887,-1.639949539833262,0.2429283581329067,0.8068851936460713,1.7908109330554836,1.7033823797225252,1.4755244088053256
9871,0.5739584814846012,0.8817216424333439,-1.4320155892949833,-0.8310638202256104,-0.24389427171566183,-0.2046050914713833,0.28651118312702545,0.7923713056637428,0.731508996922819,0.7244888711604479
9872,1.481118366489172,-1.5681864291091574,0.6697611090913683,0.410284830166764,0.8729499427784192,-0.2046050914713833,0.46018169261010466,1.30942039842018,1.3268908890884048,1.4330129632782567
9873,0.02544320217951176,0.8817216424333439,0.14431693449478036,-0.8310638202256104,0.8031471793725382,-0.2046050914713833,0.14482282314190087,0.21291973619532162,0.17114956900226685,0.28520393404740707
9874,0.5106682569493985,0.8817216424333439,0.14431693449478036,0.410284830166764,-1.1513301959920998,0.6904618077371967,0.37374488657493493,0.7656273870728924,0.7840426932903704,0.6111250164215991
9875,0.48957151543766425,0.8817216424333439,-1.4320155892949833,0.8240677136308887,0.1051195453137382,-0.2046050914713833,0.45842851830207726,0.6497370731792083,0.617685988126457,0.6536364619486673
9876,0.21531387578511957,0.8817216424333439,-0.9065714146983955,-1.2448467036897353,0.4541333623431382,-1.0996719906799632,0.3004834510970621,0.3733832477404233,0.39879558659499154,0.44107923431332485
9877,1.481118366489172,0.8817216424333439,-0.38112724010180754,-1.2448467036897353,-0.31369703512154284,-0.2046050914713833,0.5697816501089094,1.4698839099652807,1.4582251300072844,1.404671999593545
9878,-0.6285557846842488,0.06508561858584352,-0.9065714146983955,0.410284830166764,0.1051195453137382,0.2429283581329067,0.0980183817669872,-0.562653902939334,-0.60810026044975,-0.5650249764939635
9879,0.6372487060198039,-1.5681864291091574,-1.4320155892949833,-1.2448467036897353,-0.31369703512154284,0.2429283581329067,0.2545290336290708,0.8102005847243092,0.8540876217804394,0.7811707985298727
9880,-1.050490614918933,-0.751550405261657,1.7206494582845442,0.8240677136308887,1.1521609964019384,-1.0996719906799632,0.02093183870796366,-1.3203982630134226,-1.256015848982888,-1.1743556957152792
9881,-0.3964916280551725,0.8817216424333439,0.14431693449478036,0.8240677136308887,-0.7325136155568189,-0.6521385410756733,0.12250969558518833,-0.18823904266743144,-0.21409753769311196,-0.28161533964684043
9882,0.5950552229963354,-0.751550405261657,-1.4320155892949833,-0.8310638202256104,1.3615692866195812,-0.2046050914713833,0.251925835414121,0.7210541894214756,0.66146406843275,0.8661936895840104
9883,-0.6074590431725145,-0.751550405261657,0.14431693449478036,-1.2448467036897353,0.9427527061843003,-1.5472054402842532,0.06481432290283164,-0.5983124610604676,-0.5380553319596809,-0.46583160359747056
9884,-0.9239101658485277,0.06508561858584352,-1.4320155892949833,0.410284830166764,0.1749223087196192,-0.2046050914713833,0.0573766137172608,-1.0351297980443537,-1.0633922956351987,-1.0184803954493615
9885,-1.0293938734071988,0.8817216424333439,-0.9065714146983955,-1.2448467036897353,-0.17409150830978082,-0.6521385410756733,0.030335228178292515,-1.2490811467711553,-1.212237768676595,-1.231037623084704
9886,0.21531387578511957,-1.5681864291091574,-0.9065714146983955,0.8240677136308887,-1.0117246691803428,0.2429283581329067,0.2832173404877012,0.4447003639826906,0.477596131146319,0.32771537957447533
9887,-0.6074590431725145,0.8817216424333439,0.6697611090913683,0.8240677136308887,0.035316781907857205,-0.6521385410756733,0.0691175689316262,-0.562653902939334,-0.5292997158984225,-0.5366840128092512
9888,0.4262812909024616,0.06508561858584352,0.14431693449478036,-0.8310638202256104,-0.10428874490389983,2.033062156550067,0.23019709929341764,0.5695053174066579,0.49510736326883587,0.5119316435251055
9889,-0.8817166828250593,0.06508561858584352,-1.4320155892949833,0.410284830166764,0.035316781907857205,0.2429283581329067,0.046007543962173936,-0.99947123992322,-0.9583249029000951,-0.9617984680799367
9890,-1.0293938734071988,0.06508561858584352,-0.9065714146983955,0.410284830166764,-0.03448598149801883,0.2429283581329067,0.03378845030016469,-1.2579957863014386,-1.1947265365540773,-1.2168671412423475
9891,1.0169900532310194,0.06508561858584352,-0.38112724010180754,-1.2448467036897353,0.1749223087196192,2.033062156550067,0.3503692291345694,1.0687251311025279,0.9941774787605774,1.0504099535346405
9892,-0.016750280843956692,0.06508561858584352,-1.4320155892949833,0.410284830166764,-1.639949539833262,1.1379952573414867,0.17159857620995592,0.3109807710284393,0.27621696173737037,0.08681718825442046
9893,0.8904096041606141,-1.5681864291091574,1.1952052836879563,0.410284830166764,0.9427527061843003,-0.6521385410756733,0.36986665249960154,0.970664096269411,0.9328881663317669,1.0787509172193523
9894,1.2279574683483612,0.8817216424333439,1.7206494582845442,-0.8310638202256104,0.5937388891549003,-0.6521385410756733,0.3171120437762312,1.1757008054659286,1.2480903445370775,1.2913081448546955
9895,-0.5230720771255777,0.8817216424333439,0.14431693449478036,-1.2448467036897353,-0.03448598149801883,-0.6521385410756733,0.09127131700579079,-0.38436111233366593,-0.4154767071020606,-0.40914967622804577
9896,-1.0293938734071988,-0.751550405261657,-0.38112724010180754,0.8240677136308887,0.9427527061843003,-0.2046050914713833,0.028900812835360994,-1.2669104258317225,-1.2209933847378536,-1.146014732030567
9897,-1.1770710639893383,0.8817216424333439,-0.38112724010180754,0.410284830166764,-0.4533025619332999,-0.6521385410756733,0.020772459225415714,-1.5521788908007907,-1.4924174826368704,-1.5427882236165396
9898,1.9241499382355902,0.8817216424333439,0.6697611090913683,1.6516334805591384,0.1051195453137382,-0.2046050914713833,0.7257079105349838,1.6838352586920826,1.6946267636612669,1.6880816364406688
9899,0.5106682569493985,0.8817216424333439,1.1952052836879563,0.410284830166764,0.1749223087196192,-0.2046050914713833,0.3430908994315465,0.685395631300342,0.66146406843275,0.6961479074757362
9900,0.4262812909024616,-1.5681864291091574,-0.38112724010180754,-0.8310638202256104,1.3615692866195812,0.2429283581329067,0.23349094193274186,0.5160174802249571,0.5388854435751288,0.6961479074757362
9901,0.4262812909024616,1.6983576662808442,-1.4320155892949833,0.8240677136308887,1.8501886304607433,-1.0996719906799632,0.3927110449981406,0.5338467592855243,0.49510736326883587,0.752829834845161
9902,-0.20662095444956474,-1.5681864291091574,-0.9065714146983955,-1.2448467036897353,0.5239361257490193,-1.0996719906799632,0.1520480263507411,-0.054519449713180144,-0.012718368284164113,0.03013526088499571
9903,-1.1770710639893383,-1.5681864291091574,-1.4320155892949833,1.2378505970950135,0.6635416525607812,0.6904618077371967,0.029325824788822185,-1.5700081698613575,-1.5186843308206464,-1.471935814404759
9904,-0.9872003903837303,-1.5681864291091574,-0.38112724010180754,0.8240677136308887,-1.221132959397981,1.5855287069457766,0.030760240131753706,-1.115361553816904,-1.0633922956351987,-1.1885261775576352
9905,1.9452466797473245,0.8817216424333439,1.1952052836879563,0.410284830166764,0.4541333623431382,-1.0996719906799632,0.9097912128778622,1.6927498982223659,1.7033823797225252,1.7589340456524494
9906,-0.20662095444956474,-1.5681864291091574,0.14431693449478036,-1.2448467036897353,0.4541333623431382,0.2429283581329067,0.12654730914306964,-0.08126336830403057,-0.03022960040668098,0.0017942972002833347
9907,0.784925896601943,0.8817216424333439,0.6697611090913683,-0.8310638202256104,0.035316781907857205,-1.5472054402842532,0.2655793444190618,0.9350055381482772,0.9503993984542844,0.937046098795791
9908,-0.9450069073602619,0.06508561858584352,-0.9065714146983955,-0.8310638202256104,0.38433059893725724,0.2429283581329067,0.02773202996334272,-1.115361553816904,-1.045881063512681,-1.0326508772917173
9909,0.5106682569493985,0.8817216424333439,1.1952052836879563,-1.2448467036897353,0.1051195453137382,-1.9947388898885432,0.2959145725973543,0.7121395498911923,0.7052421487390429,0.7244888711604479
9910,-1.0293938734071988,0.8817216424333439,1.1952052836879563,-0.4172809367614856,-0.5231053253391809,-0.6521385410756733,0.04908888062476757,-1.2134225886500216,-1.1772153044315605,-1.231037623084704
9911,2.3249880269585406,0.06508561858584352,0.14431693449478036,-0.8310638202256104,0.8031471793725382,1.5855287069457766,0.6806566434680975,1.826469491176617,1.7471604600288189,1.9006388640760106
9912,2.5359554420758825,0.06508561858584352,0.6697611090913683,-0.8310638202256104,-1.221132959397981,0.2429283581329067,0.5831164001487542,2.22762827003937,2.132407566724198,1.9573207914454354
9913,1.1224737607896906,0.06508561858584352,1.1952052836879563,-0.8310638202256104,-1.0117246691803428,0.2429283581329067,0.3551506136110078,1.3005057588898967,1.2480903445370775,1.1212623627464213
9914,0.8693128626488799,0.06508561858584352,1.7206494582845442,1.6516334805591384,-0.6627108521509428,1.1379952573414867,0.29602082558571957,1.0063226543905446,1.0029330948218358,0.9087051351110781
9915,-0.20662095444956474,0.8817216424333439,0.6697611090913683,1.6516334805591384,0.24472507212550018,0.2429283581329067,0.12091590075970887,-0.09017800783431376,-0.04774083252919862,-0.040717148326785545
9916,-0.5652655601490462,0.8817216424333439,0.14431693449478036,-1.2448467036897353,0.8031471793725382,-0.2046050914713833,0.07241141157095043,-0.4913367866970668,-0.5117884837759049,-0.40914967622804577
9917,0.5528617399728669,0.8817216424333439,0.14431693449478036,-1.2448467036897353,0.24472507212550018,-0.2046050914713833,0.30043032460287944,0.6943102708306251,0.6964865326777845,0.7244888711604479
9918,-1.0293938734071988,-1.5681864291091574,-1.4320155892949833,-1.2448467036897353,1.0125554695901813,0.6904618077371967,0.03708229293948892,-1.2490811467711553,-1.273527081105405,-1.1601852138729227
9919,1.2068607268366276,0.8817216424333439,-1.4320155892949833,0.410284830166764,-1.0117246691803428,-1.5472054402842532,0.6010731551824895,1.36290823560188,1.283112808782112,1.16377380827349
9920,0.4262812909024616,0.06508561858584352,-0.38112724010180754,-0.8310638202256104,-1.639949539833262,1.1379952573414867,0.16362960208255858,0.6764809917700587,0.5826635238814225,0.41273827062861246
9921,-0.1855242129378305,-1.5681864291091574,0.14431693449478036,-1.2448467036897353,-1.919160593456781,1.5855287069457766,0.13308186792753546,0.09702942230163755,0.12737148869597392,-0.11156955753856616
9922,-0.9239101658485277,0.8817216424333439,1.7206494582845442,0.410284830166764,-0.17409150830978082,-1.0996719906799632,0.02438506082983584,-1.0083858794535039,-0.9670805189613535,-0.9901394317646491
9923,1.1435705023014249,0.8817216424333439,0.6697611090913683,1.6516334805591384,-0.24389427171566183,-0.6521385410756733,0.42920894650162034,1.1935300845264958,1.186801032108267,1.149603326431133
9924,0.21531387578511957,-0.751550405261657,0.14431693449478036,-1.2448467036897353,0.6635416525607812,0.2429283581329067,0.20081814801041278,0.3377246896192897,0.3462618902274394,0.4269087524709683
9925,-0.6074590431725145,-1.5681864291091574,-0.9065714146983955,0.8240677136308887,-2.058766120268543,1.1379952573414867,0.0858524145991606,-0.4913367866970668,-0.4154767071020606,-0.6642183493904572
9926,-0.5652655601490462,0.06508561858584352,1.1952052836879563,1.6516334805591384,-0.6627108521509428,0.2429283581329067,0.10168410986558997,-0.4289343099850828,-0.4855216355921296,-0.5225135309668953
9927,-0.5019753356138434,0.8817216424333439,-0.38112724010180754,-0.4172809367614856,-0.31369703512154284,-1.0996719906799632,0.11459384795197365,-0.3754464728033827,-0.35418739467325,-0.3949791943856899
9928,-0.9872003903837303,0.06508561858584352,-0.9065714146983955,-0.8310638202256104,-1.5701467764273809,0.6904618077371967,0.03352281782925145,-1.0975322747563376,-1.0984147598802323,-1.231037623084704
9929,-0.1855242129378305,0.06508561858584352,-0.9065714146983955,-1.2448467036897353,-0.24389427171566183,0.2429283581329067,0.15210115284492376,0.05245622465022072,0.013548479899611962,0.0017942972002833347
9930,-0.8395231998015908,0.06508561858584352,1.1952052836879563,-1.2448467036897353,-1.7097523032391428,0.6904618077371967,0.03729479891621952,-0.8300930888478358,-0.8007238137974394,-0.9759689499222927
9931,-0.14333072991436205,0.8817216424333439,1.7206494582845442,-1.2448467036897353,0.035316781907857205,-0.6521385410756733,0.09971842958083196,0.04354158511993751,0.06608217626716334,0.058476224569708087
9932,-0.5863623016607803,-1.5681864291091574,-1.4320155892949833,0.410284830166764,0.3145278355313812,-0.6521385410756733,0.0884556128141104,-0.5091660657576332,-0.49427725165338804,-0.46583160359747056
9933,0.3629910663672589,0.8817216424333439,-0.38112724010180754,0.410284830166764,0.8031471793725382,-0.6521385410756733,0.26260426074483345,0.5516760383460907,0.5038629793300943,0.6252954982639549
9934,0.4262812909024616,-1.5681864291091574,-0.38112724010180754,-1.2448467036897353,-0.5929080887450618,0.2429283581329067,0.28087977474366466,0.6229931545883579,0.6351972202489738,0.5544430890521743
9935,-0.1855242129378305,0.06508561858584352,-0.38112724010180754,-0.4172809367614856,0.8031471793725382,1.1379952573414867,0.17792062901769112,0.007883026998803893,-0.056496448590457056,0.07264670641206396
9936,0.9958933117192852,0.06508561858584352,0.6697611090913683,-0.8310638202256104,-0.24389427171566183,0.6904618077371967,0.278860967964724,1.1132983287539453,1.055466791189388,1.0362394716922834
9937,-0.7973297167781225,0.8817216424333439,0.14431693449478036,-1.2448467036897353,0.1749223087196192,-0.2046050914713833,0.0527014822291877,-0.8033491702569854,-0.8094794298586986,-0.777582204129306
9938,1.2068607268366276,0.8817216424333439,-0.38112724010180754,1.6516334805591384,-0.31369703512154284,-0.6521385410756733,0.5111300005312649,1.2470179217081958,1.283112808782112,1.2062852538005577
9939,-0.9661036488719961,0.06508561858584352,0.6697611090913683,0.8240677136308887,-0.5231053253391809,1.1379952573414867,0.028528927376082452,-1.115361553816904,-1.072147911696457,-1.1318442501882104
9940,-1.0293938734071988,0.06508561858584352,-0.9065714146983955,0.410284830166764,-0.03448598149801883,0.6904618077371967,0.05004515752005525,-1.240166507240872,-1.2472602329216296,-1.231037623084704
9941,0.7638291550902088,0.06508561858584352,0.6697611090913683,0.410284830166764,0.4541333623431382,0.2429283581329067,0.26648249482016684,0.8547737823757269,0.8015539254128881,0.8803641714263664
9942,-1.0293938734071988,-0.751550405261657,0.6697611090913683,0.410284830166764,0.9427527061843003,-1.5472054402842532,0.023110024969452265,-1.2669104258317225,-1.2209933847378536,-1.146014732030567
9943,-0.9661036488719961,-1.5681864291091574,1.1952052836879563,1.6516334805591384,-0.38349979852741883,0.6904618077371967,0.04117303299155289,-1.1331908328774714,-1.0809035277577155,-1.1318442501882104
9944,-1.0715873564306673,-1.5681864291091574,-1.4320155892949833,1.6516334805591384,-0.5929080887450618,-0.2046050914713833,0.03580725707910535,-1.2847397048922888,-1.2385046168603704,-1.3018900322964846
9945,1.0169900532310194,0.06508561858584352,1.1952052836879563,1.6516334805591384,0.24472507212550018,0.2429283581329067,0.5693035116612655,1.095469049693378,1.029199943005612,1.0929213990617082
9946,-0.1644274714260963,-0.751550405261657,0.6697611090913683,0.8240677136308887,-0.31369703512154284,2.4805956061543566,0.13021303724167244,-0.054519449713180144,0.013548479899611962,-0.054887630169141416
9947,-0.9872003903837303,0.06508561858584352,0.6697611090913683,1.6516334805591384,0.3145278355313812,0.6904618077371967,0.03947298517770812,-1.124276193347188,-1.1597040723090428,-1.1035032865034986
9948,1.586602074047843,0.8817216424333439,1.1952052836879563,-0.8310638202256104,-0.7325136155568189,-1.0996719906799632,0.5062954895606439,1.6125181424498154,1.5545369066811288,1.4613539269629696
9949,0.46847477392593007,0.06508561858584352,-0.9065714146983955,-0.0034980532973608127,-0.24389427171566183,1.1379952573414867,0.20389948467300642,0.6586517127094915,0.6001747560039394,0.5969545345792426
9950,0.9115063456723483,0.06508561858584352,-0.38112724010180754,0.8240677136308887,-0.4533025619332999,0.2429283581329067,0.4025394464219306,1.0508958520419613,0.985421862699319,0.951216580638147
9951,0.46847477392593007,0.06508561858584352,0.6697611090913683,-0.8310638202256104,-0.38349979852741883,0.6904618077371967,0.2048557615682941,0.6943102708306251,0.6351972202489738,0.6111250164215991
9952,0.5950552229963354,0.06508561858584352,0.6697611090913683,0.8240677136308887,0.5239361257490193,-0.2046050914713833,0.25909791212877864,0.7210541894214756,0.6789753005552669,0.7670003166875169
9953,-0.20662095444956474,0.8817216424333439,-0.38112724010180754,1.2378505970950135,0.38433059893725724,-1.0996719906799632,0.1501885990543484,-0.06343408924346336,-0.03022960040668098,0.0017942972002833347
9954,-1.0082971318954645,0.8817216424333439,-0.38112724010180754,0.8240677136308887,0.24472507212550018,-1.0996719906799632,0.027838282951708017,-1.1955933095894553,-1.1684596883703013,-1.146014732030567
9955,0.4262812909024616,-1.5681864291091574,-0.38112724010180754,0.410284830166764,1.0823582329960573,-1.9947388898885432,0.26563247091324443,0.6140785150580746,0.5563966756976465,0.7244888711604479
9956,0.5106682569493985,0.8817216424333439,-0.38112724010180754,-1.2448467036897353,0.24472507212550018,-0.2046050914713833,0.2550602985708973,0.6764809917700587,0.6877309166165253,0.7103183893180921
9957,-0.20662095444956474,0.8817216424333439,-1.4320155892949833,-0.8310638202256104,0.24472507212550018,-0.6521385410756733,0.13031929023003772,-0.07234872877374655,-0.04774083252919862,-0.026546666484429042
9958,0.8482161211371456,0.8817216424333439,-0.38112724010180754,-0.0034980532973608127,-2.1983716470803,-0.2046050914713833,0.19991499760930775,1.140042247344795,1.0729780233119048,0.7811707985298727
9959,2.6203424081228195,0.06508561858584352,0.14431693449478036,-0.8310638202256104,-1.081527432586219,0.2429283581329067,0.9597832439037348,2.1741404328576692,2.1936968791530083,1.9856617551301483
9960,-0.7762329752663882,0.8817216424333439,-1.4320155892949833,0.410284830166764,0.24472507212550018,-0.6521385410756733,0.055676565903416034,-0.7676906121358518,-0.791968197736181,-0.7492412404445943
9961,0.21531387578511957,-1.5681864291091574,-0.9065714146983955,-1.2448467036897353,-1.5701467764273809,-0.2046050914713833,0.23476597779312544,0.409041805861557,0.5301298275138704,0.2710334522050506
9962,0.4262812909024616,-0.751550405261657,1.1952052836879563,-1.2448467036897353,0.5239361257490193,3.3756625053629365,0.24055676565903417,0.4536150035129738,0.5038629793300943,0.5402726072098178
9963,-0.20662095444956474,0.8817216424333439,-0.38112724010180754,1.2378505970950135,-0.03448598149801883,-1.5472054402842532,0.1390851617701748,-0.009946252061763314,0.022304095960870397,0.0017942972002833347
9964,-0.9450069073602619,-1.5681864291091574,-0.38112724010180754,1.2378505970950135,-1.1513301959920998,2.033062156550067,0.03957923816607342,-1.079702995695771,-1.019614215328905,-1.146014732030567
9965,1.5022151080009063,0.06508561858584352,-0.38112724010180754,-1.2448467036897353,-1.2909357228038618,1.1379952573414867,0.49200446262551134,1.532286386677265,1.4582251300072844,1.2913081448546955
9966,-1.050490614918933,0.8817216424333439,0.14431693449478036,1.2378505970950135,-0.03448598149801883,-0.2046050914713833,0.05530468044413749,-1.293654344422572,-1.2472602329216296,-1.2593785867694165
9967,-1.0082971318954645,0.8817216424333439,-1.4320155892949833,1.6516334805591384,-0.17409150830978082,-0.6521385410756733,0.043351219253041494,-1.1599347514683216,-1.1246816080640083,-1.146014732030567
9968,-1.050490614918933,0.8817216424333439,-0.38112724010180754,0.8240677136308887,0.5239361257490193,-0.6521385410756733,0.035860383573287996,-1.3025689839528563,-1.3085495453504394,-1.24520810492706
9969,-1.0082971318954645,0.8817216424333439,-0.38112724010180754,0.8240677136308887,0.6635416525607812,-0.6521385410756733,0.03570100409074005,-1.1688493909986049,-1.1772153044315605,-1.1035032865034986
9970,-0.5441688186373119,0.8817216424333439,1.1952052836879563,-0.8310638202256104,-0.9419219057744619,0.6904618077371967,0.061254847792594165,-0.437848949515366,-0.38920985891828447,-0.5083430491245388
9971,-0.6285557846842488,-1.5681864291091574,-1.4320155892949833,0.8240677136308887,-0.5929080887450618,0.2429283581329067,0.09568081602295064,-0.5893978215301837,-0.5468109480209394,-0.6217069038633883
9972,0.700538930555006,0.8817216424333439,0.6697611090913683,-1.2448467036897353,0.1051195453137382,-0.2046050914713833,0.2735483185464591,0.8458591428454428,0.8103095414741465,0.8378527258992975
9973,0.7216356720667403,0.8817216424333439,-0.38112724010180754,-0.8310638202256104,0.5937388891549003,-0.2046050914713833,0.22047495085799287,0.8726030614362933,0.8015539254128881,0.9087051351110781
9974,-0.3542981450317041,-1.5681864291091574,-0.9065714146983955,-1.2448467036897353,0.9427527061843003,0.2429283581329067,0.11746267863783669,-0.21498296125828106,-0.2578756179994049,-0.12574003938092204
9975,1.67098904009478,-1.5681864291091574,0.6697611090913683,-0.8310638202256104,-0.10428874490389983,-0.2046050914713833,0.41624608192105406,1.585774223858965,1.5983149869874218,1.560547299859462
9976,0.4473780324141958,-1.5681864291091574,-1.4320155892949833,-0.8310638202256104,1.0823582329960573,0.2429283581329067,0.19518673962705202,0.5962492359975082,0.5038629793300943,0.681977425633379
9977,1.481118366489172,0.8817216424333439,-0.9065714146983955,0.410284830166764,0.7333444159666572,-1.7709721650863983,0.8498114009456516,1.3718228751321633,1.3969358175784738,1.4755244088053256
9978,-0.438685111078641,0.8817216424333439,1.1952052836879563,1.6516334805591384,0.3145278355313812,-0.6521385410756733,0.1099718429580832,-0.2952147170308315,-0.3191649304282155,-0.2674448578044839
9979,2.5359554420758825,0.06508561858584352,-1.4320155892949833,-0.8310638202256104,0.035316781907857205,-0.6521385410756733,0.9789087818094884,2.1295672352062516,2.027340173989095,2.0706846461842847
9980,0.21531387578511957,-1.5681864291091574,-0.38112724010180754,0.410284830166764,0.6635416525607812,0.6904618077371967,0.22074058332890611,0.3288100500890057,0.36377312234995707,0.4269087524709683
9981,-1.1981678055010725,-1.5681864291091574,1.1952052836879563,1.6516334805591384,-0.9419219057744619,0.2429283581329067,0.018806778940657708,-1.5700081698613575,-1.509928714759388,-1.5994701509859643
9982,0.21531387578511957,-1.5681864291091574,1.1952052836879563,-0.8310638202256104,1.7105831036489814,1.1379952573414867,0.18259576050576423,0.25749293384673844,0.3112394259824049,0.4977611616827496
9983,-1.0082971318954645,0.8817216424333439,0.14431693449478036,0.8240677136308887,0.1051195453137382,-0.6521385410756733,0.0380385698347766,-1.1955933095894553,-1.142192840186526,-1.146014732030567
9984,0.5317649984611327,1.6983576662808442,0.14431693449478036,-1.2448467036897353,1.9897941572724953,-0.2046050914713833,0.27551399883121713,0.5873345964672243,0.521374211452612,0.8095117622145858
9985,-1.050490614918933,0.06508561858584352,0.14431693449478036,1.6516334805591384,-0.10428874490389983,0.2429283581329067,0.050204537002603196,-1.2312518677105888,-1.273527081105405,-1.24520810492706
9986,0.06763668520297998,0.8817216424333439,0.14431693449478036,-1.2448467036897353,0.3145278355313812,-1.0996719906799632,0.18913031929023003,0.24857829431645526,0.2587057296148535,0.28520393404740707
9987,-0.5652655601490462,0.8817216424333439,0.6697611090913683,-0.8310638202256104,0.1749223087196192,-1.5472054402842532,0.05169207883971737,-0.48242214716678283,-0.44174355528583586,-0.43749063991275816
9988,-0.4808785941021094,0.06508561858584352,-1.4320155892949833,-1.2448467036897353,-1.639949539833262,0.2429283581329067,0.08569303511661265,-0.2773854379702651,-0.31040931436695707,-0.46583160359747056
9989,-1.050490614918933,-1.5681864291091574,-0.38112724010180754,1.2378505970950135,1.0823582329960573,-1.0996719906799632,0.046645061892365725,-1.240166507240872,-1.2647714650441464,-1.146014732030567
9990,-0.9661036488719961,0.06508561858584352,0.14431693449478036,0.410284830166764,-0.38349979852741883,0.6904618077371967,0.03644477500929714,-1.106446914286621,-1.0546366795739395,-1.1035032865034986
9991,0.21531387578511957,1.6983576662808442,0.6697611090913683,0.410284830166764,2.8274273181430574,-1.0996719906799632,0.14163523349094193,0.2842368524375889,0.24119449749233587,0.6111250164215991
9992,0.46847477392593007,-1.5681864291091574,0.6697611090913683,-0.8310638202256104,0.5937388891549003,-0.6521385410756733,0.21696860224193806,0.6051638755277915,0.617685988126457,0.681977425633379
9993,0.4473780324141958,0.8817216424333439,1.1952052836879563,-0.8310638202256104,-0.10428874490389983,-1.5472054402842532,0.24225681347287892,0.5962492359975082,0.6264416041877154,0.5969545345792426
9994,-0.7973297167781225,0.8817216424333439,-0.9065714146983955,-1.2448467036897353,-0.03448598149801883,-0.6521385410756733,0.055251553949954846,-0.8033491702569854,-0.8269906619812155,-0.8059231678140184
9995,1.5022151080009063,-1.5681864291091574,0.6697611090913683,-1.2448467036897353,-1.7097523032391428,0.6904618077371967,0.47048823248153854,1.5679449447983984,1.6245818351711978,1.3196491085394073
9996,0.4262812909024616,-0.751550405261657,0.14431693449478036,0.410284830166764,0.9427527061843003,-0.6521385410756733,0.287945598469957,0.4803589221038234,0.5038629793300943,0.6111250164215991
9997,-1.050490614918933,0.8817216424333439,0.14431693449478036,-1.2448467036897353,0.5239361257490193,-0.2046050914713833,0.024491313818201136,-1.3025689839528563,-1.2472602329216296,-1.2168671412423475
9998,2.029633645794261,-1.5681864291091574,-0.38112724010180754,-1.2448467036897353,0.9427527061843003,0.6904618077371967,0.6528183605163895,1.7462377354040666,1.6245818351711978,1.8156159730218742
9999,-0.6074590431725145,-0.751550405261657,-0.9065714146983955,0.410284830166764,1.7105831036489814,0.2429283581329067,0.07597088668118791,-0.6428856587118845,-0.5905890283272331,-0.43749063991275816
10000,0.6161519645080696,0.06508561858584352,0.6697611090913683,-1.2448467036897353,0.1051195453137382,0.2429283581329067,0.2108059289167508,0.8191152242545933,0.7402646129840774,0.7953412803722286
10001,0.4473780324141958,1.6983576662808442,0.6697611090913683,-0.8310638202256104,4.432890876478296,0.6904618077371967,0.1622483132338097,0.3644686082101393,0.32875065810492254,0.8945346532687222
10002,-0.9028134243367935,0.8817216424333439,0.6697611090913683,0.410284830166764,-0.17409150830978082,-0.6521385410756733,0.028528927376082452,-1.0083858794535039,-0.9670805189613535,-0.9901394317646491
10003,-0.9872003903837303,0.8817216424333439,-0.38112724010180754,0.410284830166764,0.035316781907857205,-1.5472054402842532,0.02863518036444775,-1.1421054724077544,-1.0984147598802323,-1.1035032865034986
10004,-0.5019753356138434,-1.5681864291091574,-0.9065714146983955,0.410284830166764,0.7333444159666572,-0.2046050914713833,0.10428730808053976,-0.4289343099850828,-0.38920985891828447,-0.3241267851739087
10005,-0.20662095444956474,-1.5681864291091574,-0.9065714146983955,0.410284830166764,0.9427527061843003,-0.6521385410756733,0.15858258513520693,-0.09909264736459697,-0.03898521646793941,0.044305742727351584
10006,0.4473780324141958,-0.751550405261657,-1.4320155892949833,-1.2448467036897353,-0.5929080887450618,2.928129055758647,0.25782287626839506,0.4981882011643906,0.4250624347787669,0.38439730694390006
10007,-0.9450069073602619,0.8817216424333439,1.1952052836879563,1.2378505970950135,-0.03448598149801883,-1.0996719906799632,0.045104393561068906,-1.061873716635204,-1.019614215328905,-1.0326508772917173
10008,0.5106682569493985,1.6983576662808442,0.6697611090913683,-0.0034980532973608127,3.8744687692312576,-0.6521385410756733,0.10821866865005578,0.5427613988158074,0.43381805084002606,0.9653870624805029
10009,-1.050490614918933,-1.5681864291091574,1.1952052836879563,0.8240677136308887,0.9427527061843003,-0.6521385410756733,0.04122615948573553,-1.3114836234831393,-1.3085495453504394,-1.2168671412423475
10010,2.578148925099351,1.6983576662808442,-0.38112724010180754,-1.2448467036897353,3.1764411351724573,-0.2046050914713833,0.7173139244541252,1.764067014464633,1.7996941563963704,2.269071391977271
10011,-0.8395231998015908,0.06508561858584352,-1.4320155892949833,0.8240677136308887,-0.17409150830978082,0.2429283581329067,0.04250119534611911,-0.8924955655598191,-0.8532575101649915,-0.8767755770257997
10012,0.4473780324141958,1.6983576662808442,-1.4320155892949833,-0.8310638202256104,2.0595969206783815,-1.0996719906799632,0.21877490304414812,0.5695053174066579,0.49510736326883587,0.7953412803722286
10013,0.7216356720667403,-1.5681864291091574,1.1952052836879563,0.8240677136308887,1.1521609964019384,0.2429283581329067,0.38097008978377517,0.8369445033151597,0.7665314611678535,0.951216580638147
10014,-0.14333072991436205,0.8817216424333439,-1.4320155892949833,-1.2448467036897353,-1.8493578300509,0.6904618077371967,0.15119800244381873,0.1683465385439048,0.1886608011247845,-0.040717148326785545
10015,-0.6285557846842488,-1.5681864291091574,1.1952052836879563,1.2378505970950135,-0.5929080887450618,-0.2046050914713833,0.0979121287786219,-0.562653902939334,-0.5117884837759049,-0.5933659401786759
10016,2.746922857193225,0.8817216424333439,0.6697611090913683,-0.8310638202256104,0.1051195453137382,-0.6521385410756733,0.831589013441003,2.218713630509087,2.158674414907973,2.1840485009231343
10017,-0.9661036488719961,0.06508561858584352,0.6697611090913683,1.2378505970950135,0.5937388891549003,0.2429283581329067,0.0332571853583382,-1.1421054724077544,-1.1071703759414915,-1.0609918409764298
10018,-0.6074590431725145,-0.751550405261657,0.14431693449478036,-1.2448467036897353,1.5709775768372194,-0.2046050914713833,0.06768315358869469,-0.5983124610604676,-0.6343671086335261,-0.451661121755114
10019,-0.1644274714260963,0.8817216424333439,1.7206494582845442,1.6516334805591384,-0.5929080887450618,0.2429283581329067,0.11347819157413802,0.007883026998803893,0.03981532808338804,-0.040717148326785545
10020,-0.20662095444956474,-0.751550405261657,-0.9065714146983955,0.410284830166764,1.0125554695901813,1.1379952573414867,0.1640014875418371,-0.1525804845462978,-0.10903014495800843,-0.012376184642073167
10021,-0.1644274714260963,0.8817216424333439,1.1952052836879563,1.6516334805591384,-0.38349979852741883,-0.2046050914713833,0.17808000850023906,0.025712306059370308,0.031059712022128826,-0.012376184642073167
10022,0.4262812909024616,-0.751550405261657,0.14431693449478036,-0.8310638202256104,-3.105807571356743,1.5855287069457766,0.22074058332890611,0.8102005847243092,0.7490202290453358,0.3560563432591877
10023,0.4262812909024616,-1.5681864291091574,-0.9065714146983955,0.410284830166764,0.9427527061843003,0.6904618077371967,0.3421346225362588,0.4714442825735402,0.547641059636388,0.6252954982639549
10024,0.9115063456723483,0.06508561858584352,-1.4320155892949833,-0.8310638202256104,0.4541333623431382,1.1379952573414867,0.32789672209530896,0.970664096269411,0.9153769342092499,0.9937280261652158
10025,-0.5019753356138434,0.8817216424333439,-0.38112724010180754,1.2378505970950135,-0.03448598149801883,-1.0996719906799632,0.1031185252085215,-0.38436111233366593,-0.35418739467325,-0.36663823070097756
10026,-1.0293938734071988,0.8817216424333439,-0.38112724010180754,-0.4172809367614856,0.1749223087196192,-1.5472054402842532,0.04191680391010997,-1.2045079491197386,-1.1684596883703013,-1.1601852138729227
10027,-0.05894376386742515,-1.5681864291091574,-0.38112724010180754,-0.8310638202256104,1.0823582329960573,0.2429283581329067,0.1218190511608139,0.04354158511993751,0.022304095960870397,0.15766959746620107
10028,-0.6074590431725145,0.8817216424333439,1.1952052836879563,0.8240677136308887,0.24472507212550018,-1.0996719906799632,0.09461828613929767,-0.5002514262273501,-0.5205440998371641,-0.4800020854398264
10029,-0.438685111078641,0.06508561858584352,0.14431693449478036,-0.8310638202256104,0.1051195453137382,1.5855287069457766,0.07007384582691388,-0.3130439960913987,-0.35418739467325,-0.3241267851739087
10030,-0.4808785941021094,0.8817216424333439,-0.9065714146983955,1.2378505970950135,-0.10428874490389983,-0.6521385410756733,0.16607342081496043,-0.35761719374281553,-0.3366761625507331,-0.35246774885862103
10031,0.46847477392593007,-1.5681864291091574,-0.38112724010180754,-1.2448467036897353,-2.337977173892062,2.033062156550067,0.24002550071720768,0.7299688289517587,0.7665314611678535,0.4269087524709683
10032,-1.0293938734071988,0.8817216424333439,0.14431693449478036,0.410284830166764,0.3145278355313812,-0.6521385410756733,0.0309727461084843,-1.2223372281803049,-1.1772153044315605,-1.1601852138729227
10033,-0.9450069073602619,-1.5681864291091574,0.14431693449478036,1.2378505970950135,-0.10428874490389983,-0.6521385410756733,0.051320193380438826,-1.0707883561654872,-1.0371254474514224,-1.0609918409764298
10034,0.02544320217951176,0.06508561858584352,1.1952052836879563,-0.8310638202256104,0.5239361257490193,-0.2046050914713833,0.13361313286936194,0.1950904571347552,0.13612710475723236,0.22852200667798234
10035,-0.9661036488719961,0.06508561858584352,-0.38112724010180754,0.410284830166764,-0.03448598149801883,1.1379952573414867,0.036604154491845085,-1.0886176352260544,-1.1071703759414915,-1.0893328046611421
10036,-0.5230720771255777,0.8817216424333439,-0.9065714146983955,-0.8310638202256104,-0.5929080887450618,-0.2046050914713833,0.07241141157095043,-0.4200196704547996,-0.38920985891828447,-0.46583160359747056
10037,-1.1981678055010725,0.06508561858584352,0.14431693449478036,1.6516334805591384,-0.31369703512154284,0.6904618077371967,0.023641289911278753,-1.596752088452208,-1.5274399468819049,-1.5711291873012518
10038,-0.1011372468908936,0.8817216424333439,-0.9065714146983955,0.410284830166764,-0.4533025619332999,-1.0996719906799632,0.19545237209796526,0.12377334089248797,0.13612710475723236,0.08681718825442046
10039,0.4262812909024616,-1.5681864291091574,-0.38112724010180754,0.8240677136308887,1.0823582329960573,-1.9947388898885432,0.2513945704722945,0.5695053174066579,0.48635174720757746,0.6678069437910232
10040,-1.0293938734071988,0.06508561858584352,1.1952052836879563,-1.2448467036897353,-0.24389427171566183,0.2429283581329067,0.03150401105031079,-1.2312518677105888,-1.2472602329216296,-1.24520810492706
10041,2.746922857193225,0.06508561858584352,1.7206494582845442,1.2378505970950135,-0.31369703512154284,0.2429283581329067,0.9353450565797163,2.2811161072210693,2.1936968791530083,2.1698780190807785
10042,-1.050490614918933,0.06508561858584352,1.1952052836879563,0.8240677136308887,0.7333444159666572,0.2429283581329067,0.04122615948573553,-1.293654344422572,-1.2910383132279224,-1.2168671412423475
10043,-0.1855242129378305,0.8817216424333439,1.1952052836879563,-0.8310638202256104,-0.17409150830978082,-1.0996719906799632,0.12027838282951708,0.007883026998803893,0.03981532808338804,0.0017942972002833347
10044,-0.9872003903837303,0.8817216424333439,-0.9065714146983955,0.410284830166764,-0.5929080887450618,-1.0996719906799632,0.053232747171014186,-1.0975322747563376,-1.11592599200275,-1.146014732030567
10045,-0.9450069073602619,0.8817216424333439,-1.4320155892949833,-0.8310638202256104,-0.03448598149801883,-0.6521385410756733,0.0334696913350688,-1.0529590771049209,-1.0546366795739395,-1.0468213591340738
10046,-0.438685111078641,-0.751550405261657,0.6697611090913683,0.410284830166764,1.1521609964019384,-0.6521385410756733,0.06874568347234766,-0.35761719374281553,-0.3191649304282155,-0.21076293043505917
10047,-0.8606199413133251,0.06508561858584352,-1.4320155892949833,1.2378505970950135,-0.7325136155568189,0.2429283581329067,0.06906444243744356,-0.9281541236809527,-0.8795243583487669,-0.9617984680799367
10048,-0.7973297167781225,-1.5681864291091574,0.6697611090913683,-1.2448467036897353,-0.5231053253391809,-0.7416452309965326,0.03782606385804601,-0.8033491702569854,-0.7657013495524049,-0.8200936496563749
10049,-0.20662095444956474,0.8817216424333439,-1.4320155892949833,0.410284830166764,-0.7325136155568189,0.2429283581329067,0.14673537693247624,-0.0010316125314793153,0.022304095960870397,-0.0690581120114973
10050,1.5233118495126405,1.6983576662808442,0.14431693449478036,-0.8310638202256104,-3.803835205415543,2.928129055758647,0.47484460500451575,1.7373230958737826,1.6508486833549738,1.0929213990617082
10051,1.1857639853248934,0.8817216424333439,0.14431693449478036,1.6516334805591384,-0.10428874490389983,-0.6521385410756733,0.6698188386548372,1.2826764798293295,1.1780454160470084,1.2062852538005577
10052,1.481118366489172,0.8817216424333439,0.6697611090913683,0.8240677136308887,0.1749223087196192,-1.9947388898885432,0.510970621048717,1.4877131890258481,1.4144470497009907,1.4613539269629696
10053,-0.1855242129378305,0.06508561858584352,1.1952052836879563,0.410284830166764,-0.5929080887450618,-0.2046050914713833,0.14694788290920682,0.04354158511993751,0.013548479899611962,-0.040717148326785545
10054,-0.1855242129378305,-1.5681864291091574,-0.38112724010180754,1.2378505970950135,0.6635416525607812,-0.2046050914713833,0.15608563990862243,-0.06343408924346336,-0.012718368284164113,0.044305742727351584
10055,-1.0082971318954645,-1.5681864291091574,-0.9065714146983955,-1.2448467036897353,1.0125554695901813,-1.5472054402842532,0.04016362960208256,-1.2045079491197386,-1.2034821526153359,-1.1035032865034986
10056,-0.9872003903837303,0.8817216424333439,0.14431693449478036,-0.4172809367614856,0.3145278355313812,-1.9947388898885432,0.050842054932794985,-1.1331908328774714,-1.0984147598802323,-1.0751623228187863
10057,-0.6285557846842488,-0.751550405261657,0.14431693449478036,0.410284830166764,-2.058766120268543,2.928129055758647,0.07613026616373586,-0.4645928681062164,-0.5030328677146465,-0.6925593130751695
10058,-0.9872003903837303,0.8817216424333439,1.1952052836879563,0.8240677136308887,0.24472507212550018,-0.6521385410756733,0.04537002603198215,-1.1688493909986049,-1.1684596883703013,-1.1318442501882104
10059,-0.5863623016607803,0.8817216424333439,1.1952052836879563,0.8240677136308887,0.4541333623431382,-0.6521385410756733,0.08973064867449397,-0.5537392634090501,-0.5117884837759049,-0.4800020854398264
10060,-1.050490614918933,0.06508561858584352,0.14431693449478036,0.8240677136308887,-0.5231053253391809,1.1379952573414867,0.03766668437549806,-1.2758250653620058,-1.326060777472957,-1.330230995981197
10061,-1.0082971318954645,0.06508561858584352,0.14431693449478036,0.410284830166764,0.24472507212550018,0.6904618077371967,0.043988737183233276,-1.1777640305288881,-1.212237768676595,-1.1601852138729227
10062,-0.20662095444956474,0.8817216424333439,-0.9065714146983955,0.8240677136308887,0.1749223087196192,-0.2046050914713833,0.17717685809913403,-0.03669017065261294,0.022304095960870397,0.015964779042639207
10063,1.5233118495126405,-0.751550405261657,-1.4320155892949833,-0.0034980532973608127,-3.105807571356743,0.2429283581329067,0.1649577644371248,1.6036035029195321,1.4757363621298014,1.0504099535346405
10064,0.21531387578511957,-1.5681864291091574,-0.9065714146983955,0.410284830166764,0.38433059893725724,-0.6521385410756733,0.2909206821441853,0.3644686082101393,0.39003997053373235,0.4269087524709683
10065,-1.1348775809658698,0.8817216424333439,0.14431693449478036,0.8240677136308887,0.38433059893725724,-0.6521385410756733,0.024013175370557298,-1.4719471350282403,-1.4311281702080605,-1.4010834051929784
10066,0.21531387578511957,-1.5681864291091574,-0.9065714146983955,-0.8310638202256104,0.8031471793725382,-0.6521385410756733,0.21664984327684217,0.3198954105587225,0.39879558659499154,0.4552497161556807
10067,0.21531387578511957,-1.5681864291091574,-1.4320155892949833,-1.2448467036897353,0.1749223087196192,2.033062156550067,0.22015619189289698,0.3377246896192897,0.4163068187175084,0.398567788786256
10068,0.5317649984611327,0.06508561858584352,0.14431693449478036,-0.8310638202256104,0.38433059893725724,-0.6521385410756733,0.23179089411889708,0.7299688289517587,0.6789753005552669,0.752829834845161
10069,-1.155974322477604,-1.5681864291091574,-1.4320155892949833,1.6516334805591384,0.3145278355313812,0.2429283581329067,0.02911331881209159,-1.516520332679657,-1.4223725541468013,-1.4294243688776906
10070,1.5444085910243748,0.06508561858584352,-0.38112724010180754,0.410284830166764,-1.1513301959920998,0.2429283581329067,0.5784943951548638,1.6392620610406659,1.6333374512324563,1.6597406727559558
10071,-0.03784702235569092,0.8817216424333439,1.1952052836879563,-0.8310638202256104,0.1051195453137382,-1.0996719906799632,0.1190033469691335,0.1594318990136216,0.17990518506352607,0.18601056115091347
10072,-1.0293938734071988,0.8817216424333439,-1.4320155892949833,0.410284830166764,-0.6627108521509428,-1.5472054402842532,0.04632630292726983,-1.1866786700591714,-1.1772153044315605,-1.231037623084704
10073,1.2701509513718297,-1.5681864291091574,1.1952052836879563,0.8240677136308887,-1.2909357228038618,-0.6521385410756733,0.6154173086118047,1.4074814332532968,1.4056914336397324,1.2062852538005577
10074,1.7553760061417165,0.8817216424333439,0.6697611090913683,0.410284830166764,0.035316781907857205,-0.6521385410756733,0.6355522499070286,1.6303474215103817,1.6245818351711978,1.6172292272288868
10075,1.5655053325361088,0.06508561858584352,1.1952052836879563,0.410284830166764,-1.360738486209743,0.2429283581329067,0.6652499601551294,1.532286386677265,1.537025674558612,1.3196491085394073
10076,1.5233118495126405,-1.5681864291091574,1.1952052836879563,-1.2448467036897353,0.4541333623431382,1.1379952573414867,0.5851352069276948,1.3539935960715968,1.4056914336397324,1.4330129632782567
10077,-0.9239101658485277,0.8817216424333439,-1.4320155892949833,0.410284830166764,-0.38349979852741883,-0.6521385410756733,0.05381713860702332,-0.9905566003929368,-0.9933473671451296,-1.0184803954493615
10078,-0.5019753356138434,0.8817216424333439,-0.9065714146983955,-1.2448467036897353,0.035316781907857205,-1.0996719906799632,0.10949370451043935,-0.36653183327309874,-0.3279205464894739,-0.33829726701626517
10079,-0.6074590431725145,-1.5681864291091574,-1.4320155892949833,0.8240677136308887,-1.5003440130215,-0.6521385410756733,0.0978058757902566,-0.48242214716678283,-0.43298793922457746,-0.6075364220210324
10080,0.4262812909024616,0.06508561858584352,-0.38112724010180754,1.6516334805591384,-0.24389427171566183,0.6904618077371967,0.3141900865961855,0.6764809917700587,0.6264416041877154,0.6111250164215991
10081,-1.1981678055010725,-1.5681864291091574,-1.4320155892949833,1.2378505970950135,0.5239361257490193,-1.5472054402842532,0.02539446421930617,-1.596752088452208,-1.5537067950656809,-1.5144472599318273
10082,-1.0082971318954645,0.06508561858584352,-1.4320155892949833,-1.2448467036897353,0.7333444159666572,-0.2046050914713833,0.0382510758115072,-1.1955933095894553,-1.2209933847378536,-1.1318442501882104
10083,0.7427324135784745,0.8817216424333439,-0.38112724010180754,0.410284830166764,0.4541333623431382,-0.6521385410756733,0.36062264251182063,0.8726030614362933,0.8015539254128881,0.8945346532687222
10084,-0.5230720771255777,0.8817216424333439,-0.9065714146983955,0.8240677136308887,-0.03448598149801883,-1.0996719906799632,0.10572172342347129,-0.4200196704547996,-0.424232323163319,-0.4233201580704017
10085,-0.1644274714260963,0.8817216424333439,-0.9065714146983955,0.8240677136308887,-0.24389427171566183,-0.6521385410756733,0.19242416192955428,0.06137086418050393,0.07483779232842254,0.044305742727351584
10086,1.1224737607896906,0.06508561858584352,0.14431693449478036,-0.8310638202256104,-1.2909357228038618,0.2429283581329067,0.36072889550018594,1.2826764798293295,1.2218234963533012,1.0504099535346405
10087,-0.5441688186373119,-0.751550405261657,-1.4320155892949833,-0.8310638202256104,1.4313720500254572,-1.5472054402842532,0.06178611273442065,-0.5002514262273501,-0.4855216355921296,-0.33829726701626517
10088,-0.6285557846842488,0.06508561858584352,-0.9065714146983955,0.410284830166764,-0.31369703512154284,1.5855287069457766,0.1051904584816448,-0.562653902939334,-0.60810026044975,-0.6075364220210324
10089,-1.1981678055010725,-1.5681864291091574,-1.4320155892949833,1.6516334805591384,-1.639949539833262,0.6904618077371967,0.02815704191680391,-1.516520332679657,-1.4486394023305773,-1.5994701509859643
10090,0.4473780324141958,-0.751550405261657,0.14431693449478036,1.6516334805591384,2.897230081548943,-1.5472054402842532,0.3719385857727249,0.40012716633127293,0.4688405150850598,0.7953412803722286
10091,-0.9661036488719961,0.8817216424333439,-0.38112724010180754,1.2378505970950135,0.035316781907857205,-0.2046050914713833,0.04117303299155289,-1.1510201119380377,-1.11592599200275,-1.1176737683458546
10092,-0.20662095444956474,-1.5681864291091574,1.7206494582845442,0.410284830166764,1.0823582329960573,0.2429283581329067,0.10859055410933433,-0.10800728689488018,-0.09151891283549156,0.03013526088499571
10093,-0.5441688186373119,0.8817216424333439,1.1952052836879563,-1.2448467036897353,0.5937388891549003,-0.2046050914713833,0.06863943048398236,-0.4913367866970668,-0.4592547874083535,-0.40914967622804577
10094,-0.5863623016607803,-1.5681864291091574,-1.4320155892949833,-0.8310638202256104,0.4541333623431382,0.6904618077371967,0.06242363066461244,-0.5359099843484837,-0.5030328677146465,-0.46583160359747056
10095,-1.0926840979424013,-1.5681864291091574,-1.4320155892949833,1.6516334805591384,-1.221132959397981,-0.6521385410756733,0.034107209265260584,-1.3114836234831393,-1.273527081105405,-1.3869129233506219
10096,1.5022151080009063,-1.5681864291091574,1.7206494582845442,0.410284830166764,-1.081527432586219,0.6904618077371967,0.39409233384688946,1.4431399913744305,1.4232026657622499,1.2629671811699825
10097,3.443115327080454,0.06508561858584352,0.6697611090913683,-0.8310638202256104,0.3145278355313812,1.1379952573414867,0.7823938798278701,2.548555293129572,2.447609744929508,2.538310546982039
10098,-0.7762329752663882,0.8817216424333439,-0.38112724010180754,-1.2448467036897353,0.24472507212550018,-0.2046050914713833,0.03554162460819211,-0.8568370074386863,-0.791968197736181,-0.7917526859716626
10099,2.915696789287099,-1.5681864291091574,-1.4320155892949833,-0.0034980532973608127,0.1749223087196192,1.1379952573414867,0.5493279498485895,2.2454575490999367,2.2724974237043356,2.269071391977271
10100,0.21531387578511957,-1.5681864291091574,1.1952052836879563,0.410284830166764,0.6635416525607812,0.6904618077371967,0.2413536630717739,0.3198954105587225,0.3725287384112155,0.4269087524709683
10101,1.903053196723856,-1.5681864291091574,-0.38112724010180754,0.410284830166764,1.0823582329960573,0.2429283581329067,0.6817722998459331,1.5590303052681154,1.5983149869874218,1.7305930819677364
10102,0.004346460667777534,-0.751550405261657,1.1952052836879563,-0.8310638202256104,1.3615692866195812,0.2429283581329067,0.13196621154969984,0.13268798042277116,0.08359340838968098,0.2710334522050506
10103,-0.4808785941021094,0.8817216424333439,1.1952052836879563,-0.0034980532973608127,-1.5701467764273809,-0.2046050914713833,0.054135897572119215,-0.24172687984913147,-0.27538685012192254,-0.4233201580704017
10104,-0.8184264582898567,-1.5681864291091574,0.14431693449478036,0.410284830166764,0.5937388891549003,0.2429283581329067,0.04584816447962599,-0.8746662864992527,-0.8094794298586986,-0.777582204129306
10105,0.3418943248555247,0.06508561858584352,-1.4320155892949833,-0.8310638202256104,0.7333444159666572,1.1379952573414867,0.16022950645486905,0.5071028406946738,0.44257366690128447,0.5686135708945302
10106,-0.9872003903837303,0.8817216424333439,-1.4320155892949833,1.6516334805591384,-0.38349979852741883,-0.6521385410756733,0.04324496626467619,-1.1331908328774714,-1.0809035277577155,-1.1318442501882104
10107,-0.20662095444956474,-0.751550405261657,-1.4320155892949833,0.8240677136308887,-2.337977173892062,1.5855287069457766,0.18163948361047655,0.10594406183192076,0.13612710475723236,-0.1540810030656344
10108,-0.14333072991436205,0.8817216424333439,-0.38112724010180754,0.410284830166764,-0.5231053253391809,-0.6521385410756733,0.16809222759390108,0.08811478277135434,0.12737148869597392,0.044305742727351584
10109,1.7764727476534508,0.8817216424333439,0.14431693449478036,-0.8310638202256104,-0.24389427171566183,-0.2046050914713833,0.5702066620623705,1.6214327819800984,1.6245818351711978,1.5747177817018192
10110,-0.20662095444956474,-1.5681864291091574,-1.4320155892949833,0.8240677136308887,0.6635416525607812,1.1379952573414867,0.14190086596185517,-0.1258365659554474,-0.08276329677423314,-0.026546666484429042
10111,0.8904096041606141,-1.5681864291091574,1.1952052836879563,-1.2448467036897353,1.1521609964019384,-0.2046050914713833,0.3335281304786697,0.8993469800271436,0.9066213181479907,1.0504099535346405
10112,-0.1644274714260963,-1.5681864291091574,-1.4320155892949833,-1.2448467036897353,-2.686990990921462,0.2429283581329067,0.1386601498167136,0.1683465385439048,0.19741641718604294,-0.13991052122327854
10113,-0.6074590431725145,0.8817216424333439,0.6697611090913683,0.410284830166764,0.24472507212550018,-1.5472054402842532,0.06008606492057589,-0.5448246238787668,-0.5030328677146465,-0.4941725672821829
10114,0.9958933117192852,-1.5681864291091574,0.6697611090913683,0.410284830166764,-1.779555066645019,1.1379952573414867,0.3884609254635287,1.2291886426476295,1.1780454160470084,0.937046098795791
10115,-1.1981678055010725,-1.5681864291091574,0.14431693449478036,1.6516334805591384,0.1051195453137382,0.6904618077371967,0.02815704191680391,-1.596752088452208,-1.5449511790044221,-1.5427882236165396
10116,2.5570521835876163,0.8817216424333439,0.6697611090913683,-0.8310638202256104,0.8031471793725382,-0.6521385410756733,0.721139032035276,2.0760793980245524,2.0098289418665765,2.1557075372384213
10117,-0.12223398840262782,0.8817216424333439,-0.38112724010180754,-0.8310638202256104,0.24472507212550018,-0.2046050914713833,0.12362535196302396,0.0167976665290871,0.06608217626716334,0.07264670641206396
10118,-0.8395231998015908,-0.751550405261657,-0.9065714146983955,-0.8310638202256104,1.5709775768372194,-0.6521385410756733,0.04117303299155289,-0.9192394841506695,-0.9583249029000951,-0.777582204129306
10119,-0.438685111078641,-1.5681864291091574,-1.4320155892949833,-0.8310638202256104,1.4313720500254572,-0.2046050914713833,0.06832067151888647,-0.3754464728033827,-0.34543177861199154,-0.1965924485927033
10120,-0.20662095444956474,-0.751550405261657,0.6697611090913683,-1.2448467036897353,-2.268174410486181,1.5855287069457766,0.12091590075970887,0.025712306059370308,0.07483779232842254,-0.21076293043505917
10121,-0.6707492677077173,0.8817216424333439,1.1952052836879563,-1.2448467036897353,-0.24389427171566183,-0.6521385410756733,0.051479572862986774,-0.6339710191816014,-0.5818334122659738,-0.6217069038633883
10122,-0.6074590431725145,0.8817216424333439,1.1952052836879563,1.2378505970950135,-0.5231053253391809,-0.2046050914713833,0.10269351325506029,-0.5002514262273501,-0.4767660195308704,-0.5366840128092512
10123,0.9115063456723483,-0.751550405261657,-0.9065714146983955,-0.0034980532973608127,1.3615692866195812,0.2429283581329067,0.21128406736439462,0.8815177009665764,0.9241325502705084,1.0787509172193523
10124,-0.8817166828250593,-0.751550405261657,1.7206494582845442,1.6516334805591384,1.1521609964019384,-0.6521385410756733,0.03538224512564416,-1.0440444375746376,-0.9758361350226119,-0.8909460588681556
10125,-0.8817166828250593,0.8817216424333439,0.6697611090913683,-1.2448467036897353,0.38433059893725724,-0.6521385410756733,0.030866493120119003,-1.0262151585140704,-0.9670805189613535,-0.9476279862375803
10126,-0.20662095444956474,1.6983576662808442,-1.4320155892949833,-0.8310638202256104,-2.128568883674419,4.718262854175807,0.09153694947670403,0.03462694558965351,-0.012718368284164113,-0.23910389411977154
10127,1.5444085910243748,0.06508561858584352,1.7206494582845442,-0.4172809367614856,-0.4533025619332999,0.2429283581329067,0.5098018381766988,1.532286386677265,1.466980746068543,1.4188424814359009
10128,-0.8817166828250593,0.8817216424333439,0.14431693449478036,0.8240677136308887,-0.9419219057744619,-0.6521385410756733,0.04861074217712373,-0.9192394841506695,-0.8707687422875084,-0.9759689499222927
10129,1.5022151080009063,0.06508561858584352,-1.4320155892949833,0.410284830166764,0.3145278355313812,0.2429283581329067,0.7308611804707007,1.425310712313864,1.3444021212109216,1.4188424814359009
10130,-0.8184264582898567,-1.5681864291091574,1.1952052836879563,1.6516334805591384,1.0823582329960573,0.6904618077371967,0.05583594538596398,-0.9281541236809527,-0.8970355904712844,-0.8059231678140184
10131,2.1562140948646666,0.06508561858584352,1.1952052836879563,-0.8310638202256104,-0.31369703512154284,0.2429283581329067,0.6418211762205812,1.9691037236611515,1.834716620641405,1.82978645486423
10132,-0.1644274714260963,-1.5681864291091574,0.14431693449478036,0.410284830166764,1.2917665232137003,0.2429283581329067,0.14806353928704244,-0.06343408924346336,-0.03898521646793941,0.10098767009677634
10133,-0.45978185259037524,0.8817216424333439,1.1952052836879563,0.410284830166764,0.38433059893725724,-1.6814654751655391,0.08670243850608299,-0.3397879146822491,-0.31040931436695707,-0.28161533964684043
10134,-0.3542981450317041,1.6983576662808442,-1.4320155892949833,0.410284830166764,2.7576245547371814,1.1379952573414867,0.1068373798013069,-0.2863000775005483,-0.37169862679576765,-0.026546666484429042
10135,0.46847477392593007,-0.751550405261657,-0.38112724010180754,-0.8310638202256104,1.5709775768372194,-0.2046050914713833,0.19423046273176434,0.6051638755277915,0.5563966756976465,0.7811707985298727
10136,1.481118366489172,-0.751550405261657,-1.4320155892949833,-1.2448467036897353,1.6407803402430954,-0.6521385410756733,0.46857567869096317,1.3183350379504633,1.2305791124145598,1.5038653724900373
10137,1.5022151080009063,0.06508561858584352,1.1952052836879563,-1.2448467036897353,0.38433059893725724,0.6904618077371967,0.4025394464219306,1.3896521541927305,1.2918684248433703,1.390501517751188
10138,-1.0926840979424013,0.8817216424333439,1.1952052836879563,1.6516334805591384,-0.24389427171566183,-0.6521385410756733,0.029378951283004835,-1.3738861001951226,-1.326060777472957,-1.3585719596659094
10139,0.46847477392593007,0.06508561858584352,0.14431693449478036,-0.4172809367614856,0.5239361257490193,0.2429283581329067,0.5932635605376401,0.7210541894214756,0.5739079078201633,0.7103183893180921
10140,-0.9450069073602619,-1.5681864291091574,-1.4320155892949833,0.410284830166764,-0.24389427171566183,0.2429283581329067,0.03532911863146151,-1.0886176352260544,-1.0371254474514224,-1.0751623228187863
10141,-0.8817166828250593,-0.751550405261657,-0.38112724010180754,0.8240677136308887,1.8501886304607433,-0.2046050914713833,0.03830420230568985,-1.061873716635204,-1.002102983206388,-0.8484346133410873
10142,-0.8817166828250593,0.8817216424333439,-1.4320155892949833,1.6516334805591384,0.1749223087196192,-0.2046050914713833,0.05472028900812835,-0.9727273213323704,-0.9145468225938014,-0.9192870225528679
10143,2.599245666611085,0.8817216424333439,1.7206494582845442,-1.2448467036897353,0.5937388891549003,-1.0996719906799632,0.7096105827976412,2.0760793980245524,2.071118254295387,2.1557075372384213
10144,0.5106682569493985,0.06508561858584352,1.1952052836879563,0.410284830166764,0.3145278355313812,0.2429283581329067,0.3252403973861765,0.6764809917700587,0.5826635238814225,0.6678069437910232
10145,-1.1348775809658698,-1.5681864291091574,-1.4320155892949833,1.2378505970950135,0.5937388891549003,0.6904618077371967,0.029432077777187482,-1.4897764140888075,-1.439883786269319,-1.4010834051929784
10146,-0.5863623016607803,-0.751550405261657,-1.4320155892949833,-0.8310638202256104,-0.8721191423685809,2.033062156550067,0.06369866652499602,-0.5180807052879165,-0.4680104034696119,-0.57919545833632
10147,-0.5652655601490462,0.8817216424333439,-1.4320155892949833,0.410284830166764,-0.24389427171566183,-0.6521385410756733,0.09143069648833874,-0.4645928681062164,-0.43298793922457746,-0.46583160359747056
10148,-1.0082971318954645,-1.5681864291091574,0.6697611090913683,0.410284830166764,1.0125554695901813,-0.6521385410756733,0.03060086064920576,-1.2045079491197386,-1.2385046168603704,-1.1176737683458546
10149,1.3334411759070324,1.6983576662808442,-1.4320155892949833,-1.2448467036897353,2.3388079743018952,-0.6521385410756733,0.42118684588004035,1.2202740031173456,1.1342673357407154,1.5180358543323944
10150,0.23641061729685378,0.06508561858584352,-1.4320155892949833,-1.2448467036897353,0.1051195453137382,1.5855287069457766,0.21983743292780109,0.3466393291495729,0.3199950420436633,0.3418858614168312
10151,-1.0293938734071988,0.06508561858584352,1.1952052836879563,0.410284830166764,-2.058766120268543,2.033062156550067,0.03214152898050258,-1.1777640305288881,-1.1684596883703013,-1.3444014778235536
10152,0.6372487060198039,1.6983576662808442,-1.4320155892949833,-1.2448467036897353,2.618019027925419,-0.2046050914713833,0.20671518886468682,0.6408224336489251,0.5563966756976465,0.937046098795791
10153,-0.8395231998015908,-0.751550405261657,-0.9065714146983955,1.6516334805591384,-0.6627108521509428,2.033062156550067,0.0573766137172608,-0.8835809260295359,-0.8445018941037331,-0.9192870225528679
10154,1.8819564552121217,0.06508561858584352,0.6697611090913683,-0.0034980532973608127,0.4541333623431382,1.1379952573414867,0.34192211655952826,1.6570913401012322,1.5983149869874218,1.6880816364406688
10155,1.7342792646299827,0.06508561858584352,0.14431693449478036,-1.2448467036897353,0.5937388891549003,0.2429283581329067,0.7064761196408649,1.6036035029195321,1.5282700584973534,1.6455701909135998
10156,0.6583454475315381,-1.5681864291091574,0.6697611090913683,-0.8310638202256104,0.5937388891549003,-1.0996719906799632,0.22143122775328056,0.8191152242545933,0.8540876217804394,0.9087051351110781
10157,-0.3964916280551725,0.8817216424333439,-1.4320155892949833,1.6516334805591384,0.4541333623431382,-1.591958785244683,0.15443871858896033,-0.2773854379702651,-0.2666312340606641,-0.22493341227741567
10158,-0.5863623016607803,-0.751550405261657,-0.38112724010180754,-1.2448467036897353,-2.8963992811391,1.5855287069457766,0.05610157785687722,-0.3487025542125323,-0.3629430107345084,-0.6642183493904572
10159,-0.5441688186373119,0.8817216424333439,1.1952052836879563,1.6516334805591384,0.1749223087196192,-0.6521385410756733,0.10200286883068586,-0.4467635890456492,-0.4067210910408021,-0.40914967622804577
10160,1.5444085910243748,0.06508561858584352,1.7206494582845442,1.2378505970950135,-0.10428874490389983,0.6904618077371967,0.49853902140997713,1.4431399913744305,1.4494695139460252,1.4188424814359009
10161,-0.5863623016607803,-1.5681864291091574,0.6697611090913683,-1.2448467036897353,1.0823582329960573,-1.0996719906799632,0.05700472825798226,-0.5359099843484837,-0.5555665640821986,-0.4233201580704017
10162,-0.3964916280551725,-1.5681864291091574,-0.38112724010180754,1.6516334805591384,-0.24389427171566183,-0.2046050914713833,0.10465919353981831,-0.24172687984913147,-0.20534192163185352,-0.25327437596212804
10163,-1.0293938734071988,0.8817216424333439,0.14431693449478036,-0.4172809367614856,0.3145278355313812,-0.6521385410756733,0.05201083780481326,-1.2669104258317225,-1.2209933847378536,-1.2026966593999917
10164,0.4473780324141958,-1.5681864291091574,1.1952052836879563,-1.2448467036897353,0.8031471793725382,-1.5472054402842532,0.24374435530999308,0.6051638755277915,0.6439528363102324,0.7244888711604479
10165,-1.0082971318954645,0.8817216424333439,0.14431693449478036,-0.4172809367614856,0.1051195453137382,-1.0996719906799632,0.04861074217712373,-1.2045079491197386,-1.1334372241252668,-1.146014732030567
10166,-0.05894376386742515,0.06508561858584352,0.14431693449478036,-0.8310638202256104,-0.10428874490389983,0.2429283581329067,0.11937523242841205,0.15051725948333838,0.12737148869597392,0.1293286337814887
10167,-1.0082971318954645,1.6983576662808442,0.14431693449478036,-1.2448467036897353,1.8501886304607433,-1.5472054402842532,0.03389470328852999,-1.2223372281803049,-1.2297490007991119,-1.0468213591340738
10168,-0.3964916280551725,0.8817216424333439,0.6697611090913683,-0.8310638202256104,-0.4533025619332999,-0.2046050914713833,0.0744302183498911,-0.24172687984913147,-0.21409753769311196,-0.28161533964684043
10169,-0.5652655601490462,0.8817216424333439,-1.4320155892949833,0.410284830166764,-0.24389427171566183,-0.6521385410756733,0.09631833395314243,-0.4289343099850828,-0.4855216355921296,-0.4800020854398264
10170,-0.7973297167781225,0.8817216424333439,1.1952052836879563,0.410284830166764,0.24472507212550018,-0.6521385410756733,0.05774849917653934,-0.7944345307267022,-0.8269906619812155,-0.777582204129306
10171,-0.8606199413133251,-1.5681864291091574,0.14431693449478036,0.8240677136308887,1.3615692866195812,-0.2046050914713833,0.047548212293470754,-0.9816419608626535,-0.932058054716319,-0.8200936496563749
10172,0.8482161211371456,-1.5681864291091574,1.1952052836879563,-0.8310638202256104,-0.03448598149801883,0.6904618077371967,0.29315199489985655,0.9617494567391269,0.985421862699319,0.9653870624805029
10173,-0.20662095444956474,0.8817216424333439,-1.4320155892949833,-0.8310638202256104,-0.8721191423685809,-0.6521385410756733,0.12617542368379112,0.06137086418050393,0.031059712022128826,-0.054887630169141416
10174,1.481118366489172,-1.5681864291091574,1.1952052836879563,-1.2448467036897353,0.9427527061843003,0.6904618077371967,0.5386495245178771,1.3272496774807463,1.3444021212109216,1.4613539269629696
10175,-0.9450069073602619,0.06508561858584352,-1.4320155892949833,0.410284830166764,-1.779555066645019,0.2429283581329067,0.0522764702757265,-0.9816419608626535,-1.002102983206388,-1.146014732030567
10176,-0.8817166828250593,0.8817216424333439,1.1952052836879563,-1.2448467036897353,0.1749223087196192,-1.0996719906799632,0.051479572862986774,-0.9459834027415199,-0.9583249029000951,-0.9192870225528679
10177,0.29970084183205625,0.06508561858584352,0.14431693449478036,-1.2448467036897353,-1.360738486209743,1.5855287069457766,0.2522445943792169,0.5873345964672243,0.5388854435751288,0.38439730694390006
10178,2.5570521835876163,0.8817216424333439,0.14431693449478036,-0.8310638202256104,-0.10428874490389983,-1.0996719906799632,0.9659990437231047,2.093908677085119,2.001073325805318,2.028173200657216
10179,-0.6074590431725145,-1.5681864291091574,0.14431693449478036,-0.8310638202256104,0.6635416525607812,-0.6521385410756733,0.05684534877543431,-0.5983124610604676,-0.5730777962047154,-0.5083430491245388
10180,0.4262812909024616,-1.5681864291091574,0.14431693449478036,-0.8310638202256104,-1.081527432586219,0.6904618077371967,0.21686234925357276,0.6051638755277915,0.6527084523714916,0.4835906798403931
10181,0.4473780324141958,-1.5681864291091574,1.1952052836879563,0.410284830166764,0.5239361257490193,0.6904618077371967,0.3295967699091537,0.5427613988158074,0.5563966756976465,0.6111250164215991
10182,-0.8395231998015908,0.06508561858584352,1.1952052836879563,0.8240677136308887,-0.31369703512154284,1.1379952573414867,0.04659193539818307,-0.9548980422718031,-0.8970355904712844,-0.9476279862375803
10183,-0.5652655601490462,0.8817216424333439,0.14431693449478036,0.8240677136308887,-0.9419219057744619,-0.2046050914713833,0.09658396642405567,-0.4289343099850828,-0.45049917134709505,-0.5366840128092512
10184,0.4262812909024616,0.8817216424333439,0.6697611090913683,-1.2448467036897353,0.6635416525607812,-0.6521385410756733,0.22174998671837645,0.5338467592855243,0.5563966756976465,0.6252954982639549
10185,-0.4808785941021094,-1.5681864291091574,1.1952052836879563,-1.2448467036897353,0.1051195453137382,0.6904618077371967,0.07118950220474951,-0.40219039139423235,-0.37169862679576765,-0.36663823070097756
10186,-0.5441688186373119,1.6983576662808442,0.14431693449478036,-1.2448467036897353,2.1293996840842575,0.6904618077371967,0.10327790469106944,-0.5537392634090501,-0.5993446443884916,-0.35246774885862103
10187,-0.45978185259037524,0.8817216424333439,1.1952052836879563,1.6516334805591384,0.1051195453137382,-0.2046050914713833,0.11326568559740743,-0.35761719374281553,-0.3279205464894739,-0.3241267851739087
10188,-0.45978185259037524,0.8817216424333439,-0.38112724010180754,-1.2448467036897353,0.1051195453137382,0.6904618077371967,0.0737927004196993,-0.35761719374281553,-0.3279205464894739,-0.3241267851739087
10189,0.6161519645080696,0.8817216424333439,-0.38112724010180754,-1.2448467036897353,0.38433059893725724,-1.0996719906799632,0.27827657652871485,0.7567127475426092,0.7752870772291119,0.8095117622145858
10190,0.23641061729685378,1.6983576662808442,1.7206494582845442,-1.2448467036897353,3.1764411351724573,-0.6521385410756733,0.12697232109653084,0.1683465385439048,0.223683265369819,0.5827840527368867
10191,-0.8817166828250593,0.8817216424333439,0.14431693449478036,1.2378505970950135,0.38433059893725724,-1.5472054402842532,0.05822663762418318,-0.9727273213323704,-0.9057912065325429,-0.8909460588681556
10192,1.1857639853248934,0.06508561858584352,-1.4320155892949833,-0.8310638202256104,-0.03448598149801883,0.6904618077371967,0.39425171332943737,1.30942039842018,1.186801032108267,1.2346262174852707
10193,-0.8817166828250593,0.8817216424333439,-1.4320155892949833,0.8240677136308887,-0.7325136155568189,-0.6521385410756733,0.049567019072411414,-0.9192394841506695,-0.888279974410026,-0.9617984680799367
10194,0.5528617399728669,0.8817216424333439,1.1952052836879563,1.2378505970950135,-0.10428874490389983,-0.2046050914713833,0.45917228922063436,0.7299688289517587,0.6964865326777845,0.6961479074757362
10195,1.5022151080009063,0.8817216424333439,-0.38112724010180754,0.410284830166764,0.5239361257490193,-0.6521385410756733,0.5914572597354301,1.4609692704349977,1.3969358175784738,1.4613539269629696
10196,-0.755136233754654,0.8817216424333439,0.14431693449478036,-1.2448467036897353,-0.5231053253391809,-0.2046050914713833,0.055251553949954846,-0.7320320540147182,-0.7394345013686295,-0.777582204129306
10197,0.5106682569493985,0.06508561858584352,-0.9065714146983955,1.6516334805591384,-0.6627108521509428,0.2429283581329067,0.5479466609998406,0.7121395498911923,0.66146406843275,0.5969545345792426
10198,-0.8184264582898567,0.8817216424333439,1.1952052836879563,-0.4172809367614856,-0.03448598149801883,-0.6521385410756733,0.06688625617595495,-0.8390077283781191,-0.8094794298586986,-0.8200936496563749
10199,-0.1644274714260963,0.8817216424333439,-0.38112724010180754,0.8240677136308887,-0.4533025619332999,-0.2046050914713833,0.15730754927482335,0.06137086418050393,0.07483779232842254,0.015964779042639207
10200,-0.9450069073602619,0.8817216424333439,1.1952052836879563,1.6516334805591384,0.24472507212550018,-0.6521385410756733,0.05440153004303246,-1.0886176352260544,-1.1071703759414915,-1.0609918409764298
10201,0.046539943691245755,-1.5681864291091574,-0.38112724010180754,-1.2448467036897353,1.2917665232137003,-0.6521385410756733,0.15449184508314295,0.15051725948333838,0.1886608011247845,0.32771537957447533
10202,0.48957151543766425,-1.5681864291091574,-0.38112724010180754,-1.2448467036897353,1.0823582329960573,-0.2046050914713833,0.2620198693088243,0.6051638755277915,0.5739079078201633,0.7244888711604479
10203,-1.050490614918933,0.06508561858584352,0.14431693449478036,0.410284830166764,0.035316781907857205,1.1379952573414867,0.027838282951708017,-1.3025689839528563,-1.256015848982888,-1.2593785867694165
10204,-0.1855242129378305,-1.5681864291091574,0.14431693449478036,-0.8310638202256104,-1.779555066645019,1.1379952573414867,0.11337193858577273,0.10594406183192076,0.15363833687975,-0.0832285938538538
10205,0.46847477392593007,1.6983576662808442,0.14431693449478036,1.2378505970950135,1.9897941572724953,0.6904618077371967,0.42288689369388516,0.5160174802249571,0.46008489902380134,0.7386593530028038
10206,0.4473780324141958,-1.5681864291091574,0.14431693449478036,-1.2448467036897353,0.6635416525607812,-0.6521385410756733,0.2556446900069064,0.5695053174066579,0.5739079078201633,0.6536364619486673
10207,-0.8395231998015908,-1.5681864291091574,0.14431693449478036,-1.2448467036897353,0.9427527061843003,0.2429283581329067,0.04685756786909632,-0.9281541236809527,-0.9408136707775774,-0.8342641314987308
10208,-0.20662095444956474,0.06508561858584352,-0.38112724010180754,-0.8310638202256104,-1.081527432586219,1.5855287069457766,0.11602826329490516,0.025712306059370308,-0.06525206465171549,-0.13991052122327854
10209,0.23641061729685378,-1.5681864291091574,-0.38112724010180754,-1.2448467036897353,1.1521609964019384,-1.0996719906799632,0.16373585507092386,0.40012716633127293,0.36377312234995707,0.5261021253674619
10210,0.4473780324141958,-1.5681864291091574,0.14431693449478036,-1.2448467036897353,0.38433059893725724,-1.0996719906799632,0.3075492748233544,0.578419956936941,0.6001747560039394,0.6394659801063115
10211,-1.0082971318954645,-1.5681864291091574,-0.38112724010180754,1.2378505970950135,0.8031471793725382,0.2429283581329067,0.038782340753333686,-1.240166507240872,-1.1947265365540773,-1.1318442501882104
10212,-1.050490614918933,0.06508561858584352,0.6697611090913683,1.2378505970950135,0.5937388891549003,1.1379952573414867,0.029325824788822185,-1.3203982630134226,-1.273527081105405,-1.231037623084704
10213,1.903053196723856,0.06508561858584352,0.6697611090913683,0.410284830166764,0.1749223087196192,0.6904618077371967,0.5806194549221697,1.6660059796315154,1.5895593709261633,1.6455701909135998
10214,-0.7973297167781225,0.8817216424333439,1.1952052836879563,0.8240677136308887,-0.31369703512154284,-0.2046050914713833,0.0522764702757265,-0.8211784493175527,-0.8357462780424739,-0.8484346133410873
10215,0.23641061729685378,0.06508561858584352,0.6697611090913683,0.8240677136308887,0.1051195453137382,-0.2046050914713833,0.19492110715613878,0.4536150035129738,0.39879558659499154,0.44107923431332485
10216,1.1646672438131591,-1.5681864291091574,-0.38112724010180754,0.410284830166764,0.38433059893725724,-0.2046050914713833,0.40105190458481643,1.1846154449962119,1.213067880292043,1.2487966993276265
10217,2.599245666611085,0.06508561858584352,-1.4320155892949833,-0.8310638202256104,-0.17409150830978082,0.6904618077371967,0.9727461084843011,2.165225793327386,2.1936968791530083,2.1273665735537097
10218,-1.050490614918933,0.06508561858584352,-0.38112724010180754,0.8240677136308887,-0.24389427171566183,0.6904618077371967,0.027944535940073314,-1.2758250653620058,-1.2297490007991119,-1.2593785867694165
10219,0.4262812909024616,-0.751550405261657,0.14431693449478036,0.410284830166764,1.5709775768372194,0.6904618077371967,0.31153376188705306,0.4981882011643906,0.45132928296254293,0.6961479074757362
10220,-0.8184264582898567,0.8817216424333439,0.14431693449478036,0.8240677136308887,0.5239361257490193,-0.2046050914713833,0.05349837964192743,-0.8746662864992527,-0.8532575101649915,-0.8059231678140184
10221,-0.6074590431725145,0.06508561858584352,-1.4320155892949833,1.6516334805591384,0.1749223087196192,2.033062156550067,0.0999840620517452,-0.5715685424696173,-0.60810026044975,-0.5650249764939635
10222,-0.8606199413133251,-1.5681864291091574,-1.4320155892949833,0.410284830166764,-0.5929080887450618,0.2429283581329067,0.04212930988684057,-0.9014102050901031,-0.8445018941037331,-0.9192870225528679
10223,1.1013770192779564,0.8817216424333439,1.7206494582845442,0.410284830166764,0.38433059893725724,-0.2046050914713833,0.3340593954204962,1.095469049693378,1.1080004875569394,1.149603326431133
10224,-0.1855242129378305,0.06508561858584352,0.6697611090913683,-1.2448467036897353,-1.081527432586219,0.2429283581329067,0.11544387185889603,0.08811478277135434,0.022304095960870397,-0.0690581120114973
10225,-0.8817166828250593,0.8817216424333439,0.14431693449478036,0.410284830166764,-0.38349979852741883,-0.2046050914713833,0.03681666046857568,-0.9727273213323704,-0.932058054716319,-0.9759689499222927
10226,-1.050490614918933,0.8817216424333439,1.1952052836879563,0.8240677136308887,-0.03448598149801883,-1.2786853705216787,0.03283217340487701,-1.2758250653620058,-1.2297490007991119,-1.231037623084704
10227,-0.9872003903837303,0.06508561858584352,-0.38112724010180754,1.6516334805591384,-0.10428874490389983,0.2429283581329067,0.03538224512564416,-1.1688493909986049,-1.1246816080640083,-1.146014732030567
10228,-1.0293938734071988,0.8817216424333439,1.1952052836879563,1.2378505970950135,0.5239361257490193,-0.6521385410756733,0.04101365350900494,-1.2758250653620058,-1.2209933847378536,-1.2026966593999917
10229,0.6161519645080696,0.8817216424333439,0.14431693449478036,0.410284830166764,-0.5929080887450618,-1.5472054402842532,0.39951123625351964,0.8904323404968605,0.8103095414741465,0.7670003166875169
10230,-0.12223398840262782,0.8817216424333439,0.6697611090913683,1.6516334805591384,0.38433059893725724,-1.0996719906799632,0.14668225043829358,0.03462694558965351,0.06608217626716334,0.10098767009677634
10231,0.7216356720667403,-1.5681864291091574,0.14431693449478036,-0.8310638202256104,-1.779555066645019,2.4805956061543566,0.26738564522127184,0.9350055381482772,0.985421862699319,0.7103183893180921
10232,1.481118366489172,1.6983576662808442,0.14431693449478036,-1.2448467036897353,1.9897941572724953,1.1379952573414867,0.5925729161132657,1.2915911193596128,1.1955566481695252,1.5180358543323944
10233,-0.5863623016607803,0.8817216424333439,-1.4320155892949833,0.8240677136308887,-0.31369703512154284,-0.6521385410756733,0.09169632895925198,-0.4913367866970668,-0.45049917134709505,-0.4941725672821829
10234,-1.050490614918933,1.6983576662808442,0.14431693449478036,-1.2448467036897353,1.9897941572724953,-0.6521385410756733,0.03182277001540668,-1.3025689839528563,-1.299793929289181,-1.1176737683458546
10235,-1.050490614918933,0.06508561858584352,-1.4320155892949833,-1.2448467036897353,0.5239361257490193,0.6904618077371967,0.035860383573287996,-1.2758250653620058,-1.273527081105405,-1.2168671412423475
10236,-0.649652526195983,0.06508561858584352,0.14431693449478036,0.410284830166764,-1.779555066645019,-0.2046050914713833,0.06699250916432024,-0.4645928681062164,-0.5030328677146465,-0.6642183493904572
10237,-0.45978185259037524,0.8817216424333439,-0.9065714146983955,0.410284830166764,-0.6627108521509428,-0.2046050914713833,0.1375976199330606,-0.2952147170308315,-0.27538685012192254,-0.35246774885862103
10238,0.5739584814846012,0.8817216424333439,-1.4320155892949833,-0.8310638202256104,0.5239361257490193,-0.2046050914713833,0.32194655474685224,0.738883468482042,0.6702196844940084,0.7670003166875169
10239,-1.0293938734071988,-1.5681864291091574,-0.38112724010180754,0.410284830166764,-1.988963356862662,1.5855287069457766,0.024278807841470542,-1.1599347514683216,-1.11592599200275,-1.3018900322964846
10240,2.5570521835876163,0.06508561858584352,0.6697611090913683,0.410284830166764,0.5937388891549003,0.6904618077371967,0.8913563193964831,2.0582501189639846,1.9923177097440596,2.0990256098689968
10241,-0.8184264582898567,0.8817216424333439,-1.4320155892949833,1.6516334805591384,-0.03448598149801883,-0.6521385410756733,0.0760771396695532,-0.8568370074386863,-0.818235045919957,-0.8342641314987308
10242,-0.9450069073602619,0.8817216424333439,1.1952052836879563,-0.4172809367614856,0.1749223087196192,-1.5472054402842532,0.05317962067683154,-1.061873716635204,-1.0283698313901641,-1.0184803954493615
10243,1.481118366489172,0.06508561858584352,1.7206494582845442,0.8240677136308887,0.7333444159666572,0.6904618077371967,0.4908888062476757,1.3896521541927305,1.2743571927208535,1.4330129632782567
10244,-0.8184264582898567,0.8817216424333439,-0.9065714146983955,0.8240677136308887,0.5937388891549003,-1.0996719906799632,0.054135897572119215,-0.8746662864992527,-0.8445018941037331,-0.7917526859716626
10245,-0.20662095444956474,-1.5681864291091574,-1.4320155892949833,0.410284830166764,-0.8721191423685809,0.6904618077371967,0.146469744461563,-0.018860891592046524,0.022304095960870397,-0.09739907569620966
10246,-0.5441688186373119,-1.5681864291091574,1.7206494582845442,-1.2448467036897353,-0.31369703512154284,-1.0996719906799632,0.0573766137172608,-0.4467635890456492,-0.39796547497954293,-0.451661121755114
10247,-0.9872003903837303,0.8817216424333439,-1.4320155892949833,0.8240677136308887,-0.8023163789626999,-0.2046050914713833,0.03644477500929714,-1.106446914286621,-1.0633922956351987,-1.146014732030567
10248,-1.155974322477604,-1.5681864291091574,-0.9065714146983955,0.410284830166764,-0.4533025619332999,1.1379952573414867,0.021197471178876905,-1.4808617745585235,-1.4223725541468013,-1.471935814404759
10249,-1.1137808394541355,-1.5681864291091574,1.1952052836879563,0.410284830166764,-0.17409150830978082,-0.2046050914713833,0.023322530946182862,-1.3828007397254065,-1.326060777472957,-1.3585719596659094
10250,2.6203424081228195,0.8817216424333439,-0.38112724010180754,-0.8310638202256104,-0.38349979852741883,-0.6521385410756733,0.8433299686553685,2.1919697119182358,2.202452495214267,2.113196091711354
10251,-0.20662095444956474,1.6983576662808442,0.14431693449478036,-0.8310638202256104,3.2462438985783435,-0.6521385410756733,0.08308983690166286,-0.19715368219771465,-0.27538685012192254,0.1293286337814887
10252,0.4473780324141958,-1.5681864291091574,1.1952052836879563,1.2378505970950135,0.035316781907857205,0.6904618077371967,0.44482813579131913,0.6586517127094915,0.5914191399426809,0.6252954982639549
10253,-0.9872003903837303,-1.5681864291091574,0.6697611090913683,1.6516334805591384,0.24472507212550018,-0.6521385410756733,0.030760240131753706,-1.1777640305288881,-1.1246816080640083,-1.1176737683458546
10254,0.8482161211371456,-0.751550405261657,1.7206494582845442,-0.8310638202256104,1.0823582329960573,-1.368192060442538,0.24751633639696116,0.8815177009665764,0.9153769342092499,1.0362394716922834
10255,0.8271193796254115,0.06508561858584352,0.6697611090913683,-0.8310638202256104,0.5937388891549003,0.2429283581329067,0.25208521489666896,0.9082616195574269,0.845332005719181,0.951216580638147
10256,1.481118366489172,-1.5681864291091574,-0.9065714146983955,0.410284830166764,1.4313720500254572,-1.0996719906799632,0.7240609892153217,1.3450789565413135,1.353157737272181,1.5463768180171062
10257,3.1477609459161746,0.8817216424333439,1.7206494582845442,-0.8310638202256104,0.7333444159666572,-0.6521385410756733,0.7703341656484088,2.3435185839330535,2.325031120071888,2.4249466922431893
10258,-1.0082971318954645,0.8817216424333439,0.14431693449478036,1.2378505970950135,0.035316781907857205,-1.0996719906799632,0.049195133613132866,-1.2223372281803049,-1.1597040723090428,-1.1743556957152792
10259,-0.8184264582898567,0.8817216424333439,1.1952052836879563,1.2378505970950135,-0.03448598149801883,-1.0996719906799632,0.06534558784465813,-0.8390077283781191,-0.8445018941037331,-0.8342641314987308
10260,1.9241499382355902,0.8817216424333439,1.1952052836879563,1.6516334805591384,0.24472507212550018,-1.0996719906799632,0.9880996653030867,1.6927498982223659,1.6858711476000083,1.7164226001253804
10261,-1.0293938734071988,0.06508561858584352,1.1952052836879563,-0.4172809367614856,-0.5231053253391809,0.6904618077371967,0.04908888062476757,-1.2490811467711553,-1.2034821526153359,-1.2593785867694165
10262,-0.8184264582898567,0.8817216424333439,1.1952052836879563,-0.4172809367614856,0.4541333623431382,-1.5472054402842532,0.07262391754768102,-0.8835809260295359,-0.8357462780424739,-0.8059231678140184
10263,1.903053196723856,0.8817216424333439,1.1952052836879563,0.8240677136308887,0.8031471793725382,-0.2046050914713833,0.7227859533549381,1.6570913401012322,1.5632925227423873,1.7164226001253804
10264,-1.050490614918933,0.06508561858584352,-1.4320155892949833,-1.2448467036897353,-1.360738486209743,1.1379952573414867,0.035860383573287996,-1.2312518677105888,-1.2472602329216296,-1.3444014778235536
10265,-1.0082971318954645,0.8817216424333439,1.1952052836879563,1.2378505970950135,-0.4533025619332999,-1.9947388898885432,0.0573766137172608,-1.1510201119380377,-1.1684596883703013,-1.1885261775576352
10266,-1.0293938734071988,0.06508561858584352,1.7206494582845442,0.8240677136308887,-0.7325136155568189,1.1379952573414867,0.027785156457525367,-1.1955933095894553,-1.2209933847378536,-1.2593785867694165
10267,0.23641061729685378,-1.5681864291091574,0.14431693449478036,-1.2448467036897353,1.2219637598078192,0.2429283581329067,0.1697391489135632,0.3733832477404233,0.3199950420436633,0.4977611616827496
10268,0.21531387578511957,-0.751550405261657,1.1952052836879563,-0.0034980532973608127,1.2917665232137003,1.5855287069457766,0.11825957605057642,0.2664075733770225,0.293728193859888,0.44107923431332485
10269,-1.0082971318954645,-1.5681864291091574,1.1952052836879563,-1.2448467036897353,0.3145278355313812,-0.2046050914713833,0.026828879562237687,-1.2223372281803049,-1.1772153044315605,-1.1601852138729227
10270,0.8904096041606141,0.06508561858584352,-0.9065714146983955,0.410284830166764,0.1749223087196192,1.1379952573414867,0.509004940763959,0.8993469800271436,0.9241325502705084,0.9653870624805029
10271,0.4473780324141958,0.06508561858584352,1.1952052836879563,1.6516334805591384,-0.5929080887450618,0.6904618077371967,0.3635445996918663,0.7210541894214756,0.7490202290453358,0.6536364619486673
10272,-1.0082971318954645,0.8817216424333439,1.1952052836879563,0.410284830166764,0.035316781907857205,-0.2046050914713833,0.029803963236466027,-1.2045079491197386,-1.1509484562477845,-1.1601852138729227
10273,0.4473780324141958,0.8817216424333439,-0.9065714146983955,-1.2448467036897353,0.3145278355313812,-1.5472054402842532,0.3324124741008341,0.6140785150580746,0.6264416041877154,0.6536364619486673
10274,0.5528617399728669,0.8817216424333439,1.1952052836879563,-0.8310638202256104,0.5239361257490193,-1.0996719906799632,0.22515008234606598,0.7299688289517587,0.6789753005552669,0.7670003166875169
10275,-0.1644274714260963,0.06508561858584352,1.7206494582845442,0.410284830166764,-0.03448598149801883,0.2429283581329067,0.1031185252085215,-0.054519449713180144,0.031059712022128826,-0.012376184642073167
10276,-0.6285557846842488,1.6983576662808442,0.14431693449478036,-0.0034980532973608127,6.45717101524882,-0.2046050914713833,0.032566540933963765,-0.7676906121358518,-0.8269906619812155,-0.1540810030656344
10277,-0.5863623016607803,0.06508561858584352,-1.4320155892949833,0.410284830166764,-0.5929080887450618,-0.2046050914713833,0.09642458694150773,-0.4735075076364996,-0.49427725165338804,-0.5366840128092512
10278,-0.5863623016607803,0.8817216424333439,1.1952052836879563,1.6516334805591384,0.38433059893725724,-1.0996719906799632,0.10152473038304202,-0.5448246238787668,-0.5030328677146465,-0.4800020854398264
10279,1.987440162770793,0.06508561858584352,-0.38112724010180754,-0.8310638202256104,-1.2909357228038618,0.6904618077371967,0.577697497742124,1.9156158864794508,1.8084497724576287,1.6455701909135998
10280,1.5022151080009063,0.06508561858584352,-0.38112724010180754,-1.2448467036897353,-0.17409150830978082,0.2429283581329067,0.46496307708654305,1.4698839099652807,1.3794245854559561,1.390501517751188
10281,-0.5019753356138434,0.8817216424333439,0.14431693449478036,0.410284830166764,0.1749223087196192,-0.6521385410756733,0.08840248631992775,-0.4111050309245164,-0.37169862679576765,-0.36663823070097756
10282,-0.5230720771255777,0.8817216424333439,0.14431693449478036,0.8240677136308887,-0.38349979852741883,-0.6521385410756733,0.11044998140572704,-0.35761719374281553,-0.39796547497954293,-0.40914967622804577
10283,0.6794421890432724,0.06508561858584352,-0.9065714146983955,-0.8310638202256104,-2.477582700703819,1.1379952573414867,0.2713170057907879,1.041981212511678,0.9416437823930253,0.6394659801063115
10284,2.7047293741697565,0.8817216424333439,-0.38112724010180754,-1.2448467036897353,-2.128568883674419,1.1379952573414867,0.9966530308664932,2.3435185839330535,2.3337867361331464,1.9573207914454354
10285,0.8693128626488799,0.06508561858584352,-0.38112724010180754,-0.8310638202256104,0.1051195453137382,-1.0996719906799632,0.2772140466450619,0.9884933753299773,0.9241325502705084,0.9653870624805029
10286,-0.14333072991436205,-0.751550405261657,0.14431693449478036,1.6516334805591384,-2.477582700703819,2.4805956061543566,0.16819848058226639,0.12377334089248797,0.24119449749233587,-0.11156955753856616
10287,2.7891163402166934,0.8817216424333439,0.6697611090913683,-0.8310638202256104,-0.5231053253391809,-0.2046050914713833,0.8312702544759072,2.272201467690786,2.254986191581819,2.1557075372384213
10288,0.4473780324141958,-1.5681864291091574,-0.38112724010180754,0.410284830166764,-1.430541249615619,2.928129055758647,0.31403070711363756,0.6408224336489251,0.6527084523714916,0.4552497161556807
10289,1.5233118495126405,-1.5681864291091574,1.1952052836879563,0.410284830166764,-0.6627108521509428,-0.2046050914713833,0.6691813207246454,1.4966278285561312,1.537025674558612,1.404671999593545
10290,2.5570521835876163,-1.5681864291091574,0.14431693449478036,-0.8310638202256104,0.38433059893725724,2.4805956061543566,0.9304574191149126,2.0849940375548357,1.9485396294377668,2.056514164341929
10291,0.5317649984611327,-0.751550405261657,0.14431693449478036,-1.2448467036897353,-2.686990990921462,2.033062156550067,0.25123519098974656,0.8458591428454428,0.871598853902957,0.4835906798403931
10292,0.21531387578511957,0.8817216424333439,0.14431693449478036,-0.0034980532973608127,0.035316781907857205,-0.2046050914713833,0.13993518567709717,0.4179564453918402,0.3462618902274394,0.38439730694390006
10293,0.23641061729685378,0.06508561858584352,-0.9065714146983955,0.410284830166764,0.1749223087196192,0.2429283581329067,0.2793922329065505,0.3733832477404233,0.40755120265625,0.41273827062861246
10294,0.7638291550902088,0.8817216424333439,-1.4320155892949833,-0.8310638202256104,0.1051195453137382,-1.0996719906799632,0.31828082664824947,0.8726030614362933,0.9066213181479907,0.8945346532687222
10295,0.6794421890432724,0.8817216424333439,0.14431693449478036,1.6516334805591384,-0.9419219057744619,-0.6521385410756733,0.543802794453594,0.970664096269411,0.9153769342092499,0.8095117622145858
10296,0.5528617399728669,0.8817216424333439,-0.38112724010180754,-0.8310638202256104,-1.1513301959920998,0.6904618077371967,0.23380970089783776,0.8191152242545933,0.7840426932903704,0.6394659801063115
10297,-0.7973297167781225,0.8817216424333439,1.1952052836879563,0.8240677136308887,0.5239361257490193,-1.5472054402842532,0.0522764702757265,-0.7944345307267022,-0.8269906619812155,-0.7492412404445943
10298,-0.5863623016607803,0.06508561858584352,1.1952052836879563,0.8240677136308887,-0.4533025619332999,0.2429283581329067,0.09642458694150773,-0.48242214716678283,-0.5030328677146465,-0.5366840128092512
10299,-1.050490614918933,0.8817216424333439,-1.4320155892949833,1.6516334805591384,-0.10428874490389983,-0.6521385410756733,0.040694894543909045,-1.2579957863014386,-1.212237768676595,-1.231037623084704
10300,-0.9661036488719961,0.8817216424333439,-0.38112724010180754,1.2378505970950135,0.3145278355313812,-1.5472054402842532,0.039313605695160174,-1.115361553816904,-1.0546366795739395,-1.0468213591340738
10301,0.5317649984611327,0.8817216424333439,0.14431693449478036,0.8240677136308887,0.38433059893725724,-1.0996719906799632,0.430324602879456,0.7121395498911923,0.6702196844940084,0.7386593530028038
10302,-0.5863623016607803,0.8817216424333439,0.14431693449478036,0.8240677136308887,-0.31369703512154284,-0.6521385410756733,0.11278754714976359,-0.48242214716678283,-0.45049917134709505,-0.4941725672821829
10303,0.4473780324141958,-0.751550405261657,0.6697611090913683,-0.0034980532973608127,0.9427527061843003,-0.2046050914713833,0.15109174945545342,0.5516760383460907,0.5739079078201633,0.681977425633379
10304,-0.1644274714260963,0.8817216424333439,1.1952052836879563,0.410284830166764,-0.5231053253391809,-1.0996719906799632,0.1884396748658556,0.07028550371078714,0.08359340838968098,0.015964779042639207
10305,-0.1855242129378305,-1.5681864291091574,-0.38112724010180754,-1.2448467036897353,0.5239361257490193,2.4805956061543566,0.10550921744674069,-0.06343408924346336,-0.09151891283549156,-0.012376184642073167
10306,0.8060226381136772,0.06508561858584352,1.1952052836879563,-0.8310638202256104,-0.8721191423685809,1.1379952573414867,0.26499495298305265,1.0241519334511109,0.9416437823930253,0.8520232077416533
10307,-0.5441688186373119,0.06508561858584352,0.14431693449478036,0.410284830166764,-1.5701467764273809,0.2429283581329067,0.09488391861021091,-0.33087327515196513,-0.38920985891828447,-0.5225135309668953
10308,2.578148925099351,0.06508561858584352,0.6697611090913683,-0.8310638202256104,-0.03448598149801883,0.2429283581329067,0.7623651915210116,2.0849940375548357,1.9835620936828013,2.01400271881486
10309,2.5359554420758825,0.06508561858584352,-0.38112724010180754,-0.8310638202256104,-1.430541249615619,1.5855287069457766,0.820857461616108,2.200884351448519,2.114896334601681,1.9006388640760106
10310,0.4473780324141958,0.06508561858584352,1.1952052836879563,0.8240677136308887,0.5937388891549003,0.6904618077371967,0.35159113850077034,0.6229931545883579,0.5651522917589049,0.6678069437910232
10311,-0.755136233754654,-1.5681864291091574,0.14431693449478036,1.2378505970950135,0.24472507212550018,1.1379952573414867,0.06306114859480423,-0.7944345307267022,-0.7131676531848535,-0.7209002767598819
10312,0.46847477392593007,0.06508561858584352,0.14431693449478036,-0.8310638202256104,0.5239361257490193,0.2429283581329067,0.19943685916166393,0.6586517127094915,0.5826635238814225,0.681977425633379
10313,-0.4808785941021094,0.8817216424333439,1.1952052836879563,0.410284830166764,0.035316781907857205,-0.6521385410756733,0.09180258194761727,-0.3397879146822491,-0.38045424285702606,-0.35246774885862103
10314,-0.20662095444956474,0.06508561858584352,0.14431693449478036,1.2378505970950135,-0.10428874490389983,0.6904618077371967,0.1861552356160017,-0.018860891592046524,0.022304095960870397,-0.012376184642073167
10315,-0.9661036488719961,0.06508561858584352,1.1952052836879563,1.6516334805591384,-0.38349979852741883,0.6904618077371967,0.052860861711735645,-1.0975322747563376,-1.11592599200275,-1.1318442501882104
10316,0.5317649984611327,0.8817216424333439,-1.4320155892949833,1.6516334805591384,0.4541333623431382,-0.6521385410756733,0.4771821707485523,0.6764809917700587,0.6877309166165253,0.7386593530028038
10317,1.481118366489172,0.06508561858584352,0.6697611090913683,0.410284830166764,0.8031471793725382,0.2429283581329067,0.46857567869096317,1.2826764798293295,1.1780454160470084,1.3338195903817645
10318,-1.0293938734071988,0.06508561858584352,-0.9065714146983955,0.410284830166764,-0.7325136155568189,0.6904618077371967,0.038994846730064286,-1.2312518677105888,-1.185970920492819,-1.2593785867694165
10319,-0.7973297167781225,0.8817216424333439,1.1952052836879563,0.8240677136308887,0.1051195453137382,-0.6521385410756733,0.0522764702757265,-0.8122638097872686,-0.8445018941037331,-0.8059231678140184
10320,-0.9872003903837303,0.06508561858584352,-1.4320155892949833,-1.2448467036897353,-0.9419219057744619,0.6904618077371967,0.030760240131753706,-1.1599347514683216,-1.1071703759414915,-1.2026966593999917
10321,0.046539943691245755,-1.5681864291091574,-1.4320155892949833,-0.8310638202256104,1.0823582329960573,-0.6521385410756733,0.15805132019338045,0.23074901525588884,0.1886608011247845,0.3418858614168312
10322,0.4473780324141958,0.06508561858584352,0.14431693449478036,0.410284830166764,0.7333444159666572,0.6904618077371967,0.34707538649524516,0.6051638755277915,0.521374211452612,0.6536364619486673
10323,0.7216356720667403,-1.5681864291091574,1.1952052836879563,0.410284830166764,1.0125554695901813,0.2429283581329067,0.3614195399245604,0.8369445033151597,0.7840426932903704,0.937046098795791
10324,0.4262812909024616,-0.751550405261657,0.14431693449478036,-1.2448467036897353,1.4313720500254572,-0.2046050914713833,0.25734473782075123,0.4268710849221234,0.48635174720757746,0.6394659801063115
10325,-1.050490614918933,0.8817216424333439,-1.4320155892949833,0.410284830166764,0.24472507212550018,-1.0996719906799632,0.04483876109015566,-1.2490811467711553,-1.256015848982888,-1.2168671412423475
10326,-0.05894376386742515,0.8817216424333439,-0.38112724010180754,-0.8310638202256104,-0.6627108521509428,-0.2046050914713833,0.12229718960845774,0.2040050966650384,0.13612710475723236,0.08681718825442046
10327,0.700538930555006,0.8817216424333439,-0.38112724010180754,-0.8310638202256104,-0.8023163789626999,-0.2046050914713833,0.1949742336503214,0.9439201776785605,0.9066213181479907,0.8095117622145858
10328,-0.08004050537915937,0.8817216424333439,-0.38112724010180754,1.2378505970950135,0.035316781907857205,-0.2046050914713833,0.18185198958720714,0.07920014324107114,0.10986025657345705,0.10098767009677634
10329,-0.20662095444956474,-1.5681864291091574,-1.4320155892949833,-1.2448467036897353,0.9427527061843003,0.2429283581329067,0.140413324124741,-0.10800728689488018,-0.08276329677423314,0.015964779042639207
10330,-0.12223398840262782,-1.5681864291091574,1.1952052836879563,-0.8310638202256104,1.4313720500254572,-0.6521385410756733,0.12872549540455824,-0.02777553112232973,0.0047928638383535295,0.15766959746620107
10331,0.48957151543766425,0.8817216424333439,-0.38112724010180754,-0.8310638202256104,-0.6627108521509428,-0.6521385410756733,0.19306167985974607,0.738883468482042,0.6439528363102324,0.5969545345792426
10332,1.481118366489172,-1.5681864291091574,1.1952052836879563,-1.2448467036897353,0.3145278355313812,0.2429283581329067,0.5054985921479042,1.3183350379504633,1.353157737272181,1.3763310359088319
10333,0.8271193796254115,0.06508561858584352,-0.38112724010180754,-1.2448467036897353,-0.38349979852741883,1.1379952573414867,0.29867715029485203,0.9974080148602605,0.9328881663317669,0.9087051351110781
10334,-1.050490614918933,-0.751550405261657,1.1952052836879563,-1.2448467036897353,1.4313720500254572,-0.6521385410756733,0.023747542899644054,-1.3114836234831393,-1.256015848982888,-1.146014732030567
10335,-0.9872003903837303,0.8817216424333439,1.1952052836879563,0.8240677136308887,0.1051195453137382,-1.5472054402842532,0.03538224512564416,-1.1510201119380377,-1.0984147598802323,-1.1035032865034986
10336,1.481118366489172,-0.751550405261657,-1.4320155892949833,0.410284830166764,1.5011748134313383,0.2429283581329067,0.7384051426446369,1.30942039842018,1.3181352730271465,1.5180358543323944
10337,-0.1855242129378305,0.06508561858584352,-0.9065714146983955,1.6516334805591384,-1.221132959397981,0.2429283581329067,0.19221165595282366,0.1683465385439048,0.09234902445093941,-0.012376184642073167
10338,0.48957151543766425,0.8817216424333439,-1.4320155892949833,-1.2448467036897353,0.3145278355313812,-0.2046050914713833,0.2780640705519843,0.6140785150580746,0.6527084523714916,0.6678069437910232
10339,-0.5230720771255777,0.8817216424333439,0.14431693449478036,0.410284830166764,0.6635416525607812,-1.0996719906799632,0.09020878712213781,-0.4200196704547996,-0.43298793922457746,-0.35246774885862103
10340,-0.20662095444956474,0.8817216424333439,0.14431693449478036,1.6516334805591384,-0.38349979852741883,-0.6521385410756733,0.2185623970674175,-0.0010316125314793153,0.03981532808338804,-0.026546666484429042
10341,-1.050490614918933,0.8817216424333439,-0.38112724010180754,1.6516334805591384,0.5937388891549003,-1.0996719906799632,0.03214152898050258,-1.3203982630134226,-1.273527081105405,-1.231037623084704
10342,-0.1855242129378305,0.8817216424333439,-1.4320155892949833,0.8240677136308887,0.24472507212550018,-1.9947388898885432,0.15741380226318866,0.025712306059370308,-0.003962752222904903,0.044305742727351584
10343,0.6161519645080696,-1.5681864291091574,-0.9065714146983955,-0.8310638202256104,1.1521609964019384,0.6904618077371967,0.19879934123147214,0.7656273870728924,0.7052421487390429,0.8803641714263664
10344,-0.08004050537915937,-1.5681864291091574,-1.4320155892949833,-1.2448467036897353,-0.9419219057744619,0.2429283581329067,0.17324549752961801,0.1594318990136216,0.20617203324730138,0.07264670641206396
10345,-0.5441688186373119,0.8817216424333439,-0.9065714146983955,0.410284830166764,-0.31369703512154284,-0.6521385410756733,0.10588110290601924,-0.4200196704547996,-0.45049917134709505,-0.46583160359747056
10346,0.5950552229963354,0.06508561858584352,-0.38112724010180754,-0.8310638202256104,-0.38349979852741883,0.2429283581329067,0.2505976730595548,0.7923713056637428,0.7402646129840774,0.7103183893180921
10347,-0.5652655601490462,-1.5681864291091574,0.14431693449478036,0.410284830166764,-0.8721191423685809,-1.0996719906799632,0.0855336556340647,-0.437848949515366,-0.38920985891828447,-0.4941725672821829
10348,-0.3964916280551725,-1.5681864291091574,1.1952052836879563,-1.2448467036897353,-1.430541249615619,2.4805956061543566,0.08223981299474048,-0.20606832172799786,-0.2666312340606641,-0.3949791943856899
10349,-0.5230720771255777,-1.5681864291091574,-1.4320155892949833,1.6516334805591384,-1.2909357228038618,0.2429283581329067,0.14110396854911544,-0.39327575186394914,-0.35418739467325,-0.5083430491245388
10350,0.9747965702075511,0.8817216424333439,0.14431693449478036,-0.8310638202256104,0.6635416525607812,0.2429283581329067,0.33347500398448704,1.0508958520419613,0.9941774787605774,1.1070918809040653
10351,-1.1770710639893383,-1.5681864291091574,-0.9065714146983955,0.410284830166764,-0.24389427171566183,1.1379952573414867,0.019816182330128034,-1.5610935303310742,-1.5186843308206464,-1.5427882236165396
10352,-1.0293938734071988,0.06508561858584352,1.1952052836879563,0.410284830166764,0.3145278355313812,0.6904618077371967,0.028900812835360994,-1.2758250653620058,-1.212237768676595,-1.2026966593999917
10353,-0.6074590431725145,-1.5681864291091574,0.14431693449478036,-1.2448467036897353,0.1749223087196192,-1.5472054402842532,0.06720501514105084,-0.5180807052879165,-0.4855216355921296,-0.4800020854398264
10354,-1.0293938734071988,0.8817216424333439,1.7206494582845442,0.8240677136308887,-0.03448598149801883,-1.0549186457195336,0.022791266004356374,-1.2223372281803049,-1.1772153044315605,-1.1885261775576352
10355,0.46847477392593007,0.8817216424333439,-1.4320155892949833,0.410284830166764,0.6635416525607812,-0.6521385410756733,0.3576475588375923,0.578419956936941,0.617685988126457,0.681977425633379
10356,-1.0082971318954645,-0.751550405261657,-0.9065714146983955,-1.2448467036897353,1.3615692866195812,-1.0996719906799632,0.029219571800456888,-1.2669104258317225,-1.2297490007991119,-1.1176737683458546
10357,-1.0293938734071988,-1.5681864291091574,0.14431693449478036,-1.2448467036897353,0.8031471793725382,-0.2046050914713833,0.027413270998246825,-1.2669104258317225,-1.2209933847378536,-1.1601852138729227
10358,0.5950552229963354,0.06508561858584352,0.14431693449478036,-0.8310638202256104,-1.2909357228038618,0.2429283581329067,0.20884024863199277,0.9082616195574269,0.8103095414741465,0.6678069437910232
10359,1.481118366489172,-0.751550405261657,0.14431693449478036,-0.8310638202256104,-0.38349979852741883,2.4805956061543566,0.47962598948095414,1.425310712313864,1.466980746068543,1.3763310359088319
10360,-0.8184264582898567,0.8817216424333439,-1.4320155892949833,1.6516334805591384,-0.10428874490389983,-0.6521385410756733,0.06306114859480423,-0.8479223679084023,-0.818235045919957,-0.8342641314987308
10361,-0.9450069073602619,-1.5681864291091574,0.6697611090913683,0.410284830166764,0.8031471793725382,-0.2046050914713833,0.026085108643680605,-1.0975322747563376,-1.0546366795739395,-0.9901394317646491
10362,-0.05894376386742515,0.06508561858584352,-0.9065714146983955,0.410284830166764,-0.38349979852741883,0.6904618077371967,0.18211762205812038,0.1594318990136216,0.10986025657345705,0.08681718825442046
10363,-0.1644274714260963,0.8817216424333439,1.1952052836879563,-0.8310638202256104,-0.17409150830978082,-1.0996719906799632,0.1285661159220103,0.05245622465022072,0.07483779232842254,0.044305742727351584
10364,-0.9028134243367935,0.8817216424333439,-1.4320155892949833,1.6516334805591384,0.3145278355313812,-0.6521385410756733,0.04483876109015566,-1.0083858794535039,-0.9670805189613535,-0.9476279862375803
10365,-0.6285557846842488,0.8817216424333439,-1.4320155892949833,0.8240677136308887,-0.4533025619332999,0.2429283581329067,0.10805928916750783,-0.5448246238787668,-0.5730777962047154,-0.6075364220210324
10366,-0.6074590431725145,0.8817216424333439,0.14431693449478036,0.410284830166764,-0.31369703512154284,-0.6521385410756733,0.08298358391329756,-0.5269953448182004,-0.5468109480209394,-0.5650249764939635
10367,-1.0293938734071988,0.8817216424333439,0.6697611090913683,1.2378505970950135,-0.10428874490389983,-1.0996719906799632,0.02959145725973543,-1.2223372281803049,-1.1597040723090428,-1.1885261775576352
10368,0.8904096041606141,0.8817216424333439,0.14431693449478036,0.8240677136308887,-0.17409150830978082,-0.6521385410756733,0.5183020772459226,1.0330665729813941,0.9679106305768014,0.9653870624805029
10369,-0.6285557846842488,0.06508561858584352,-1.4320155892949833,-1.2448467036897353,0.8729499427784192,0.2429283581329067,0.07517398926844818,-0.5804831819999005,-0.60810026044975,-0.4941725672821829
10370,2.5359554420758825,-0.751550405261657,0.6697611090913683,-1.2448467036897353,1.5011748134313383,-0.2046050914713833,0.6669500079689741,2.031506200373135,1.9047615491314738,2.19821898276549
10371,-0.8395231998015908,0.8817216424333439,0.14431693449478036,1.2378505970950135,-0.31369703512154284,-0.6521385410756733,0.06709876215268555,-0.8924955655598191,-0.8532575101649915,-0.8909460588681556
10372,0.21531387578511957,-1.5681864291091574,0.6697611090913683,-1.2448467036897353,0.38433059893725724,-0.6521385410756733,0.17574244275620252,0.3466393291495729,0.39003997053373235,0.41273827062861246
10373,0.4262812909024616,-0.751550405261657,0.6697611090913683,0.8240677136308887,1.4313720500254572,-0.6521385410756733,0.22323752855549062,0.5516760383460907,0.5126185953913535,0.7103183893180921
10374,-0.41758836956690676,-1.5681864291091574,1.1952052836879563,0.410284830166764,0.8031471793725382,0.6904618077371967,0.09419327418583648,-0.3397879146822491,-0.3016536983056986,-0.22493341227741567
10375,-1.050490614918933,0.06508561858584352,-1.4320155892949833,0.410284830166764,-1.2909357228038618,0.6904618077371967,0.03495723317218297,-1.2490811467711553,-1.185970920492819,-1.316060514138841
10376,0.4473780324141958,-1.5681864291091574,0.14431693449478036,-0.4172809367614856,-1.5003440130215,2.033062156550067,0.5294055145300962,0.6586517127094915,0.7227533808615598,0.4835906798403931
10377,-0.8817166828250593,-1.5681864291091574,1.1952052836879563,0.8240677136308887,1.2219637598078192,0.6904618077371967,0.044626255113425065,-1.0262151585140704,-0.9845917510838703,-0.8767755770257997
10378,0.4262812909024616,-0.751550405261657,1.7206494582845442,-1.2448467036897353,-2.128568883674419,2.033062156550067,0.19199914997609308,0.6586517127094915,0.6789753005552669,0.38439730694390006
10379,-0.5652655601490462,0.06508561858584352,-0.38112724010180754,0.410284830166764,-1.8493578300509,0.6904618077371967,0.07203952611167189,-0.35761719374281553,-0.4154767071020606,-0.57919545833632
10380,0.257507358808588,-1.5681864291091574,-1.4320155892949833,-1.2448467036897353,1.0125554695901813,0.2429283581329067,0.2222281251660203,0.40012716633127293,0.3725287384112155,0.5119316435251055
10381,-0.20662095444956474,0.8817216424333439,-0.9065714146983955,0.8240677136308887,0.5239361257490193,-0.2046050914713833,0.1785581469478829,-0.07234872877374655,-0.04774083252919862,0.0017942972002833347
10382,-0.45978185259037524,-1.5681864291091574,0.14431693449478036,-1.2448467036897353,-1.2909357228038618,0.2429283581329067,0.0744302183498911,-0.3397879146822491,-0.2928980822444394,-0.451661121755114
10383,2.5570521835876163,0.8817216424333439,1.1952052836879563,-0.8310638202256104,-0.03448598149801883,-0.2046050914713833,0.970036657280986,2.1384818747365366,2.071118254295387,2.0848551280266405
10384,-0.8184264582898567,-1.5681864291091574,-1.4320155892949833,-0.8310638202256104,0.7333444159666572,-0.2046050914713833,0.03628539552674919,-0.9192394841506695,-0.8795243583487669,-0.8200936496563749
10385,0.4473780324141958,-1.5681864291091574,-0.9065714146983955,-0.8310638202256104,-1.360738486209743,-0.2046050914713833,0.22631886521808425,0.6943102708306251,0.731508996922819,0.5261021253674619
10386,-1.0293938734071988,0.8817216424333439,1.1952052836879563,-0.4172809367614856,-0.5231053253391809,-1.0996719906799632,0.04627317643308718,-1.1955933095894553,-1.1509484562477845,-1.2026966593999917
10387,-0.20662095444956474,1.6983576662808442,0.14431693449478036,0.410284830166764,2.4784135011136574,-1.0996719906799632,0.14673537693247624,-0.09017800783431376,-0.1352969931417845,0.17184007930855758
10388,-1.050490614918933,0.8817216424333439,-1.4320155892949833,0.410284830166764,0.1749223087196192,-1.9947388898885432,0.03203527599213728,-1.2669104258317225,-1.2297490007991119,-1.2168671412423475
10389,-0.7762329752663882,0.8817216424333439,-1.4320155892949833,0.410284830166764,0.24472507212550018,-0.6521385410756733,0.052117090793178555,-0.8033491702569854,-0.7569457334911465,-0.7492412404445943
10390,-0.20662095444956474,-1.5681864291091574,-1.4320155892949833,0.410284830166764,0.7333444159666572,-0.6521385410756733,0.15895447059448548,-0.06343408924346336,-0.04774083252919862,0.03013526088499571
10391,-1.050490614918933,0.8817216424333439,0.6697611090913683,0.8240677136308887,0.38433059893725724,-1.0996719906799632,0.024278807841470542,-1.2758250653620058,-1.2209933847378536,-1.2026966593999917
10392,-1.0082971318954645,0.8817216424333439,-0.38112724010180754,0.410284830166764,0.3145278355313812,-0.2046050914713833,0.026828879562237687,-1.2223372281803049,-1.185970920492819,-1.1601852138729227
10393,-1.0293938734071988,-0.751550405261657,1.1952052836879563,-0.4172809367614856,1.5011748134313383,0.2429283581329067,0.04908888062476757,-1.3025689839528563,-1.256015848982888,-1.1318442501882104
10394,0.700538930555006,-1.5681864291091574,-0.9065714146983955,0.410284830166764,0.8031471793725382,0.2429283581329067,0.45481591669765714,0.7656273870728924,0.7840426932903704,0.8803641714263664
10395,0.8693128626488799,0.8817216424333439,-0.38112724010180754,-1.2448467036897353,0.4541333623431382,-0.6521385410756733,0.3159963873983956,0.9974080148602605,0.9328881663317669,1.0220689898499276
10396,0.8904096041606141,0.8817216424333439,0.6697611090913683,-1.2448467036897353,-0.6627108521509428,-0.2046050914713833,0.29761462041119907,1.086554410163095,1.0116887108830943,0.951216580638147
10397,-1.0293938734071988,0.8817216424333439,1.1952052836879563,0.410284830166764,-0.03448598149801883,-0.2046050914713833,0.028900812835360994,-1.2490811467711553,-1.2034821526153359,-1.2168671412423475
10398,-0.1855242129378305,0.06508561858584352,-1.4320155892949833,0.410284830166764,0.4541333623431382,1.1379952573414867,0.1375976199330606,-0.06343408924346336,-0.04774083252919862,0.0017942972002833347
10399,-0.016750280843956692,0.8817216424333439,0.14431693449478036,-1.2448467036897353,0.1749223087196192,-1.0996719906799632,0.1636827285767412,0.177261178074188,0.1886608011247845,0.20018104299326997
10400,-0.1855242129378305,0.06508561858584352,0.14431693449478036,-0.8310638202256104,0.5937388891549003,0.6904618077371967,0.11007809594644849,-0.08126336830403057,-0.11778576101926763,-0.026546666484429042
10401,-0.5863623016607803,0.8817216424333439,1.1952052836879563,0.8240677136308887,0.035316781907857205,-1.0996719906799632,0.09642458694150773,-0.4645928681062164,-0.49427725165338804,-0.46583160359747056
10402,-1.050490614918933,0.06508561858584352,0.6697611090913683,-1.2448467036897353,-0.24389427171566183,0.2429283581329067,0.026882006056420337,-1.2490811467711553,-1.256015848982888,-1.2593785867694165
10403,2.5570521835876163,1.6983576662808442,-0.38112724010180754,-0.8310638202256104,2.8274273181430574,2.4805956061543566,0.7218296764596505,1.8175548516463331,1.7033823797225252,2.1840485009231343
10404,-0.7973297167781225,0.8817216424333439,1.1952052836879563,1.2378505970950135,-0.24389427171566183,-0.6521385410756733,0.06263613664134304,-0.8211784493175527,-0.791968197736181,-0.8200936496563749
10405,-0.8817166828250593,0.06508561858584352,-1.4320155892949833,0.410284830166764,0.035316781907857205,0.2429283581329067,0.059076661531105565,-0.9727273213323704,-0.9845917510838703,-0.9617984680799367
10406,0.4262812909024616,-1.5681864291091574,-1.4320155892949833,-1.2448467036897353,1.0823582329960573,-0.2046050914713833,0.26834192211655955,0.5071028406946738,0.547641059636388,0.6678069437910232
10407,0.48957151543766425,0.8817216424333439,-0.38112724010180754,0.8240677136308887,-0.17409150830978082,-0.2046050914713833,0.2589385326462307,0.6764809917700587,0.6264416041877154,0.6252954982639549
10408,1.5655053325361088,0.06508561858584352,0.6697611090913683,0.410284830166764,-0.03448598149801883,0.6904618077371967,0.47372894862668014,1.4877131890258481,1.4056914336397324,1.4330129632782567
10409,-0.8184264582898567,0.06508561858584352,-1.4320155892949833,1.2378505970950135,-0.38349979852741883,0.2429283581329067,0.056154704351059875,-0.8835809260295359,-0.818235045919957,-0.8767755770257997
10410,1.2701509513718297,0.8817216424333439,-0.38112724010180754,-0.8310638202256104,-0.38349979852741883,-0.6521385410756733,0.3832014025394464,1.3361643170110304,1.2656015766595943,1.2346262174852707
10411,0.8482161211371456,0.06508561858584352,-1.4320155892949833,1.6516334805591384,0.38433059893725724,0.6904618077371967,0.6793284811135313,0.9795787357996941,0.9241325502705084,0.9937280261652158
10412,-0.9872003903837303,-1.5681864291091574,-0.38112724010180754,-0.8310638202256104,1.2219637598078192,-0.2046050914713833,0.028369547893534505,-1.1955933095894553,-1.2034821526153359,-1.0751623228187863
10413,-1.050490614918933,0.06508561858584352,0.6697611090913683,-1.2448467036897353,-0.8721191423685809,2.033062156550067,0.026882006056420337,-1.2134225886500216,-1.2297490007991119,-1.2877195504541288
10414,0.4473780324141958,0.06508561858584352,0.14431693449478036,-0.8310638202256104,0.3145278355313812,0.6904618077371967,0.23890984433937204,0.6408224336489251,0.5914191399426809,0.6536364619486673
10415,-0.5652655601490462,0.8817216424333439,0.14431693449478036,0.410284830166764,0.38433059893725724,-1.0996719906799632,0.08319608989002816,-0.5002514262273501,-0.4680104034696119,-0.43749063991275816
10416,-0.9239101658485277,0.8817216424333439,-0.9065714146983955,-1.2448467036897353,0.7333444159666572,-0.2046050914713833,0.04218243638102322,-1.061873716635204,-1.072147911696457,-0.9901394317646491
10417,-0.7973297167781225,0.8817216424333439,-0.9065714146983955,-0.8310638202256104,0.1749223087196192,-1.5472054402842532,0.03506348616054827,-0.8300930888478358,-0.7744569656136641,-0.777582204129306
10418,-1.050490614918933,0.8817216424333439,-1.4320155892949833,1.6516334805591384,0.24472507212550018,-0.2046050914713833,0.040694894543909045,-1.3025689839528563,-1.256015848982888,-1.24520810492706
10419,0.48957151543766425,-1.5681864291091574,-0.9065714146983955,-0.8310638202256104,-0.31369703512154284,1.5855287069457766,0.24857886628061415,0.6497370731792083,0.66146406843275,0.6111250164215991
10420,0.48957151543766425,0.8817216424333439,-0.38112724010180754,-0.8310638202256104,-0.8023163789626999,-0.6521385410756733,0.22754077458428518,0.7121395498911923,0.7840426932903704,0.6394659801063115
10421,0.257507358808588,0.8817216424333439,-1.4320155892949833,0.8240677136308887,0.5937388891549003,-0.2046050914713833,0.26685438027944536,0.40012716633127293,0.3462618902274394,0.44107923431332485
10422,-0.8395231998015908,-1.5681864291091574,-0.38112724010180754,0.8240677136308887,1.1521609964019384,0.2429283581329067,0.05349837964192743,-0.8835809260295359,-0.9408136707775774,-0.7917526859716626
10423,-0.9239101658485277,-1.5681864291091574,-1.4320155892949833,0.410284830166764,0.8031471793725382,-0.6521385410756733,0.03352281782925145,-1.079702995695771,-1.045881063512681,-0.9759689499222927
10424,2.5570521835876163,0.06508561858584352,0.14431693449478036,-0.8310638202256104,-1.0117246691803428,1.1379952573414867,0.8968283482972959,2.1206525956759683,2.05360702217287,1.9006388640760106
10425,-0.9872003903837303,0.8817216424333439,1.1952052836879563,1.2378505970950135,0.035316781907857205,0.6904618077371967,0.042607448334484405,-1.1421054724077544,-1.0984147598802323,-1.1035032865034986
10426,-0.9450069073602619,0.06508561858584352,-1.4320155892949833,-1.2448467036897353,0.6635416525607812,-0.2046050914713833,0.04186367741592732,-1.079702995695771,-1.1071703759414915,-1.0184803954493615
10427,-1.0293938734071988,0.06508561858584352,0.14431693449478036,0.410284830166764,0.1749223087196192,0.2429283581329067,0.042607448334484405,-1.2134225886500216,-1.2472602329216296,-1.2026966593999917
10428,0.6794421890432724,0.06508561858584352,0.6697611090913683,0.8240677136308887,0.3145278355313812,0.6904618077371967,0.26871380757583807,0.8280298637848764,0.7490202290453358,0.8236822440569416
10429,0.5739584814846012,0.8817216424333439,1.1952052836879563,-1.2448467036897353,0.24472507212550018,-0.2046050914713833,0.277957817563619,0.7656273870728924,0.6877309166165253,0.752829834845161
10430,-1.050490614918933,-0.751550405261657,-1.4320155892949833,0.410284830166764,1.0823582329960573,-1.0996719906799632,0.027944535940073314,-1.3114836234831393,-1.256015848982888,-1.1743556957152792
10431,0.7216356720667403,0.06508561858584352,-0.38112724010180754,0.410284830166764,-0.03448598149801883,1.1379952573414867,0.31541199596238645,0.8993469800271436,0.8190651575354049,0.8520232077416533
10432,-1.0293938734071988,0.06508561858584352,-0.38112724010180754,-1.2448467036897353,-0.4533025619332999,-0.2046050914713833,0.030441481166657812,-1.2312518677105888,-1.2385046168603704,-1.2593785867694165
10433,-0.9661036488719961,0.8817216424333439,1.1952052836879563,0.410284830166764,0.035316781907857205,-0.6521385410756733,0.0406417680497264,-1.079702995695771,-1.0984147598802323,-1.0751623228187863
10434,-0.7973297167781225,0.06508561858584352,0.14431693449478036,1.6516334805591384,-1.0117246691803428,0.6904618077371967,0.06067045635658503,-0.8033491702569854,-0.7657013495524049,-0.8767755770257997
10435,0.6161519645080696,0.8817216424333439,1.1952052836879563,0.410284830166764,-0.38349979852741883,-0.6521385410756733,0.39085161770174787,0.7923713056637428,0.7927983093516288,0.7386593530028038
10436,-0.8817166828250593,0.8817216424333439,1.1952052836879563,-0.4172809367614856,-0.10428874490389983,-0.6521385410756733,0.057057854752164905,-0.9459834027415199,-0.888279974410026,-0.9192870225528679
10437,0.4473780324141958,0.06508561858584352,-0.9065714146983955,-1.2448467036897353,-1.779555066645019,1.5855287069457766,0.2734420655580938,0.5962492359975082,0.5301298275138704,0.32771537957447533
10438,-0.8817166828250593,0.8817216424333439,0.6697611090913683,-1.2448467036897353,0.035316781907857205,-1.5472054402842532,0.03150401105031079,-0.9548980422718031,-0.9057912065325429,-0.9192870225528679
10439,-0.9450069073602619,0.8817216424333439,-1.4320155892949833,1.2378505970950135,0.3145278355313812,-0.6521385410756733,0.05928916750783616,-1.0707883561654872,-1.072147911696457,-1.0326508772917173
10440,-0.5863623016607803,0.8817216424333439,1.1952052836879563,0.8240677136308887,0.6635416525607812,-0.2046050914713833,0.08973064867449397,-0.5448246238787668,-0.5117884837759049,-0.451661121755114
10441,0.6372487060198039,0.06508561858584352,-1.4320155892949833,-0.8310638202256104,-1.1513301959920998,2.033062156550067,0.24921638421080594,0.8547737823757269,0.8015539254128881,0.6678069437910232
10442,0.5528617399728669,0.06508561858584352,0.14431693449478036,-0.8310638202256104,0.4541333623431382,0.2429283581329067,0.23226903256654094,0.685395631300342,0.7052421487390429,0.752829834845161
10443,-0.9872003903837303,-0.751550405261657,-0.9065714146983955,-0.8310638202256104,1.1521609964019384,-0.6521385410756733,0.02613823513786325,-1.1866786700591714,-1.142192840186526,-1.0468213591340738
10444,0.46847477392593007,0.8817216424333439,-0.9065714146983955,-1.2448467036897353,-0.38349979852741883,-0.6521385410756733,0.3208840248631993,0.6943102708306251,0.7227533808615598,0.6536364619486673
10445,-0.9872003903837303,0.8817216424333439,1.1952052836879563,-1.2448467036897353,0.3145278355313812,-1.5472054402842532,0.025235084736758222,-1.1688493909986049,-1.1246816080640083,-1.1035032865034986
10446,-0.37539488654343833,0.06508561858584352,-0.38112724010180754,-0.8310638202256104,-0.5231053253391809,2.033062156550067,0.06157360675769006,-0.23281224031884826,-0.27538685012192254,-0.3099563033315528
10447,0.004346460667777534,0.8817216424333439,1.1952052836879563,0.410284830166764,-1.1513301959920998,-0.2046050914713833,0.13547256016575465,0.2842368524375889,0.2499501135535943,0.1293286337814887
10448,-0.9028134243367935,0.8817216424333439,-0.38112724010180754,1.2378505970950135,0.38433059893725724,-0.6521385410756733,0.0430324602879456,-1.0440444375746376,-1.002102983206388,-0.9759689499222927
10449,-0.9239101658485277,0.8817216424333439,0.6697611090913683,1.6516334805591384,-0.17409150830978082,-0.2046050914713833,0.03479785368963502,-1.0529590771049209,-1.0108585992676464,-1.0468213591340738
10450,0.23641061729685378,0.8817216424333439,0.14431693449478036,-0.8310638202256104,-0.4533025619332999,-1.0996719906799632,0.1724486001168783,0.4536150035129738,0.39879558659499154,0.3702268251015436
10451,-0.9872003903837303,0.8817216424333439,1.1952052836879563,-0.4172809367614856,0.035316781907857205,-1.0996719906799632,0.05588907188014663,-1.115361553816904,-1.1246816080640083,-1.1035032865034986
10452,-0.12223398840262782,0.06508561858584352,0.14431693449478036,0.410284830166764,-0.03448598149801883,0.2429283581329067,0.14901981618233012,0.10594406183192076,0.03981532808338804,0.07264670641206396
10453,-0.016750280843956692,-1.5681864291091574,0.14431693449478036,0.8240677136308887,-2.1983716470803,-0.2046050914713833,0.1805238272326409,0.3109807710284393,0.3550175062886978,0.058476224569708087
10454,-0.20662095444956474,0.06508561858584352,1.1952052836879563,0.8240677136308887,0.5937388891549003,-1.0996719906799632,0.15077299049035753,-0.0010316125314793153,-0.08276329677423314,0.03013526088499571
10455,-1.0082971318954645,0.8817216424333439,-0.9065714146983955,1.2378505970950135,0.1051195453137382,-0.6521385410756733,0.06056420336821973,-1.1955933095894553,-1.2034821526153359,-1.1743556957152792
10456,-1.050490614918933,0.8817216424333439,1.1952052836879563,-0.4172809367614856,0.24472507212550018,-1.5472054402842532,0.04584816447962599,-1.2758250653620058,-1.2297490007991119,-1.2168671412423475
10457,0.46847477392593007,0.06508561858584352,-0.38112724010180754,-1.2448467036897353,0.3145278355313812,-2.4422723394928334,0.19024597566806567,0.6586517127094915,0.6089303720651978,0.6678069437910232
10458,-0.9872003903837303,0.8817216424333439,1.1952052836879563,1.2378505970950135,0.3145278355313812,-0.2046050914713833,0.046113796950539236,-1.1777640305288881,-1.11592599200275,-1.1035032865034986
10459,0.8482161211371456,-1.5681864291091574,1.1952052836879563,0.410284830166764,1.0125554695901813,-0.6521385410756733,0.4510970621048717,0.970664096269411,0.8891100860254739,1.0645804353769965
10460,-0.9028134243367935,0.8817216424333439,1.1952052836879563,0.410284830166764,-0.8721191423685809,-0.6521385410756733,0.04297933379376295,-0.9638126818020863,-0.9233024386550606,-1.0184803954493615
10461,0.9326030871840826,-1.5681864291091574,-1.4320155892949833,0.8240677136308887,-1.2909357228038618,1.5855287069457766,0.5419964936513839,1.095469049693378,1.0992448714956808,0.9087051351110781
10462,0.21531387578511957,-1.5681864291091574,0.14431693449478036,0.410284830166764,0.9427527061843003,0.6904618077371967,0.2458162885831164,0.3555539686798561,0.27621696173737037,0.4269087524709683
10463,0.4473780324141958,-1.5681864291091574,1.7206494582845442,-1.2448467036897353,0.8031471793725382,-0.2046050914713833,0.18588960314508846,0.5516760383460907,0.5563966756976465,0.6536364619486673
10464,-0.5863623016607803,0.8817216424333439,-0.38112724010180754,1.6516334805591384,0.035316781907857205,-0.2046050914713833,0.08399298730276789,-0.5091660657576332,-0.4767660195308704,-0.4800020854398264
10465,-1.0082971318954645,0.06508561858584352,-0.38112724010180754,0.410284830166764,-0.7325136155568189,0.2429283581329067,0.026828879562237687,-1.1599347514683216,-1.11592599200275,-1.1885261775576352
10466,-0.9239101658485277,0.06508561858584352,-1.4320155892949833,0.410284830166764,-1.7097523032391428,0.6904618077371967,0.05381713860702332,-0.9370687632112367,-0.9933473671451296,-1.1176737683458546
10467,-1.0293938734071988,0.8817216424333439,1.1952052836879563,1.2378505970950135,-0.6627108521509428,-0.6521385410756733,0.05557031291505073,-1.1955933095894553,-1.2034821526153359,-1.24520810492706
10468,-0.5230720771255777,-1.5681864291091574,-0.9065714146983955,-1.2448467036897353,-0.7325136155568189,0.2429283581329067,0.08989002815704192,-0.437848949515366,-0.38045424285702606,-0.4800020854398264
10469,0.7427324135784745,-1.5681864291091574,-1.4320155892949833,-0.8310638202256104,0.9427527061843003,2.4805956061543566,0.27588588429049565,0.801285945194026,0.6964865326777845,0.8661936895840104
10470,-0.8817166828250593,0.8817216424333439,-0.38112724010180754,0.8240677136308887,-0.8023163789626999,-0.2046050914713833,0.04627317643308718,-0.9192394841506695,-0.8795243583487669,-0.9759689499222927
10471,-0.9450069073602619,0.8817216424333439,1.1952052836879563,0.8240677136308887,-0.4533025619332999,-0.6521385410756733,0.049035754130584926,-1.0529590771049209,-1.0108585992676464,-1.0609918409764298
10472,-0.9239101658485277,0.8817216424333439,-1.4320155892949833,0.8240677136308887,-0.24389427171566183,-1.5472054402842532,0.044360622642511824,-1.0173005189837871,-0.9670805189613535,-1.004309913607005
10473,-1.0082971318954645,-1.5681864291091574,1.1952052836879563,1.6516334805591384,0.3145278355313812,-0.2046050914713833,0.038782340753333686,-1.2223372281803049,-1.185970920492819,-1.1601852138729227
10474,-0.9661036488719961,0.8817216424333439,-0.9065714146983955,1.2378505970950135,-0.03448598149801883,-0.2046050914713833,0.06019231790894119,-1.106446914286621,-1.0633922956351987,-1.0751623228187863
10475,0.5739584814846012,0.8817216424333439,-1.4320155892949833,-0.8310638202256104,-0.17409150830978082,-0.6521385410756733,0.30303352281782925,0.7834566661334595,0.7402646129840774,0.7386593530028038
10476,-0.7973297167781225,0.06508561858584352,1.1952052836879563,-0.4172809367614856,-1.081527432586219,0.6904618077371967,0.07437709185570844,-0.8300930888478358,-0.7569457334911465,-0.8909460588681556
10477,-0.08004050537915937,0.8817216424333439,-1.4320155892949833,-1.2448467036897353,-0.17409150830978082,-0.6521385410756733,0.1595388620304946,0.14160261995305437,0.15363833687975,0.1293286337814887
10478,-1.050490614918933,0.8817216424333439,-0.9065714146983955,0.410284830166764,0.4541333623431382,-0.6521385410756733,0.04839823620039314,-1.2579957863014386,-1.282282697166664,-1.2168671412423475
10479,-0.1855242129378305,-1.5681864291091574,1.1952052836879563,0.410284830166764,0.035316781907857205,-0.6521385410756733,0.14062583010147162,-0.03669017065261294,0.0047928638383535295,-0.012376184642073167
10480,0.6794421890432724,0.06508561858584352,-0.38112724010180754,-0.8310638202256104,0.4541333623431382,0.2429283581329067,0.21595919885246773,0.7567127475426092,0.7840426932903704,0.8236822440569416
10481,-0.9872003903837303,0.06508561858584352,0.14431693449478036,0.410284830166764,0.24472507212550018,0.6904618077371967,0.04537002603198215,-1.1510201119380377,-1.1772153044315605,-1.1318442501882104
10482,0.257507358808588,0.8817216424333439,1.1952052836879563,-1.2448467036897353,0.5937388891549003,-0.6521385410756733,0.2216968602241938,0.4268710849221234,0.39879558659499154,0.4835906798403931
10483,0.8482161211371456,-0.751550405261657,-0.38112724010180754,0.410284830166764,0.5937388891549003,-0.6521385410756733,0.343622164373373,0.8904323404968605,0.8978657020867323,0.9653870624805029
10484,-1.0082971318954645,0.8817216424333439,0.14431693449478036,0.8240677136308887,-0.5231053253391809,-1.5472054402842532,0.0380385698347766,-1.1688493909986049,-1.1334372241252668,-1.1885261775576352
10485,-0.5863623016607803,0.8817216424333439,0.6697611090913683,-0.4172809367614856,-1.081527432586219,-0.6521385410756733,0.10561547043510598,-0.4467635890456492,-0.4067210910408021,-0.5366840128092512
10486,-1.050490614918933,0.8817216424333439,-0.9065714146983955,0.410284830166764,-0.10428874490389983,-0.2046050914713833,0.04839823620039314,-1.2490811467711553,-1.256015848982888,-1.24520810492706
10487,0.5528617399728669,0.8817216424333439,0.6697611090913683,-0.8310638202256104,-0.31369703512154284,-0.6521385410756733,0.2213781012590979,0.7656273870728924,0.7139977648003013,0.6961479074757362
10488,1.5233118495126405,0.06508561858584352,-0.38112724010180754,-1.2448467036897353,-1.1513301959920998,1.1379952573414867,0.5290867555650003,1.532286386677265,1.4494695139460252,1.3054786266970513
10489,-1.050490614918933,0.8817216424333439,-0.38112724010180754,0.8240677136308887,0.38433059893725724,-1.0996719906799632,0.035860383573287996,-1.240166507240872,-1.2647714650441464,-1.2026966593999917
10490,-1.0293938734071988,0.06508561858584352,-0.9065714146983955,1.2378505970950135,0.6635416525607812,0.2429283581329067,0.05004515752005525,-1.2669104258317225,-1.256015848982888,-1.1885261775576352
10491,-0.5652655601490462,0.06508561858584352,-0.9065714146983955,0.8240677136308887,-0.31369703512154284,0.2429283581329067,0.1457259735430059,-0.4735075076364996,-0.4855216355921296,-0.5083430491245388
10492,-0.14333072991436205,-1.5681864291091574,1.7206494582845442,0.410284830166764,0.6635416525607812,-0.2046050914713833,0.11161876427774531,-0.018860891592046524,0.0047928638383535295,0.07264670641206396
10493,-1.0293938734071988,0.06508561858584352,-0.9065714146983955,0.410284830166764,0.1749223087196192,0.6904618077371967,0.05004515752005525,-1.2223372281803049,-1.2385046168603704,-1.2026966593999917
10494,0.4473780324141958,0.06508561858584352,-0.9065714146983955,-1.2448467036897353,0.035316781907857205,0.2429283581329067,0.322743452159592,0.6140785150580746,0.5563966756976465,0.5827840527368867
10495,-0.20662095444956474,-0.751550405261657,-0.38112724010180754,0.410284830166764,1.7105831036489814,0.2429283581329067,0.12490038782340754,-0.10800728689488018,-0.1352969931417845,0.07264670641206396
10496,-0.9239101658485277,0.8817216424333439,0.6697611090913683,0.8240677136308887,0.24472507212550018,-0.6521385410756733,0.03872921425915104,-1.0173005189837871,-1.0371254474514224,-0.9901394317646491
10497,-0.6285557846842488,-1.5681864291091574,-1.4320155892949833,-1.2448467036897353,-0.4533025619332999,-1.0996719906799632,0.07103012272220156,-0.562653902939334,-0.5117884837759049,-0.57919545833632
10498,-1.050490614918933,0.06508561858584352,-1.4320155892949833,-0.4172809367614856,-0.5231053253391809,0.6904618077371967,0.05450778303139776,-1.2847397048922888,-1.2297490007991119,-1.2877195504541288
10499,-0.8817166828250593,0.8817216424333439,0.14431693449478036,1.2378505970950135,0.1051195453137382,-1.5472054402842532,0.06375179301917866,-0.9459834027415199,-0.9057912065325429,-0.9051165407105121
10500,-1.1770710639893383,-1.5681864291091574,-1.4320155892949833,-1.2448467036897353,-1.2909357228038618,0.2429283581329067,0.030335228178292515,-1.4897764140888075,-1.4311281702080605,-1.556958705458896
10501,-0.7340394922429198,0.8817216424333439,-0.9065714146983955,-0.8310638202256104,0.1749223087196192,-1.0996719906799632,0.037507304892950115,-0.723117414484435,-0.6869008050010774,-0.678388831232813
10502,1.9241499382355902,0.06508561858584352,0.6697611090913683,-0.8310638202256104,-1.919160593456781,1.1379952573414867,0.4444562503320406,1.8977866074188843,1.834716620641405,1.5463768180171062
10503,0.4262812909024616,-0.751550405261657,1.1952052836879563,1.6516334805591384,-0.5929080887450618,-0.6521385410756733,0.39802369441640545,0.6764809917700587,0.6877309166165253,0.5969545345792426
10504,0.13092690973818266,-0.751550405261657,-0.9065714146983955,1.2378505970950135,1.7803858670548574,-1.9947388898885432,0.2671731392445413,0.25749293384673844,0.33750627416618095,0.4977611616827496
10505,-0.20662095444956474,0.8817216424333439,0.6697611090913683,-1.2448467036897353,0.1051195453137382,0.2429283581329067,0.10912181905116082,-0.054519449713180144,-0.03022960040668098,-0.026546666484429042
10506,0.4262812909024616,-0.751550405261657,-1.4320155892949833,-1.2448467036897353,-0.10428874490389983,2.033062156550067,0.30728364235244116,0.5516760383460907,0.6001747560039394,0.5544430890521743
10507,1.2068607268366276,-1.5681864291091574,0.6697611090913683,-0.8310638202256104,0.8729499427784192,-0.2046050914713833,0.29665834351591136,1.1132983287539453,1.1517785678632324,1.2487966993276265
10508,-0.6074590431725145,0.06508561858584352,-1.4320155892949833,-0.8310638202256104,-1.5701467764273809,1.1379952573414867,0.06874568347234766,-0.4289343099850828,-0.49427725165338804,-0.6217069038633883
10509,-0.7973297167781225,0.8817216424333439,-0.9065714146983955,0.410284830166764,-0.24389427171566183,-0.6521385410756733,0.05859852308346172,-0.7944345307267022,-0.818235045919957,-0.8200936496563749
10510,0.4473780324141958,-1.5681864291091574,-1.4320155892949833,-1.2448467036897353,0.9427527061843003,1.1379952573414867,0.26573872390160974,0.5695053174066579,0.5301298275138704,0.6678069437910232
10511,-0.9661036488719961,0.8817216424333439,0.14431693449478036,0.410284830166764,-0.6627108521509428,-0.2046050914713833,0.037135419433671574,-1.0886176352260544,-1.045881063512681,-1.1176737683458546
10512,-1.0293938734071988,0.8817216424333439,0.14431693449478036,0.410284830166764,0.1749223087196192,-0.6521385410756733,0.042607448334484405,-1.1955933095894553,-1.212237768676595,-1.1743556957152792
10513,0.21531387578511957,0.06508561858584352,1.1952052836879563,0.410284830166764,0.4541333623431382,1.5855287069457766,0.21978430643361846,0.3912125268009897,0.3462618902274394,0.4269087524709683
10514,-0.1855242129378305,0.06508561858584352,0.14431693449478036,0.410284830166764,0.24472507212550018,0.2429283581329067,0.14753227434521596,-0.054519449713180144,-0.03022960040668098,-0.012376184642073167
10515,-0.9661036488719961,0.06508561858584352,-1.4320155892949833,0.410284830166764,0.1051195453137382,0.2429283581329067,0.03957923816607342,-1.1599347514683216,-1.1246816080640083,-1.1176737683458546
10516,-0.6285557846842488,0.06508561858584352,0.14431693449478036,-0.0034980532973608127,0.1051195453137382,0.2429283581329067,0.0452106465494342,-0.5180807052879165,-0.5993446443884916,-0.5508544946516076
10517,0.48957151543766425,0.06508561858584352,1.1952052836879563,-0.8310638202256104,-0.8023163789626999,1.1379952573414867,0.24209743399033098,0.7121395498911923,0.6702196844940084,0.5827840527368867
10518,0.4473780324141958,-1.5681864291091574,-1.4320155892949833,-0.8310638202256104,1.2219637598078192,-1.0996719906799632,0.23179089411889708,0.524932119755241,0.5651522917589049,0.6961479074757362
10519,-1.0715873564306673,-1.5681864291091574,0.14431693449478036,1.6516334805591384,0.6635416525607812,0.2429283581329067,0.03527599213727886,-1.347142181604273,-1.2910383132279224,-1.24520810492706
10520,0.21531387578511957,-0.751550405261657,1.1952052836879563,0.8240677136308887,1.2917665232137003,0.2429283581329067,0.23694416405461405,0.3466393291495729,0.3112394259824049,0.4835906798403931
10521,-0.20662095444956474,-1.5681864291091574,-1.4320155892949833,-0.8310638202256104,-0.4533025619332999,2.033062156550067,0.11847208202730702,-0.045604810182896936,-0.012718368284164113,-0.0832285938538538
10522,1.0802802777662222,0.8817216424333439,1.1952052836879563,0.8240677136308887,-0.10428874490389983,-0.2046050914713833,0.6379429421452478,1.1222129682842286,1.1430229518019739,1.1070918809040653
10523,0.7638291550902088,0.8817216424333439,0.6697611090913683,0.410284830166764,-0.17409150830978082,-0.2046050914713833,0.2816766721564044,0.9350055381482772,0.8891100860254739,0.8803641714263664
10524,0.9536998286958168,0.8817216424333439,-0.9065714146983955,-0.8310638202256104,0.1051195453137382,-1.368192060442538,0.3601445040641768,1.041981212511678,1.0467111751281288,1.0504099535346405
10525,-0.6074590431725145,0.8817216424333439,0.14431693449478036,1.6516334805591384,-0.03448598149801883,-0.6521385410756733,0.1167189077192796,-0.5537392634090501,-0.5292997158984225,-0.5366840128092512
10526,-1.050490614918933,0.8817216424333439,-0.38112724010180754,0.8240677136308887,0.3145278355313812,-0.2046050914713833,0.035860383573287996,-1.2758250653620058,-1.273527081105405,-1.231037623084704
10527,-0.8606199413133251,-1.5681864291091574,1.1952052836879563,0.8240677136308887,-0.03448598149801883,2.033062156550067,0.03936673218934283,-0.9638126818020863,-0.9145468225938014,-0.9334575043952245
10528,-0.755136233754654,0.8817216424333439,1.1952052836879563,1.2378505970950135,0.38433059893725724,-0.6521385410756733,0.06385804600754397,-0.785519891196419,-0.7569457334911465,-0.7209002767598819
10529,-1.0082971318954645,0.06508561858584352,1.1952052836879563,0.410284830166764,0.38433059893725724,1.1379952573414867,0.0382510758115072,-1.1866786700591714,-1.1947265365540773,-1.146014732030567
10530,-0.9239101658485277,-0.751550405261657,0.14431693449478036,0.8240677136308887,1.2917665232137003,1.1379952573414867,0.050204537002603196,-1.079702995695771,-1.1071703759414915,-0.9617984680799367
10531,0.9115063456723483,-1.5681864291091574,-0.38112724010180754,0.410284830166764,-0.10428874490389983,0.6904618077371967,0.3431440259257292,0.9884933753299773,0.985421862699319,0.9653870624805029
10532,0.4473780324141958,0.8817216424333439,1.1952052836879563,1.6516334805591384,-0.10428874490389983,-1.5472054402842532,0.46018169261010466,0.6943102708306251,0.7139977648003013,0.681977425633379
10533,2.662535891146288,0.06508561858584352,0.6697611090913683,-0.8310638202256104,-0.4533025619332999,-0.2046050914713833,0.682250438293577,2.2900307467513543,2.1936968791530083,2.1415370553960655
10534,-0.20662095444956474,0.06508561858584352,1.1952052836879563,0.410284830166764,0.24472507212550018,1.1379952573414867,0.12293470753864952,-0.018860891592046524,-0.07400768071297392,-0.012376184642073167
10535,-0.14333072991436205,1.6983576662808442,0.6697611090913683,-0.8310638202256104,-0.31369703512154284,4.270729404571517,0.1005153269935717,0.03462694558965351,-0.08276329677423314,-0.040717148326785545
10536,0.4262812909024616,0.06508561858584352,-1.4320155892949833,-1.2448467036897353,-0.7325136155568189,0.6904618077371967,0.28927376082452316,0.578419956936941,0.5914191399426809,0.4835906798403931
10537,-0.20662095444956474,0.06508561858584352,0.14431693449478036,-1.2448467036897353,-2.1983716470803,0.6904618077371967,0.1411570950432981,0.08811478277135434,0.03981532808338804,-0.1965924485927033
10538,0.9747965702075511,0.8817216424333439,1.1952052836879563,-0.8310638202256104,0.035316781907857205,-0.2046050914713833,0.3379907559900122,1.0687251311025279,1.0642224072506465,1.0645804353769965
10539,-0.9872003903837303,-1.5681864291091574,-1.4320155892949833,-1.2448467036897353,-1.8493578300509,0.2429283581329067,0.030760240131753706,-1.0886176352260544,-1.0283698313901641,-1.2168671412423475
10540,0.4473780324141958,-1.5681864291091574,-0.9065714146983955,0.410284830166764,0.9427527061843003,1.1379952573414867,0.3786325240397386,0.5873345964672243,0.5388854435751288,0.681977425633379
10541,1.6920857816065142,0.8817216424333439,-0.38112724010180754,-1.2448467036897353,0.6635416525607812,-0.6521385410756733,0.5072517664559316,1.585774223858965,1.4494695139460252,1.603058745386531
10542,-0.5652655601490462,-1.5681864291091574,1.1952052836879563,0.410284830166764,0.5239361257490193,-0.6521385410756733,0.07703341656484089,-0.5091660657576332,-0.4855216355921296,-0.43749063991275816
10543,-0.20662095444956474,0.06508561858584352,-1.4320155892949833,-1.2448467036897353,-0.8721191423685809,0.2429283581329067,0.14625723848483238,0.007883026998803893,0.031059712022128826,-0.0832285938538538
10544,-0.8395231998015908,0.06508561858584352,0.14431693449478036,0.8240677136308887,0.4541333623431382,0.6904618077371967,0.055782818891781334,-0.9281541236809527,-0.932058054716319,-0.8767755770257997
10545,0.5106682569493985,0.8817216424333439,0.14431693449478036,0.410284830166764,0.24472507212550018,-0.2046050914713833,0.3555224990702863,0.6675663522397756,0.6964865326777845,0.7103183893180921
10546,-0.5230720771255777,0.8817216424333439,-0.9065714146983955,0.410284830166764,-0.24389427171566183,-0.2046050914713833,0.10784678319077724,-0.3754464728033827,-0.4067210910408021,-0.40914967622804577
10547,1.5233118495126405,0.06508561858584352,-1.4320155892949833,0.8240677136308887,-1.1513301959920998,0.6904618077371967,0.8599585613345375,1.5679449447983984,1.5020032103135774,1.3479900722241203
10548,0.4473780324141958,1.6983576662808442,1.1952052836879563,0.410284830166764,1.9199913938666193,-0.2046050914713833,0.2942145247835095,0.4714442825735402,0.40755120265625,0.681977425633379
10549,0.4262812909024616,0.06508561858584352,-1.4320155892949833,0.8240677136308887,-0.4533025619332999,1.1379952573414867,0.3958986346490995,0.6051638755277915,0.6089303720651978,0.5402726072098178
10550,-0.8184264582898567,-1.5681864291091574,1.1952052836879563,-1.2448467036897353,-1.0117246691803428,1.1379952573414867,0.03819794931732455,-0.8657516469689694,-0.818235045919957,-0.9334575043952245
10551,0.4262812909024616,-1.5681864291091574,1.7206494582845442,-1.2448467036897353,0.1051195453137382,2.033062156550067,0.1840833023428784,0.5338467592855243,0.547641059636388,0.5544430890521743
10552,0.23641061729685378,0.06508561858584352,-0.38112724010180754,-0.8310638202256104,0.6635416525607812,0.2429283581329067,0.18185198958720714,0.3644686082101393,0.3812843544724739,0.4552497161556807
10553,-1.1348775809658698,-1.5681864291091574,1.1952052836879563,0.8240677136308887,0.24472507212550018,-0.6521385410756733,0.022206874568347235,-1.4808617745585235,-1.4223725541468013,-1.4152538870353342
10554,-0.5441688186373119,0.06508561858584352,-0.9065714146983955,-1.2448467036897353,0.38433059893725724,1.1379952573414867,0.09111193752324284,-0.4556782285759332,-0.4855216355921296,-0.4233201580704017
10555,-0.20662095444956474,-0.751550405261657,-0.9065714146983955,-1.2448467036897353,-2.058766120268543,2.928129055758647,0.13111618764277747,0.007883026998803893,0.04857094414464647,-0.21076293043505917
10556,0.4473780324141958,0.06508561858584352,0.14431693449478036,1.6516334805591384,0.035316781907857205,-1.0996719906799632,0.46156298145885355,0.6408224336489251,0.547641059636388,0.5969545345792426
10557,1.481118366489172,0.06508561858584352,0.14431693449478036,-1.2448467036897353,0.5937388891549003,1.1379952573414867,0.5823726292301971,1.3718228751321633,1.2656015766595943,1.390501517751188
10558,0.21531387578511957,-0.751550405261657,-1.4320155892949833,-1.2448467036897353,-2.407779937297943,1.5855287069457766,0.22127184827073262,0.4536150035129738,0.48635174720757746,0.15766959746620107
10559,-0.9661036488719961,0.06508561858584352,-0.9065714146983955,-1.2448467036897353,0.1749223087196192,0.6904618077371967,0.04266057482866706,-1.115361553816904,-1.1509484562477845,-1.1035032865034986
10560,0.23641061729685378,-0.751550405261657,0.14431693449478036,-1.2448467036897353,-2.617188227515581,-0.2046050914713833,0.21606545184083303,0.5605906778763746,0.6439528363102324,0.25686297036269473
10561,0.8693128626488799,-0.751550405261657,1.7206494582845442,-0.4172809367614856,0.24472507212550018,1.1379952573414867,0.33464378685650537,0.9617494567391269,0.9941774787605774,1.0078985080075717
10562,-0.8395231998015908,0.8817216424333439,1.1952052836879563,1.2378505970950135,0.4541333623431382,-1.5472054402842532,0.055410933432502786,-0.8924955655598191,-0.8620131262262499,-0.8200936496563749
10563,1.9452466797473245,0.06508561858584352,-0.38112724010180754,-0.8310638202256104,0.38433059893725724,0.2429283581329067,0.5774318652712107,1.764067014464633,1.6333374512324563,1.7447635638100922
10564,1.2490542098600954,0.06508561858584352,1.1952052836879563,0.410284830166764,0.1749223087196192,-0.6521385410756733,0.47144450937682625,1.2915911193596128,1.2305791124145598,1.2771376630123397
10565,0.4473780324141958,-1.5681864291091574,0.6697611090913683,-1.2448467036897353,0.9427527061843003,0.2429283581329067,0.189289698772778,0.578419956936941,0.521374211452612,0.6678069437910232
10566,-0.12223398840262782,-0.751550405261657,-1.4320155892949833,-1.2448467036897353,0.24472507212550018,2.928129055758647,0.12569728523614726,0.025712306059370308,-0.021473984345422546,0.03013526088499571
10567,-1.155974322477604,0.06508561858584352,0.14431693449478036,-0.4172809367614856,-0.4533025619332999,0.2429283581329067,0.039313605695160174,-1.454117855967674,-1.4486394023305773,-1.471935814404759
10568,2.5359554420758825,0.06508561858584352,0.6697611090913683,0.410284830166764,-2.1983716470803,2.033062156550067,0.8536365085268023,2.200884351448519,2.132407566724198,1.787275009337161
10569,0.46847477392593007,-1.5681864291091574,0.14431693449478036,-0.8310638202256104,0.8729499427784192,0.2429283581329067,0.22111246878818466,0.578419956936941,0.617685988126457,0.7103183893180921
10570,0.9115063456723483,0.8817216424333439,0.6697611090913683,-1.2448467036897353,0.24472507212550018,0.2429283581329067,0.29750836742283376,0.970664096269411,0.985421862699319,1.0078985080075717
10571,-0.7973297167781225,-1.5681864291091574,-0.9065714146983955,-1.2448467036897353,0.8729499427784192,0.6904618077371967,0.03904797322424693,-0.8568370074386863,-0.8269906619812155,-0.7492412404445943
10572,-0.5652655601490462,-1.5681864291091574,0.14431693449478036,0.8240677136308887,-0.17409150830978082,0.6904618077371967,0.09674334590660362,-0.48242214716678283,-0.45049917134709505,-0.4800020854398264
10573,-0.8395231998015908,0.06508561858584352,1.1952052836879563,1.2378505970950135,0.38433059893725724,0.2429283581329067,0.06375179301917866,-0.9014102050901031,-0.9408136707775774,-0.8767755770257997
10574,0.8693128626488799,-0.751550405261657,1.7206494582845442,-0.8310638202256104,-0.9419219057744619,-0.6521385410756733,0.24220368697869626,0.9884933753299773,1.0467111751281288,0.8803641714263664
10575,-0.9661036488719961,0.06508561858584352,-0.9065714146983955,-1.2448467036897353,-1.430541249615619,0.6904618077371967,0.0332571853583382,-1.061873716635204,-1.019614215328905,-1.1601852138729227
10576,-1.050490614918933,-0.751550405261657,1.1952052836879563,0.8240677136308887,1.2917665232137003,-1.0996719906799632,0.03214152898050258,-1.3114836234831393,-1.2647714650441464,-1.1601852138729227
10577,2.5359554420758825,-1.5681864291091574,1.7206494582845442,-1.2448467036897353,0.1051195453137382,0.6904618077371967,0.6058545396589279,1.986933002721718,1.9835620936828013,1.9856617551301483
10578,-1.1981678055010725,-1.5681864291091574,-0.9065714146983955,1.2378505970950135,0.4541333623431382,0.2429283581329067,0.02815704191680391,-1.623496007043058,-1.5449511790044221,-1.5286177417741837
10579,-1.050490614918933,0.06508561858584352,1.1952052836879563,-0.4172809367614856,-2.337977173892062,2.033062156550067,0.05689847526961696,-1.1599347514683216,-1.1684596883703013,-1.3585719596659094
10580,-0.9028134243367935,0.06508561858584352,-0.38112724010180754,0.410284830166764,-1.5701467764273809,1.5855287069457766,0.039791744142804016,-0.9459834027415199,-0.9583249029000951,-1.0893328046611421
10581,-1.0082971318954645,-1.5681864291091574,0.6697611090913683,0.8240677136308887,0.9427527061843003,-0.6521385410756733,0.03442596823035648,-1.1866786700591714,-1.185970920492819,-1.0893328046611421
10582,-0.8606199413133251,-1.5681864291091574,0.14431693449478036,1.2378505970950135,-0.6627108521509428,-0.2046050914713833,0.05881102906019232,-0.9014102050901031,-0.8620131262262499,-0.9334575043952245
10583,1.9241499382355902,0.06508561858584352,-0.38112724010180754,0.410284830166764,-1.779555066645019,1.5855287069457766,0.5357275673378313,1.8710426888280338,1.7821829242738527,1.5322063361747504
10584,-0.1855242129378305,0.8817216424333439,0.14431693449478036,1.6516334805591384,0.1749223087196192,-0.2046050914713833,0.18588960314508846,-0.02777553112232973,-0.07400768071297392,-0.026546666484429042
10585,0.4262812909024616,1.6983576662808442,-0.38112724010180754,0.8240677136308887,1.9897941572724953,0.6904618077371967,0.27848908250544546,0.5071028406946738,0.46008489902380134,0.7386593530028038
10586,1.797569489165185,0.8817216424333439,-0.38112724010180754,1.6516334805591384,0.24472507212550018,-0.6521385410756733,0.6494713913828827,1.7373230958737826,1.67711553153875,1.7305930819677364
10587,-0.20662095444956474,-0.751550405261657,-1.4320155892949833,1.6516334805591384,-1.1513301959920998,2.4805956061543566,0.15178239387982786,-0.045604810182896936,-0.021473984345422546,-0.1682514849079909
10588,-0.9872003903837303,0.06508561858584352,-0.38112724010180754,0.8240677136308887,0.4541333623431382,1.1379952573414867,0.0286883068586304,-1.1955933095894553,-1.1509484562477845,-1.1176737683458546
10589,-0.8184264582898567,0.8817216424333439,-1.4320155892949833,-1.2448467036897353,0.5937388891549003,-0.2046050914713833,0.04011050310789991,-0.9014102050901031,-0.8795243583487669,-0.8200936496563749
10590,2.5359554420758825,0.06508561858584352,1.1952052836879563,-0.8310638202256104,-0.24389427171566183,0.6904618077371967,0.6132922488444987,2.14739651426682,2.0360957900503536,2.028173200657216
10591,-1.1981678055010725,-1.5681864291091574,1.1952052836879563,1.2378505970950135,-1.081527432586219,0.6904618077371967,0.022047495085799288,-1.5432642512705075,-1.509928714759388,-1.5994701509859643
10592,-1.050490614918933,-1.5681864291091574,0.6697611090913683,-1.2448467036897353,-0.24389427171566183,0.2429283581329067,0.02093183870796366,-1.2758250653620058,-1.2297490007991119,-1.2593785867694165
10593,-0.6285557846842488,-1.5681864291091574,0.14431693449478036,0.410284830166764,0.8729499427784192,-0.2046050914713833,0.06757690060032938,-0.6339710191816014,-0.5555665640821986,-0.4941725672821829
10594,0.5106682569493985,-1.5681864291091574,-0.9065714146983955,-0.4172809367614856,-0.31369703512154284,-0.6521385410756733,0.9850714551346756,0.7121395498911923,0.7139977648003013,0.6678069437910232
10595,-0.20662095444956474,0.8817216424333439,-1.4320155892949833,1.2378505970950135,0.035316781907857205,-1.0996719906799632,0.2835892259469798,-0.03669017065261294,-0.003962752222904903,-0.012376184642073167
10596,0.4262812909024616,-0.751550405261657,0.14431693449478036,-0.8310638202256104,-1.639949539833262,2.928129055758647,0.2049620145566594,0.5605906778763746,0.48635174720757746,0.31354489773211885
10597,0.4473780324141958,-0.751550405261657,-1.4320155892949833,1.6516334805591384,1.5011748134313383,0.2429283581329067,0.44705944854699037,0.5160174802249571,0.5563966756976465,0.7244888711604479
10598,-1.050490614918933,0.8817216424333439,1.1952052836879563,1.2378505970950135,0.3145278355313812,-0.2046050914713833,0.04191680391010997,-1.3025689839528563,-1.2472602329216296,-1.231037623084704
10599,1.5655053325361088,0.8817216424333439,1.7206494582845442,0.410284830166764,0.1051195453137382,-0.2046050914713833,0.4396217393614195,1.478798549495564,1.5457812906198702,1.5038653724900373
10600,-0.20662095444956474,-1.5681864291091574,0.6697611090913683,1.6516334805591384,0.8729499427784192,0.2429283581329067,0.12575041173032991,-0.08126336830403057,-0.03898521646793941,0.044305742727351584
10601,0.8060226381136772,-1.5681864291091574,-1.4320155892949833,-0.0034980532973608127,1.0823582329960573,-0.2046050914713833,0.21064654943420283,0.86368842190601,0.7927983093516288,0.9653870624805029
10602,1.6498922985830458,0.8817216424333439,0.6697611090913683,-1.2448467036897353,0.5937388891549003,-0.6521385410756733,0.48748871061998617,1.532286386677265,1.5545369066811288,1.6172292272288868
10603,1.5233118495126405,0.06508561858584352,-1.4320155892949833,0.8240677136308887,-0.8023163789626999,0.2429283581329067,0.8833873452690857,1.4698839099652807,1.493247594252319,1.3479900722241203
10604,-1.0082971318954645,0.8817216424333439,1.1952052836879563,0.410284830166764,0.4541333623431382,-1.0996719906799632,0.03570100409074005,-1.1955933095894553,-1.2034821526153359,-1.146014732030567
10605,1.903053196723856,0.06508561858584352,0.6697611090913683,0.410284830166764,-0.38349979852741883,0.6904618077371967,0.5980449450140786,1.6214327819800984,1.6508486833549738,1.560547299859462
10606,0.8060226381136772,-0.751550405261657,-0.9065714146983955,-0.8310638202256104,-1.430541249615619,1.5855287069457766,0.31190564734633164,0.9795787357996941,1.0029330948218358,0.7811707985298727
10607,-0.9450069073602619,0.8817216424333439,-0.38112724010180754,-0.4172809367614856,-0.03448598149801883,-1.5472054402842532,0.045635658502895395,-1.0707883561654872,-1.0371254474514224,-1.0468213591340738
10608,-0.5652655601490462,-1.5681864291091574,1.1952052836879563,0.8240677136308887,0.3145278355313812,0.6904618077371967,0.08840248631992775,-0.5269953448182004,-0.4855216355921296,-0.46583160359747056
10609,2.3882782514937424,0.06508561858584352,-0.38112724010180754,0.8240677136308887,-0.8721191423685809,1.1379952573414867,0.9082505445465654,2.0760793980245524,1.9660508615602845,1.8581274185489418
10610,-0.9450069073602619,0.8817216424333439,-1.4320155892949833,0.410284830166764,0.1749223087196192,-1.0996719906799632,0.0407480210380917,-1.079702995695771,-1.045881063512681,-1.0326508772917173
10611,0.46847477392593007,0.8817216424333439,0.14431693449478036,-0.8310638202256104,-0.24389427171566183,-0.6521385410756733,0.2432130903681666,0.6586517127094915,0.6702196844940084,0.6252954982639549
10612,-0.6074590431725145,-1.5681864291091574,-1.4320155892949833,-1.2448467036897353,0.7333444159666572,-1.0996719906799632,0.0763958986346491,-0.5893978215301837,-0.5380553319596809,-0.4800020854398264
10613,-0.9661036488719961,0.06508561858584352,-1.4320155892949833,-1.2448467036897353,0.035316781907857205,0.2429283581329067,0.0406417680497264,-1.0975322747563376,-1.1071703759414915,-1.0893328046611421
10614,-0.8395231998015908,0.06508561858584352,-0.9065714146983955,-0.8310638202256104,0.4541333623431382,0.2429283581329067,0.0454231525261648,-0.8924955655598191,-0.9145468225938014,-0.8484346133410873
10615,1.0169900532310194,0.8817216424333439,1.1952052836879563,-0.8310638202256104,-0.17409150830978082,-0.2046050914713833,0.3406470806991447,1.0687251311025279,1.1080004875569394,1.0504099535346405
10616,2.5570521835876163,0.06508561858584352,-0.38112724010180754,-0.8310638202256104,-0.10428874490389983,0.2429283581329067,0.876534027519524,2.1295672352062516,2.001073325805318,2.028173200657216
10617,-1.0293938734071988,-1.5681864291091574,-0.9065714146983955,-0.8310638202256104,0.035316781907857205,1.1379952573414867,0.024544440312383786,-1.2490811467711553,-1.1947265365540773,-1.2026966593999917
10618,0.02544320217951176,0.8817216424333439,0.14431693449478036,1.6516334805591384,0.38433059893725724,-1.5472054402842532,0.24597566806566434,0.186175817604472,0.24119449749233587,0.25686297036269473
10619,0.21531387578511957,-1.5681864291091574,-1.4320155892949833,0.410284830166764,0.3145278355313812,0.6904618077371967,0.2433193433565319,0.3555539686798561,0.39003997053373235,0.41273827062861246
10620,0.4262812909024616,1.6983576662808442,1.1952052836879563,-0.8310638202256104,2.0595969206783815,0.2429283581329067,0.18812091590075972,0.4536150035129738,0.39879558659499154,0.681977425633379
10621,-0.8395231998015908,-1.5681864291091574,-1.4320155892949833,-0.8310638202256104,0.8031471793725382,0.2429283581329067,0.03538224512564416,-0.9192394841506695,-0.8707687422875084,-0.8059231678140184
10622,1.9241499382355902,0.06508561858584352,-0.38112724010180754,-0.8310638202256104,0.5239361257490193,-0.2046050914713833,0.5677628433299686,1.7284084563434994,1.6508486833549738,1.7589340456524494
10623,-0.016750280843956692,-0.751550405261657,-0.9065714146983955,-0.8310638202256104,1.5011748134313383,-0.6521385410756733,0.13488816872974552,0.14160261995305437,0.09234902445093941,0.29937441588976293
10624,-0.5441688186373119,-1.5681864291091574,-0.9065714146983955,-0.8310638202256104,1.0125554695901813,-0.2046050914713833,0.07134888168729746,-0.48242214716678283,-0.5030328677146465,-0.3808087125433334
10625,-1.0926840979424013,-1.5681864291091574,-0.38112724010180754,0.410284830166764,-1.430541249615619,1.1379952573414867,0.02093183870796366,-1.3203982630134226,-1.2647714650441464,-1.4010834051929784
10626,0.8904096041606141,0.8817216424333439,-0.38112724010180754,0.410284830166764,0.7333444159666572,-0.6521385410756733,0.40291133188120914,0.9617494567391269,0.8891100860254739,1.0220689898499276
10627,-0.6707492677077173,0.8817216424333439,0.6697611090913683,0.8240677136308887,0.3145278355313812,-1.5472054402842532,0.05015141050842055,-0.6250563796513173,-0.5905890283272331,-0.5650249764939635
10628,-0.1855242129378305,0.8817216424333439,1.1952052836879563,0.8240677136308887,-0.17409150830978082,-0.6521385410756733,0.15188864686819317,0.007883026998803893,0.03981532808338804,0.0017942972002833347
10629,-0.7762329752663882,0.8817216424333439,0.14431693449478036,-1.2448467036897353,0.5239361257490193,-0.6521385410756733,0.04037613557881315,-0.8122638097872686,-0.7832125816749225,-0.7350707586022378
10630,-0.1855242129378305,-1.5681864291091574,0.14431693449478036,0.410284830166764,1.0125554695901813,0.6904618077371967,0.12320034000956277,-0.06343408924346336,-0.11778576101926763,0.03013526088499571
10631,-1.050490614918933,0.8817216424333439,-1.4320155892949833,-1.2448467036897353,0.4541333623431382,-0.2046050914713833,0.026510120597141796,-1.3025689839528563,-1.2647714650441464,-1.231037623084704
10632,-0.12223398840262782,0.06508561858584352,0.14431693449478036,-1.2448467036897353,0.38433059893725724,1.5855287069457766,0.1446634436593529,0.06137086418050393,0.022304095960870397,0.08681718825442046
10633,-0.5863623016607803,-1.5681864291091574,0.14431693449478036,-1.2448467036897353,0.1051195453137382,0.2429283581329067,0.06895818944907825,-0.562653902939334,-0.5117884837759049,-0.5225135309668953
10634,1.0169900532310194,0.8817216424333439,1.1952052836879563,-0.0034980532973608127,-0.10428874490389983,-0.2046050914713833,0.23524411624076927,1.0687251311025279,1.0729780233119048,1.0504099535346405
10635,-1.1981678055010725,-1.5681864291091574,-1.4320155892949833,1.6516334805591384,0.5937388891549003,0.6904618077371967,0.026828879562237687,-1.6056667279824912,-1.5537067950656809,-1.5144472599318273
10636,-1.050490614918933,0.8817216424333439,-0.38112724010180754,1.6516334805591384,0.6635416525607812,-1.9947388898885432,0.03134463156776284,-1.2847397048922888,-1.2385046168603704,-1.1885261775576352
10637,-0.7340394922429198,-0.751550405261657,-0.9065714146983955,0.410284830166764,1.3615692866195812,1.5855287069457766,0.06359241353663071,-0.8211784493175527,-0.8795243583487669,-0.7067297949175254
10638,-1.1137808394541355,0.8817216424333439,-1.4320155892949833,1.2378505970950135,-0.03448598149801883,-0.2046050914713833,0.04494501407852096,-1.400630018785973,-1.396105705963026,-1.3869129233506219
10639,-0.12223398840262782,-1.5681864291091574,-0.9065714146983955,0.410284830166764,-1.360738486209743,0.2429283581329067,0.18466769377888753,0.15051725948333838,0.17990518506352607,0.0017942972002833347
10640,1.5233118495126405,0.8817216424333439,0.6697611090913683,0.8240677136308887,0.8031471793725382,1.1379952573414867,0.5426340115815758,1.4074814332532968,1.3444021212109216,1.4896948906476815
10641,1.481118366489172,-1.5681864291091574,0.14431693449478036,-1.2448467036897353,0.8729499427784192,-1.0996719906799632,0.5510279976624343,1.3718228751321633,1.3794245854559561,1.4896948906476815
10642,-0.8817166828250593,0.8817216424333439,-1.4320155892949833,0.8240677136308887,-0.6627108521509428,-0.6521385410756733,0.049938904531689955,-0.9192394841506695,-0.8620131262262499,-0.9617984680799367
10643,0.5106682569493985,0.06508561858584352,-1.4320155892949833,-0.8310638202256104,-0.10428874490389983,0.2429283581329067,0.20793709823088774,0.7032249103609084,0.6264416041877154,0.6394659801063115
10644,-0.9450069073602619,0.8817216424333439,-0.9065714146983955,0.410284830166764,0.1051195453137382,-1.0996719906799632,0.04404186367741593,-1.0975322747563376,-1.045881063512681,-1.0468213591340738
10645,-0.4808785941021094,0.8817216424333439,1.1952052836879563,0.8240677136308887,0.1749223087196192,-1.0996719906799632,0.10354353716198268,-0.3397879146822491,-0.38920985891828447,-0.33829726701626517
10646,-1.0082971318954645,-1.5681864291091574,-0.38112724010180754,0.410284830166764,0.7333444159666572,-1.0996719906799632,0.026828879562237687,-1.2045079491197386,-1.1597040723090428,-1.1035032865034986
10647,-0.14333072991436205,0.06508561858584352,-1.4320155892949833,-0.8310638202256104,-0.8023163789626999,0.6904618077371967,0.12405036391648515,0.10594406183192076,0.0573265602059049,-0.012376184642073167
10648,0.4473780324141958,0.8817216424333439,0.6697611090913683,-1.2448467036897353,0.1051195453137382,0.6904618077371967,0.24640068001912555,0.578419956936941,0.6001747560039394,0.5969545345792426
10649,0.6583454475315381,0.8817216424333439,1.1952052836879563,-0.8310638202256104,-0.03448598149801883,-0.2046050914713833,0.28661743611539076,0.8547737823757269,0.8015539254128881,0.8236822440569416
10650,2.114020611841198,0.06508561858584352,-0.9065714146983955,-1.2448467036897353,-0.38349979852741883,0.2429283581329067,0.655474685225522,1.9156158864794508,1.7208936118450429,1.7731045274948052
10651,0.4262812909024616,1.6983576662808442,0.6697611090913683,0.410284830166764,2.7576245547371814,0.2429283581329067,0.17345800350634863,0.462529643043257,0.40755120265625,0.7811707985298727
10652,0.29970084183205625,-1.5681864291091574,-1.4320155892949833,-0.8310638202256104,0.1749223087196192,0.2429283581329067,0.20644955639377358,0.4447003639826906,0.48635174720757746,0.4835906798403931
10653,1.9663434212590587,-1.5681864291091574,0.6697611090913683,0.8240677136308887,1.1521609964019384,0.2429283581329067,0.6291770706051107,1.6392620610406659,1.6333374512324563,1.801445491179517
10654,-1.0082971318954645,0.8817216424333439,0.14431693449478036,0.8240677136308887,0.1051195453137382,-0.6521385410756733,0.047813844764384,-1.1866786700591714,-1.212237768676595,-1.1743556957152792
10655,-1.0293938734071988,0.8817216424333439,-1.4320155892949833,0.8240677136308887,-0.4533025619332999,-1.5472054402842532,0.03676353397439303,-1.2134225886500216,-1.1684596883703013,-1.2168671412423475
10656,-0.5863623016607803,0.8817216424333439,-0.38112724010180754,-1.2448467036897353,0.1749223087196192,-1.0996719906799632,0.09190883493598258,-0.5091660657576332,-0.4680104034696119,-0.46583160359747056
10657,-0.8395231998015908,0.8817216424333439,-1.4320155892949833,0.410284830166764,0.1051195453137382,-1.5472054402842532,0.05418902406630186,-0.8835809260295359,-0.8795243583487669,-0.8626050951834432
10658,0.4262812909024616,0.06508561858584352,0.14431693449478036,1.6516334805591384,-0.8023163789626999,-1.5472054402842532,0.47410083408595866,0.738883468482042,0.6877309166165253,0.5969545345792426
10659,-1.050490614918933,0.8817216424333439,-0.9065714146983955,0.410284830166764,0.5239361257490193,-1.0996719906799632,0.03771981086968071,-1.2758250653620058,-1.2472602329216296,-1.2026966593999917
10660,-0.8817166828250593,-1.5681864291091574,-1.4320155892949833,0.8240677136308887,-0.17409150830978082,0.2429283581329067,0.053126494182648885,-0.9727273213323704,-0.9145468225938014,-0.9476279862375803
10661,-0.20662095444956474,0.06508561858584352,0.14431693449478036,0.410284830166764,0.3145278355313812,0.6904618077371967,0.14067895659565424,-0.045604810182896936,-0.08276329677423314,-0.026546666484429042
10662,-0.6074590431725145,0.8817216424333439,-0.38112724010180754,0.410284830166764,-0.5929080887450618,-0.4731251612339579,0.07251766455931573,-0.5180807052879165,-0.4855216355921296,-0.5508544946516076
10663,-1.1770710639893383,-1.5681864291091574,0.14431693449478036,0.410284830166764,0.4541333623431382,0.2429283581329067,0.022260001062529882,-1.5610935303310742,-1.5186843308206464,-1.4861062962471148
10664,0.21531387578511957,-1.5681864291091574,0.14431693449478036,0.410284830166764,1.0125554695901813,0.2429283581329067,0.2392817297986506,0.3377246896192897,0.3725287384112155,0.4835906798403931
10665,0.38408780787899316,0.8817216424333439,1.1952052836879563,-0.8310638202256104,-0.03448598149801883,-0.6521385410756733,0.23747542899644053,0.5605906778763746,0.5826635238814225,0.5544430890521743
10666,0.4473780324141958,-1.5681864291091574,-0.9065714146983955,-1.2448467036897353,0.7333444159666572,1.1379952573414867,0.3098337140732083,0.5605906778763746,0.6001747560039394,0.6678069437910232
10667,-1.0293938734071988,0.8817216424333439,-1.4320155892949833,0.410284830166764,-0.5231053253391809,-0.6521385410756733,0.036126016044201244,-1.2045079491197386,-1.1597040723090428,-1.2168671412423475
10668,1.7553760061417165,0.8817216424333439,1.1952052836879563,0.8240677136308887,-0.03448598149801883,-1.0996719906799632,0.8339265791850395,1.6303474215103817,1.6333374512324563,1.6172292272288868
10669,-1.0082971318954645,0.8817216424333439,1.1952052836879563,1.2378505970950135,-1.0117246691803428,0.2429283581329067,0.04138553896828348,-1.1510201119380377,-1.0984147598802323,-1.2026966593999917
10670,-0.1855242129378305,0.06508561858584352,-0.9065714146983955,0.410284830166764,-0.9419219057744619,2.033062156550067,0.15183552037401052,0.007883026998803893,-0.012718368284164113,-0.11156955753856616
10671,-1.050490614918933,0.8817216424333439,1.1952052836879563,1.2378505970950135,0.1051195453137382,-0.2046050914713833,0.04058864155554375,-1.293654344422572,-1.2472602329216296,-1.24520810492706
10672,-0.5863623016607803,0.8817216424333439,-1.4320155892949833,0.410284830166764,-0.31369703512154284,-1.0996719906799632,0.0909525580406949,-0.4913367866970668,-0.4680104034696119,-0.5083430491245388
10673,-0.14333072991436205,-1.5681864291091574,0.14431693449478036,0.410284830166764,0.5239361257490193,-0.2046050914713833,0.15167614089146259,-0.02777553112232973,0.013548479899611962,0.058476224569708087
10674,1.7553760061417165,0.06508561858584352,0.6697611090913683,0.410284830166764,-0.5231053253391809,1.1379952573414867,0.5567125325399777,1.6838352586920826,1.6245818351711978,1.560547299859462
10675,2.5359554420758825,0.06508561858584352,-0.38112724010180754,-0.8310638202256104,-0.7325136155568189,1.1379952573414867,0.820857461616108,2.1206525956759683,2.044851406111612,1.9431503096030796
10676,-0.9661036488719961,-1.5681864291091574,-1.4320155892949833,-1.2448467036897353,1.1521609964019384,-1.0996719906799632,0.0379323168464113,-1.1331908328774714,-1.1334372241252668,-1.0184803954493615
10677,-0.33320140351996985,0.8817216424333439,1.1952052836879563,1.2378505970950135,0.1051195453137382,-0.6521385410756733,0.14694788290920682,-0.17932440313714743,-0.15280822526430216,-0.1540810030656344
10678,0.5106682569493985,1.6983576662808442,0.14431693449478036,-1.2448467036897353,3.5952577156077434,2.033062156550067,0.23391595388620304,0.4357857244524066,0.36377312234995707,0.8520232077416533
10679,-1.050490614918933,0.8817216424333439,-1.4320155892949833,0.410284830166764,0.1749223087196192,-1.0996719906799632,0.03495723317218297,-1.3025689839528563,-1.2472602329216296,-1.24520810492706
10680,-1.050490614918933,0.8817216424333439,-0.38112724010180754,1.6516334805591384,-0.31369703512154284,-0.2046050914713833,0.04122615948573553,-1.2490811467711553,-1.2472602329216296,-1.2593785867694165
10681,-0.20662095444956474,-0.751550405261657,1.1952052836879563,1.2378505970950135,-2.268174410486181,2.033062156550067,0.17956755033735325,0.06137086418050393,0.07483779232842254,-0.1965924485927033
10682,-1.050490614918933,0.06508561858584352,-1.4320155892949833,0.410284830166764,-0.03448598149801883,1.5855287069457766,0.04483876109015566,-1.2669104258317225,-1.273527081105405,-1.2593785867694165
10683,1.4178281419539693,0.06508561858584352,1.7206494582845442,-0.8310638202256104,-1.221132959397981,0.2429283581329067,0.330606173298624,1.4520546309047144,1.3794245854559561,1.2204557356429149
10684,-0.5652655601490462,0.8817216424333439,1.1952052836879563,1.6516334805591384,-0.9419219057744619,-0.6521385410756733,0.10896243956861287,-0.39327575186394914,-0.43298793922457746,-0.5083430491245388
10685,0.23641061729685378,-1.5681864291091574,-1.4320155892949833,0.8240677136308887,0.1051195453137382,0.6904618077371967,0.2793922329065505,0.3912125268009897,0.43381805084002606,0.4269087524709683
10686,-0.8184264582898567,0.8817216424333439,-1.4320155892949833,1.2378505970950135,-0.5929080887450618,-1.0996719906799632,0.07262391754768102,-0.8300930888478358,-0.791968197736181,-0.8626050951834432
10687,0.8904096041606141,0.8817216424333439,0.6697611090913683,-1.2448467036897353,-1.081527432586219,0.2429283581329067,0.3085055517186421,1.095469049693378,1.0204443269443535,0.8945346532687222
10688,1.9452466797473245,0.8817216424333439,-1.4320155892949833,-0.0034980532973608127,0.3145278355313812,-1.0996719906799632,0.4144929076130266,1.7551523749343498,1.6946267636612669,1.7589340456524494
10689,-0.7129427507311856,0.8817216424333439,-0.38112724010180754,-1.2448467036897353,-0.4533025619332999,-1.0996719906799632,0.06003293842639324,-0.6785442168330181,-0.6343671086335261,-0.6925593130751695
10690,-0.8817166828250593,-1.5681864291091574,-0.38112724010180754,0.410284830166764,0.8729499427784192,-0.6521385410756733,0.03718854592785422,-1.0351297980443537,-0.9845917510838703,-0.9192870225528679
10691,-0.08004050537915937,0.8817216424333439,0.14431693449478036,-0.8310638202256104,-1.0117246691803428,1.1379952573414867,0.1394039207352707,0.11485870136220476,0.13612710475723236,0.0017942972002833347
10692,1.903053196723856,0.06508561858584352,1.7206494582845442,0.410284830166764,0.7333444159666572,0.6904618077371967,0.5280242256813473,1.6660059796315154,1.5895593709261633,1.7305930819677364
10693,0.4262812909024616,-1.5681864291091574,-0.9065714146983955,0.410284830166764,1.1521609964019384,0.6904618077371967,0.2746108484301121,0.5516760383460907,0.49510736326883587,0.6678069437910232
10694,-0.5652655601490462,0.8817216424333439,-0.9065714146983955,0.410284830166764,-1.081527432586219,-1.0996719906799632,0.0855336556340647,-0.4200196704547996,-0.38045424285702606,-0.5083430491245388
10695,-1.0082971318954645,0.8817216424333439,-1.4320155892949833,-0.8310638202256104,-0.10428874490389983,-0.6521385410756733,0.022685013015991073,-1.1866786700591714,-1.142192840186526,-1.1601852138729227
10696,0.21531387578511957,-1.5681864291091574,0.14431693449478036,-0.8310638202256104,0.5937388891549003,-0.6521385410756733,0.17893003240716146,0.3555539686798561,0.3812843544724739,0.44107923431332485
10697,0.21531387578511957,0.8817216424333439,0.6697611090913683,-1.2448467036897353,-0.6627108521509428,-0.2046050914713833,0.17574244275620252,0.4357857244524066,0.45132928296254293,0.3560563432591877
10698,2.662535891146288,0.8817216424333439,0.6697611090913683,0.410284830166764,0.3145278355313812,-1.0996719906799632,0.9976624342559635,2.1563111537971027,2.1499187988467146,2.1840485009231343
10699,0.8271193796254115,0.8817216424333439,-1.4320155892949833,-0.8310638202256104,-1.081527432586219,-0.2046050914713833,0.3037241672422037,0.9884933753299773,0.9941774787605774,0.8378527258992975
10700,0.21531387578511957,1.6983576662808442,-0.38112724010180754,0.8240677136308887,2.897230081548943,1.1379952573414867,0.1859427296392711,0.23074901525588884,0.19741641718604294,0.5686135708945302
10701,-0.1855242129378305,0.8817216424333439,-0.9065714146983955,-0.8310638202256104,0.38433059893725724,-0.6521385410756733,0.12835360994527972,-0.045604810182896936,-0.012718368284164113,0.015964779042639207
10702,0.9115063456723483,0.06508561858584352,1.7206494582845442,1.6516334805591384,-0.38349979852741883,-0.2046050914713833,0.3064336184455188,1.0598104915722446,0.985421862699319,0.9653870624805029
10703,-0.6285557846842488,-1.5681864291091574,-0.9065714146983955,0.410284830166764,-0.6627108521509428,-0.6521385410756733,0.09339637677309674,-0.5269953448182004,-0.5030328677146465,-0.57919545833632
10704,-0.3542981450317041,0.06508561858584352,-1.4320155892949833,-0.4172809367614856,-1.0117246691803428,2.033062156550067,0.15295117675184614,-0.161495124076581,-0.17907507344807744,-0.28161533964684043
10705,0.46847477392593007,0.06508561858584352,0.14431693449478036,0.8240677136308887,-0.8721191423685809,-0.6521385410756733,0.38235137863252405,0.7834566661334595,0.6877309166165253,0.6111250164215991
10706,-0.9872003903837303,0.06508561858584352,1.1952052836879563,1.2378505970950135,-0.9419219057744619,0.6904618077371967,0.05918291451947086,-1.124276193347188,-1.1334372241252668,-1.2026966593999917
10707,-0.8184264582898567,0.06508561858584352,1.1952052836879563,-1.2448467036897353,-0.24389427171566183,1.1379952573414867,0.049035754130584926,-0.8122638097872686,-0.8620131262262499,-0.8484346133410873
10708,-0.7762329752663882,-1.5681864291091574,0.6697611090913683,-0.4172809367614856,-0.5231053253391809,-0.6521385410756733,0.05302024119428359,-0.7409466935450014,-0.704412037123595,-0.7634117222869502
10709,0.46847477392593007,-1.5681864291091574,1.1952052836879563,1.6516334805591384,-0.31369703512154284,0.6904618077371967,0.3873983955798757,0.6497370731792083,0.6964865326777845,0.6252954982639549
10710,1.5022151080009063,0.8817216424333439,0.14431693449478036,-1.2448467036897353,0.5239361257490193,-0.2046050914713833,0.5680816022950645,1.3718228751321633,1.3881802015172156,1.4471834451206125
10711,-1.0293938734071988,0.06508561858584352,-0.38112724010180754,1.2378505970950135,0.24472507212550018,0.2429283581329067,0.03756043138713276,-1.2490811467711553,-1.2034821526153359,-1.1885261775576352
10712,-0.5863623016607803,0.8817216424333439,-1.4320155892949833,0.410284830166764,-0.9419219057744619,-0.2046050914713833,0.08999628114540721,-0.4556782285759332,-0.49427725165338804,-0.5650249764939635
10713,4.666726334761037,0.06508561858584352,1.1952052836879563,-0.8310638202256104,-1.360738486209743,0.2429283581329067,0.7554587472772671,3.3062996532036606,3.1830814940752314,2.949254520410368
10714,1.5444085910243748,0.8817216424333439,-0.38112724010180754,-1.2448467036897353,0.1051195453137382,0.2429283581329067,0.4403655102799766,1.4698839099652807,1.4757363621298014,1.4755244088053256
10715,-1.050490614918933,-1.5681864291091574,0.14431693449478036,-1.2448467036897353,1.2219637598078192,-0.2046050914713833,0.03405408277107794,-1.3114836234831393,-1.3348163935342154,-1.2026966593999917
10716,0.32079758334379044,0.06508561858584352,1.1952052836879563,-1.2448467036897353,-2.617188227515581,2.033062156550067,0.23513786325240396,0.6586517127094915,0.6001747560039394,0.28520393404740707
10717,-0.9450069073602619,0.8817216424333439,1.1952052836879563,1.2378505970950135,-0.5231053253391809,-0.6521385410756733,0.047123200340009566,-1.0440444375746376,-1.002102983206388,-1.0609918409764298
10718,-0.5652655601490462,0.8817216424333439,-1.4320155892949833,-1.2448467036897353,-0.24389427171566183,-0.6521385410756733,0.08308983690166286,-0.4735075076364996,-0.4154767071020606,-0.46583160359747056
10719,-0.7973297167781225,0.06508561858584352,1.1952052836879563,0.8240677136308887,-0.8721191423685809,0.6904618077371967,0.0522764702757265,-0.8033491702569854,-0.8269906619812155,-0.8909460588681556
10720,-0.8184264582898567,0.06508561858584352,-1.4320155892949833,0.8240677136308887,-1.2909357228038618,0.2429283581329067,0.05732348722307815,-0.8033491702569854,-0.7481901174298881,-0.8909460588681556
10721,-1.050490614918933,0.8817216424333439,1.1952052836879563,0.410284830166764,0.5239361257490193,-1.9947388898885432,0.035860383573287996,-1.2758250653620058,-1.282282697166664,-1.2168671412423475
10722,0.6583454475315381,0.8817216424333439,1.7206494582845442,0.8240677136308887,-0.31369703512154284,-1.0996719906799632,0.2662699888434362,0.8191152242545933,0.8891100860254739,0.8095117622145858
10723,-0.8395231998015908,-0.751550405261657,1.1952052836879563,0.8240677136308887,1.1521609964019384,-0.6521385410756733,0.04159804494501408,-0.9370687632112367,-0.888279974410026,-0.7917526859716626
10724,-1.0293938734071988,-1.5681864291091574,1.1952052836879563,-1.2448467036897353,0.8729499427784192,0.2429283581329067,0.024544440312383786,-1.2758250653620058,-1.2209933847378536,-1.1601852138729227
10725,-0.1644274714260963,0.8817216424333439,1.7206494582845442,-1.2448467036897353,0.38433059893725724,-1.0996719906799632,0.1144344684694257,-0.0010316125314793153,0.022304095960870397,0.058476224569708087
10726,0.5106682569493985,0.06508561858584352,0.6697611090913683,-0.8310638202256104,-0.31369703512154284,0.6904618077371967,0.21999681241034905,0.685395631300342,0.6351972202489738,0.6111250164215991
10727,-0.6285557846842488,-1.5681864291091574,1.1952052836879563,-1.2448467036897353,0.4541333623431382,-2.4422723394928334,0.061254847792594165,-0.562653902939334,-0.5117884837759049,-0.4800020854398264
10728,-0.9661036488719961,0.8817216424333439,0.14431693449478036,-1.2448467036897353,0.8729499427784192,-1.5472054402842532,0.03862296127078574,-1.0975322747563376,-1.0984147598802323,-1.004309913607005
10729,2.5570521835876163,0.06508561858584352,0.6697611090913683,-1.2448467036897353,-0.8721191423685809,0.2429283581329067,0.6815597938692026,2.200884351448519,2.0360957900503536,1.9573207914454354
10730,-0.1855242129378305,0.8817216424333439,0.6697611090913683,-1.2448467036897353,0.3145278355313812,-1.0996719906799632,0.12622855017797374,-0.02777553112232973,0.013548479899611962,0.03013526088499571
10731,-0.5230720771255777,0.8817216424333439,-1.4320155892949833,-1.2448467036897353,-0.03448598149801883,-1.5472054402842532,0.08898687775593689,-0.4200196704547996,-0.4067210910408021,-0.40914967622804577
10732,0.23641061729685378,-0.751550405261657,-0.38112724010180754,-1.2448467036897353,-2.477582700703819,0.6904618077371967,0.20480263507411145,0.5605906778763746,0.5826635238814225,0.2426924885203382
10733,-0.8184264582898567,0.06508561858584352,1.1952052836879563,0.8240677136308887,-0.03448598149801883,-0.2046050914713833,0.05105456090952558,-0.8479223679084023,-0.8620131262262499,-0.8484346133410873
10734,-0.1011372468908936,-1.5681864291091574,-1.4320155892949833,-1.2448467036897353,0.4541333623431382,-0.2046050914713833,0.13371938585772725,0.05245622465022072,0.10110464051219785,0.1293286337814887
10735,-0.20662095444956474,0.8817216424333439,0.14431693449478036,0.410284830166764,0.7333444159666572,-0.6521385410756733,0.13669446953195558,-0.02777553112232973,-0.056496448590457056,0.044305742727351584
10736,-1.050490614918933,0.8817216424333439,-0.38112724010180754,-0.4172809367614856,0.38433059893725724,-1.5472054402842532,0.04058864155554375,-1.240166507240872,-1.2034821526153359,-1.1743556957152792
10737,0.5106682569493985,0.8817216424333439,-1.4320155892949833,-1.2448467036897353,0.1749223087196192,-0.2046050914713833,0.24507251766455931,0.685395631300342,0.6439528363102324,0.681977425633379
10738,-0.3542981450317041,0.8817216424333439,-1.4320155892949833,0.8240677136308887,-0.17409150830978082,-0.6521385410756733,0.13297561493917015,-0.20606832172799786,-0.17907507344807744,-0.21076293043505917
10739,-0.8184264582898567,-0.751550405261657,1.7206494582845442,-0.4172809367614856,1.2917665232137003,-1.5472054402842532,0.04393561068905063,-0.9014102050901031,-0.8620131262262499,-0.7492412404445943
10740,-1.050490614918933,0.8817216424333439,0.6697611090913683,1.2378505970950135,0.3145278355313812,-1.5472054402842532,0.028263294905169208,-1.2847397048922888,-1.212237768676595,-1.2168671412423475
10741,-1.050490614918933,0.8817216424333439,-0.9065714146983955,-1.2448467036897353,0.1051195453137382,-0.2046050914713833,0.027838282951708017,-1.293654344422572,-1.2385046168603704,-1.24520810492706
10742,0.5528617399728669,0.06508561858584352,-1.4320155892949833,-1.2448467036897353,-1.779555066645019,1.1379952573414867,0.21664984327684217,0.8102005847243092,0.7577758451065942,0.5402726072098178
10743,0.4262812909024616,-1.5681864291091574,0.14431693449478036,-0.8310638202256104,1.0125554695901813,0.6904618077371967,0.20182755139988312,0.5160174802249571,0.45132928296254293,0.6111250164215991
10744,-0.20662095444956474,-1.5681864291091574,0.14431693449478036,0.410284830166764,1.1521609964019384,-0.6521385410756733,0.13042554321840302,-0.03669017065261294,-0.09151891283549156,0.07264670641206396
10745,-0.6285557846842488,-1.5681864291091574,-0.9065714146983955,-1.2448467036897353,0.7333444159666572,1.5855287069457766,0.0741114593847952,-0.6161417401210341,-0.5730777962047154,-0.5083430491245388
10746,0.8482161211371456,0.8817216424333439,-0.38112724010180754,0.410284830166764,0.3145278355313812,-1.0996719906799632,0.3695478935345057,0.91717625908771,0.9766662466380598,0.97955754432286
10747,-0.9872003903837303,0.8817216424333439,-1.4320155892949833,0.410284830166764,0.1051195453137382,-0.6521385410756733,0.049301386601498166,-1.1331908328774714,-1.142192840186526,-1.1176737683458546
10748,0.4473780324141958,-1.5681864291091574,0.14431693449478036,-1.2448467036897353,-0.8023163789626999,1.1379952573414867,0.3051054560909526,0.5695053174066579,0.6089303720651978,0.4835906798403931
10749,-0.41758836956690676,0.06508561858584352,-0.38112724010180754,-1.2448467036897353,-1.988963356862662,1.5855287069457766,0.07124262869893215,-0.17040976360686422,-0.20534192163185352,-0.40914967622804577
10750,-0.9872003903837303,-1.5681864291091574,0.14431693449478036,-0.4172809367614856,-2.128568883674419,-1.0996719906799632,0.047654465281836055,-1.0440444375746376,-0.9933473671451296,-1.2026966593999917
10751,0.48957151543766425,-1.5681864291091574,-0.9065714146983955,-1.2448467036897353,-0.38349979852741883,-1.5472054402842532,0.3159963873983956,0.7121395498911923,0.7665314611678535,0.681977425633379
10752,-0.5652655601490462,-0.751550405261657,-1.4320155892949833,1.6516334805591384,1.1521609964019384,1.5855287069457766,0.13717260797959943,-0.5537392634090501,-0.4855216355921296,-0.3949791943856899
10753,2.7891163402166934,0.06508561858584352,0.6697611090913683,0.410284830166764,-0.17409150830978082,0.2429283581329067,0.9166445306274239,2.2900307467513543,2.2112081112755253,2.19821898276549
10754,0.5528617399728669,-0.751550405261657,-1.4320155892949833,-0.8310638202256104,1.5011748134313383,1.1379952573414867,0.22955958136322585,0.6408224336489251,0.5914191399426809,0.8095117622145858
10755,-0.5863623016607803,-1.5681864291091574,-0.9065714146983955,0.410284830166764,-0.8023163789626999,-0.6521385410756733,0.09679647240078627,-0.4556782285759332,-0.424232323163319,-0.5225135309668953
10756,-1.0082971318954645,0.8817216424333439,-1.4320155892949833,1.2378505970950135,-0.17409150830978082,-0.6521385410756733,0.06056420336821973,-1.1599347514683216,-1.1246816080640083,-1.146014732030567
10757,2.7047293741697565,-0.751550405261657,0.6697611090913683,-0.8310638202256104,1.4313720500254572,0.2429283581329067,0.7482335440684269,2.111737956145685,2.001073325805318,2.269071391977271
10758,-1.0293938734071988,0.8817216424333439,-0.38112724010180754,0.8240677136308887,0.5937388891549003,-1.0996719906799632,0.028900812835360994,-1.2669104258317225,-1.212237768676595,-1.1743556957152792
10759,-0.9661036488719961,0.8817216424333439,-1.4320155892949833,-1.2448467036897353,-0.5231053253391809,-0.2046050914713833,0.031663390532858736,-1.115361553816904,-1.072147911696457,-1.1318442501882104
10760,-1.1137808394541355,0.8817216424333439,-1.4320155892949833,0.410284830166764,-0.5231053253391809,-1.0996719906799632,0.03065398714338841,-1.3828007397254065,-1.343572009595474,-1.3869129233506219
10761,0.5317649984611327,-1.5681864291091574,-1.4320155892949833,0.8240677136308887,0.9427527061843003,0.6904618077371967,0.423365032141529,0.6764809917700587,0.6264416041877154,0.7670003166875169
10762,-0.5652655601490462,0.8817216424333439,-1.4320155892949833,0.410284830166764,0.24472507212550018,-0.6521385410756733,0.09631833395314243,-0.4735075076364996,-0.49427725165338804,-0.451661121755114
10763,0.4473780324141958,-1.5681864291091574,1.1952052836879563,0.410284830166764,0.4541333623431382,0.2429283581329067,0.31976836848536366,0.6140785150580746,0.5826635238814225,0.6536364619486673
10764,-1.1348775809658698,0.8817216424333439,1.1952052836879563,-0.4172809367614856,0.5239361257490193,-0.2046050914713833,0.03214152898050258,-1.4897764140888075,-1.4311281702080605,-1.4010834051929784
10765,-0.8395231998015908,-1.5681864291091574,-1.4320155892949833,0.410284830166764,0.3145278355313812,-0.6521385410756733,0.048451362694575784,-0.9014102050901031,-0.8707687422875084,-0.8484346133410873
10766,-0.438685111078641,-1.5681864291091574,0.14431693449478036,1.6516334805591384,1.2219637598078192,0.6904618077371967,0.12229718960845774,-0.40219039139423235,-0.38045424285702606,-0.25327437596212804
10767,0.48957151543766425,0.06508561858584352,-0.38112724010180754,0.8240677136308887,0.1749223087196192,0.6904618077371967,0.2934176273707698,0.6408224336489251,0.6527084523714916,0.6678069437910232
10768,0.257507358808588,0.06508561858584352,-0.9065714146983955,-0.0034980532973608127,0.8729499427784192,0.2429283581329067,0.1433352813047867,0.40012716633127293,0.3462618902274394,0.4835906798403931
10769,-0.8817166828250593,0.8817216424333439,-0.9065714146983955,1.2378505970950135,-1.0117246691803428,-0.6521385410756733,0.10173723635977262,-0.8835809260295359,-0.888279974410026,-0.9759689499222927
10770,-0.8395231998015908,0.06508561858584352,1.1952052836879563,-1.2448467036897353,0.1749223087196192,0.6904618077371967,0.03729479891621952,-0.9192394841506695,-0.888279974410026,-0.8767755770257997
10771,-0.4808785941021094,0.8817216424333439,-1.4320155892949833,0.8240677136308887,0.8031471793725382,-0.2046050914713833,0.10529671147001009,-0.39327575186394914,-0.4067210910408021,-0.3099563033315528
10772,-0.9450069073602619,0.8817216424333439,-0.9065714146983955,-1.2448467036897353,-0.10428874490389983,-0.2046050914713833,0.04393561068905063,-1.0529590771049209,-1.045881063512681,-1.0468213591340738
10773,0.46847477392593007,0.8817216424333439,0.14431693449478036,0.410284830166764,0.6635416525607812,-1.5472054402842532,0.3504754821229347,0.685395631300342,0.6001747560039394,0.7244888711604479
10774,0.7638291550902088,0.06508561858584352,0.6697611090913683,-1.2448467036897353,-1.221132959397981,0.2429283581329067,0.25883227965786537,0.970664096269411,0.9153769342092499,0.7670003166875169
10775,-0.9239101658485277,0.8817216424333439,-0.9065714146983955,-1.2448467036897353,-1.5701467764273809,-0.6521385410756733,0.0452106465494342,-0.9370687632112367,-0.9670805189613535,-1.0893328046611421
10776,0.38408780787899316,0.06508561858584352,-0.38112724010180754,0.410284830166764,-1.2909357228038618,1.1379952573414867,0.2456037826063858,0.6408224336489251,0.5651522917589049,0.4269087524709683
10777,-0.5441688186373119,0.8817216424333439,1.1952052836879563,0.8240677136308887,-0.03448598149801883,-0.2046050914713833,0.09169632895925198,-0.4467635890456492,-0.424232323163319,-0.43749063991275816
10778,-0.45978185259037524,0.8817216424333439,0.14431693449478036,-1.2448467036897353,-1.2909357228038618,-0.6521385410756733,0.0766084046113797,-0.2863000775005483,-0.23160876981562958,-0.3949791943856899
10779,-0.8184264582898567,0.06508561858584352,-1.4320155892949833,0.8240677136308887,-0.7325136155568189,0.6904618077371967,0.05472028900812835,-0.8390077283781191,-0.8445018941037331,-0.9051165407105121
10780,-1.0293938734071988,0.8817216424333439,-1.4320155892949833,-1.2448467036897353,-0.8023163789626999,-0.6521385410756733,0.03161026403867609,-1.1955933095894553,-1.1509484562477845,-1.231037623084704
10781,2.578148925099351,0.06508561858584352,-0.38112724010180754,-1.2448467036897353,0.24472507212550018,1.5855287069457766,0.9023535036922914,2.0760793980245524,1.9748064776215428,2.042343682499573
10782,-0.5863623016607803,0.06508561858584352,1.1952052836879563,-0.8310638202256104,-2.337977173892062,2.033062156550067,0.057164107740530205,-0.35761719374281553,-0.39796547497954293,-0.6217069038633883
10783,0.9326030871840826,0.8817216424333439,-0.9065714146983955,-1.2448467036897353,-0.9419219057744619,-0.2046050914713833,0.44929076130266166,1.086554410163095,1.1255117196794562,0.9653870624805029
10784,-0.7762329752663882,0.8817216424333439,0.14431693449478036,0.410284830166764,-0.4533025619332999,-0.6521385410756733,0.04807947723529724,-0.7587759726055686,-0.7219232692461119,-0.777582204129306
10785,1.0169900532310194,0.8817216424333439,-0.38112724010180754,-1.2448467036897353,0.035316781907857205,-0.2046050914713833,0.3776762471444509,1.1489568868750781,1.0817336393731634,1.1070918809040653
10786,-1.0082971318954645,0.8817216424333439,0.6697611090913683,0.8240677136308887,0.38433059893725724,-0.6521385410756733,0.025022578760027624,-1.2134225886500216,-1.1684596883703013,-1.146014732030567
10787,-1.0293938734071988,0.8817216424333439,1.1952052836879563,-0.4172809367614856,-0.10428874490389983,-1.0996719906799632,0.04733570631674016,-1.2312518677105888,-1.185970920492819,-1.2026966593999917
